#ZVView-data-copy:  30-Jul-2024 17:06:32
#=======================================
#
#name:   ENDF/B-VIII.0: GE-74(N,EL)GE-74-L0
#X.axis: Incident Energy
#Y.axis: Cross Section
#wdata:  2
#ldata:  1455
#data...
#            X            Y
#          MeV        barns
         1e-11      47.9897 
   1.10304e-11      45.7382 
    1.2209e-11       43.523 
    1.3467e-11      41.4898 
   1.48546e-11      39.5564 
   1.63852e-11       37.718 
   1.80735e-11      35.9703 
   1.99357e-11       34.309 
   2.19899e-11      32.7301 
   2.42556e-11      31.2299 
   2.67548e-11      29.8047 
   2.97198e-11      28.3567 
   3.30116e-11      26.9875 
   3.66699e-11       25.692 
   4.07316e-11      24.4678 
   4.52454e-11      23.3104 
   5.02569e-11      22.2175 
   5.58263e-11      21.1852 
   6.20098e-11      20.2116 
   6.88816e-11      19.2928 
   7.65111e-11      18.4272 
   8.49899e-11      17.6116 
   9.44037e-11      16.8442 
   1.04866e-10      16.1223 
   1.16481e-10      15.4443 
   1.29389e-10      14.8076 
   1.44735e-10      14.1724 
     1.619e-10      13.5801 
   1.81101e-10      13.0287 
   2.02579e-10      12.5162 
   2.26605e-10      12.0406 
   2.55255e-10      11.5737 
   2.87542e-10       11.144 
   3.23897e-10      10.7499 
   3.67422e-10      10.3689 
   4.16797e-10      10.0229 
   4.72806e-10      9.70963 
   5.40125e-10      9.41206 
   6.21352e-10      9.13284 
   7.19799e-10      8.87403 
   8.39728e-10      8.63702 
    9.8655e-10      8.42266 
    1.16716e-9      8.23119 
    1.40032e-9      8.05597 
    1.70375e-9      7.89916 
    2.11691e-9      7.75766 
    2.68618e-9       7.6339 
    3.53012e-9      7.52386 
    4.83811e-9      7.42917 
    7.01326e-9       7.3499 
    1.10573e-8      7.28541 
    1.97769e-8      7.23609 
    2.52855e-8      7.22245 
       2.53e-8      7.22243 
    6.65176e-8      7.19203 
    4.63044e-7        7.175 
   0.000121372      6.85833 
   0.000271629      6.52201 
   0.000443534      6.19163 
   0.000643297      5.86062 
   0.000885708       5.5104 
    0.00121085      5.09276 
    0.00171294      4.47317 
    0.00191444      4.19843 
    0.00205928      3.97496 
     0.0021716      3.77538 
    0.00225896      3.59622 
    0.00233384      3.41734 
    0.00239208      3.25587 
      0.002442      3.09547 
     0.0024836       2.9411 
    0.00251688      2.79985 
    0.00254184      2.68084 
     0.0025668      2.54797 
    0.00259176      2.39815 
     0.0026084      2.28688 
    0.00262504      2.16475 
    0.00264168      2.02994 
    0.00265416      1.91932 
    0.00266664      1.79909 
    0.00267912       1.6681 
    0.00268848      1.56195 
    0.00269784      1.44831 
     0.0027072      1.32652 
    0.00271656      1.19593 
    0.00272592      1.05597 
    0.00273372     0.932007 
    0.00274152      0.80146 
    0.00274932     0.665002 
    0.00275842     0.500087 
    0.00276752     0.333993 
    0.00277142     0.264759 
    0.00277415     0.217935 
     0.0027761     0.185656 
    0.00277792     0.156646 
    0.00277948     0.132873 
    0.00278078      0.11396 
    0.00278182    0.0994897 
    0.00278279    0.0865214 
    0.00278357    0.0766067 
    0.00278442    0.0663684 
    0.00278507    0.0588744 
    0.00278572    0.0517347 
    0.00278635    0.0451352 
    0.00278692    0.0395349 
    0.00278738     0.035286 
    0.00278783    0.0312528 
    0.00278822    0.0279745 
    0.00278863    0.0247421 
    0.00278895    0.0222951 
    0.00278928    0.0199757 
    0.00278962    0.0176817 
    0.00278988     0.016034 
    0.00279014    0.0144751 
     0.0027904    0.0130073 
    0.00279059    0.0119674 
    0.00279079     0.010981 
    0.00279099    0.0100488 
    0.00279118   0.00917213 
    0.00279134   0.00848447 
    0.00279151   0.00783657 
    0.00279167   0.00722898 
    0.00279183   0.00666235 
    0.00279198   0.00618785 
    0.00279212   0.00574748 
    0.00279227   0.00534167 
    0.00279241   0.00497093 
    0.00279256   0.00463567 
    0.00279267   0.00440782 
    0.00279278   0.00420044 
    0.00279289   0.00401371 
      0.002793   0.00384786 
    0.00279312   0.00368829 
    0.00279324   0.00355505 
    0.00279337   0.00344842 
    0.00279349   0.00336872 
    0.00279361   0.00331622 
    0.00279371   0.00329403 
    0.00279376   0.00328928 
    0.00279388   0.00329806 
    0.00279398   0.00332743 
    0.00279408   0.00337738 
    0.00279419    0.0034481 
    0.00279429   0.00353979 
     0.0027944   0.00365265 
     0.0027945    0.0037926 
    0.00279461   0.00395918 
    0.00279472   0.00415018 
    0.00279483   0.00436592 
    0.00279494   0.00460657 
    0.00279502   0.00478098 
    0.00279514   0.00511898 
    0.00279527   0.00549302 
     0.0027954   0.00590358 
    0.00279553   0.00635106 
    0.00279568   0.00689924 
    0.00279583   0.00749534 
    0.00279597   0.00814009 
    0.00279612   0.00883406 
    0.00279628   0.00966385 
    0.00279645    0.0105562 
    0.00279661    0.0115121 
    0.00279677    0.0125325 
    0.00279697    0.0138435 
    0.00279716    0.0152505 
    0.00279735    0.0167553 
    0.00279755    0.0183596 
    0.00279778    0.0203596 
    0.00279801    0.0225004 
    0.00279823    0.0247852 
    0.00279846    0.0272168 
    0.00279872    0.0301799 
    0.00279898    0.0333438 
    0.00279924    0.0367134 
     0.0027995    0.0402938 
    0.00279974    0.0438469 
    0.00280007    0.0488871 
    0.00280039    0.0542835 
    0.00280072    0.0600471 
      0.002801    0.0652435 
    0.00280129    0.0710521 
    0.00280168    0.0793019 
    0.00280207     0.088149 
    0.00280248    0.0982694 
    0.00280285       0.1079 
    0.00280322     0.118133 
     0.0028036     0.128991 
    0.00280397     0.140495 
    0.00280434      0.15267 
    0.00280473     0.166237 
    0.00280512     0.180603 
    0.00280564     0.201055 
    0.00280616     0.223059 
    0.00280657     0.241836 
    0.00280704     0.264265 
    0.00280751     0.288139 
    0.00280798     0.313529 
    0.00280844     0.340505 
    0.00280891     0.369146 
    0.00280938     0.399532 
       0.00281     0.442909 
    0.00281063     0.489755 
    0.00281125     0.540301 
    0.00281177     0.585429 
    0.00281232     0.635933 
    0.00281286     0.689818 
    0.00281341      0.74729 
    0.00281396     0.808563 
    0.00281453     0.877084 
    0.00281515      0.95722 
    0.00281578      1.04336 
     0.0028164      1.13595 
    0.00281702      1.23544 
    0.00281765      1.34235 
    0.00281827      1.45724 
     0.0028189      1.58069 
    0.00281952      1.71337 
    0.00282014      1.85598 
    0.00282077       2.0093 
    0.00282139      2.17418 
    0.00282202      2.35154 
    0.00282264       2.5424 
    0.00282326      2.74789 
    0.00282389       2.9692 
    0.00282451      3.20769 
    0.00282514      3.46484 
    0.00282576      3.74229 
    0.00282638      4.04182 
    0.00282701      4.36545 
    0.00282763      4.71538 
    0.00282826      5.09409 
    0.00282888      5.50428 
     0.0028295      5.94903 
    0.00283013      6.43172 
    0.00283075       6.9562 
    0.00283138      7.52673 
      0.002832      8.14813 
    0.00283262      8.82582 
    0.00283325      9.56597 
    0.00283387      10.3755 
     0.0028345      11.2623 
    0.00283512      12.2354 
    0.00283574      13.3051 
    0.00283637      14.4831 
    0.00283699       15.783 
    0.00283762      17.2204 
    0.00283816       18.605 
    0.00283871      20.1227 
    0.00283925      21.7894 
     0.0028398      23.6235 
    0.00284035      25.6463 
    0.00284078      27.3946 
    0.00284128      29.6009 
    0.00284178       32.028 
    0.00284228      34.7038 
    0.00284273      37.4027 
    0.00284315      40.0851 
    0.00284356      43.0107 
    0.00284398      46.2073 
     0.0028444      49.7066 
    0.00284481      53.5446 
    0.00284523      57.7629 
    0.00284564      62.4087 
    0.00284606      67.5366 
    0.00284637      71.7363 
    0.00284668      76.2721 
      0.002847      81.1777 
    0.00284731      86.4899 
    0.00284762      92.2504 
    0.00284793      98.5054 
    0.00284824      105.306 
    0.00284856      112.711 
    0.00284887      120.783 
    0.00284918      129.592 
    0.00284949       139.22 
     0.0028498       149.75 
    0.00285012       161.28 
    0.00285043      173.911 
    0.00285074      187.757 
    0.00285105      202.936 
    0.00285136      219.573 
    0.00285168      237.795 
    0.00285199       257.73 
     0.0028523      279.498 
    0.00285261      303.205 
    0.00285292      328.934 
    0.00285324      356.733 
    0.00285355        386.6 
    0.00285386       418.47 
    0.00285428       463.81 
     0.0028548      524.138 
    0.00285584      648.419 
    0.00285625      694.927 
    0.00285656      726.763 
    0.00285688      755.023 
    0.00285719      778.894 
     0.0028575      797.666 
    0.00285784      811.772 
     0.0028581      817.607 
    0.00285834      819.197 
    0.00285859      816.995 
    0.00285885      810.721 
    0.00285911      800.588 
    0.00285945      781.588 
    0.00285979       757.13 
    0.00286014      728.232 
    0.00286065      678.925 
    0.00286212      526.401 
    0.00286262      477.635 
    0.00286299      443.448 
    0.00286343      406.466 
    0.00286387       372.72 
     0.0028643       342.16 
    0.00286474      314.626 
    0.00286518      289.897 
    0.00286549      273.811 
    0.00286582      257.984 
    0.00286615      243.421 
    0.00286649      230.014 
    0.00286682      217.664 
    0.00286715      206.275 
    0.00286748      195.761 
    0.00286798      181.461 
     0.0028684      170.741 
    0.00286882      160.981 
    0.00286923      152.074 
    0.00286965       143.93 
    0.00287006      136.464 
    0.00287048      129.608 
     0.0028709      123.296 
    0.00287153      114.665 
    0.00287216      106.872 
     0.0028728      99.9278 
    0.00287344      93.7133 
    0.00287408      88.1297 
    0.00287472      83.0937 
    0.00287544      78.0078 
    0.00287616      73.4386 
    0.00287688      69.3166 
    0.00287759      65.5849 
    0.00287831      62.1959 
    0.00287903      59.1085 
    0.00287975      56.2871 
    0.00288046      53.7005 
     0.0028815      50.3147 
    0.00288254      47.2998 
    0.00288358      44.6025 
    0.00288462      42.1786 
    0.00288566      39.9912 
     0.0028867      38.0095 
    0.00288774      36.2074 
    0.00288878      34.5629 
    0.00289034      32.3518 
     0.0028919      30.4021 
    0.00289346      28.6722 
    0.00289502      27.1288 
    0.00289658      25.7447 
    0.00289843      24.2822 
    0.00290042      22.8869 
    0.00290241      21.6506 
     0.0029044      20.5482 
    0.00290639      19.5568 
    0.00290771      18.9505 
    0.00291036      17.8529 
    0.00291302       16.886 
    0.00291567      16.0279 
    0.00291832      15.2615 
    0.00292092       14.586 
    0.00292352      13.9751 
    0.00292742      13.1612 
    0.00293132      12.4479 
    0.00293522      11.8181 
    0.00293912      11.2572 
    0.00294302       10.754 
    0.00294692      10.2992 
    0.00295212      9.75525 
    0.00295732      9.26983 
    0.00296252      8.83155 
    0.00297032      8.24269 
    0.00297812      7.71403 
    0.00299112      6.90968 
    0.00300412      6.11658 
    0.00300932      5.77433 
    0.00301452      5.39815 
    0.00301842      5.08126 
    0.00302102      4.84632 
    0.00302321       4.6287 
     0.0030259      4.33193 
    0.00302769      4.11042 
    0.00302947      3.86524 
    0.00303086      3.65612 
    0.00303224      3.42687 
    0.00303363      3.17406 
    0.00303466      2.96655 
    0.00303578      2.72405 
    0.00303655      2.54366 
    0.00303732      2.35155 
    0.00303809      2.14701 
    0.00303885      1.92953 
    0.00303962      1.69915 
    0.00304039      1.45694 
    0.00304208     0.903865 
    0.00304243     0.795156 
    0.00304266     0.725939 
    0.00304289     0.660553 
    0.00304309      0.60901 
    0.00304325      0.57014 
    0.00304337     0.543577 
    0.00304349     0.519638 
    0.00304361     0.498744 
    0.00304371     0.484397 
     0.0030438     0.473901 
    0.00304388     0.465675 
    0.00304397     0.459976 
    0.00304405     0.457095 
    0.00304409     0.456802 
    0.00304415     0.457596 
    0.00304423     0.461129 
     0.0030443     0.467757 
    0.00304438     0.477803 
    0.00304445     0.489296 
     0.0030445     0.500981 
    0.00304455     0.514826 
    0.00304461     0.530991 
    0.00304466     0.548227 
    0.00304473     0.575912 
     0.0030448     0.608426 
    0.00304485     0.639542 
    0.00304491     0.670936 
    0.00304496     0.705769 
    0.00304501     0.744313 
    0.00304506     0.786813 
    0.00304512     0.835391 
    0.00304517     0.892912 
    0.00304523     0.956552 
    0.00304528      1.01701 
    0.00304534      1.09343 
     0.0030454      1.17748 
    0.00304545      1.26337 
     0.0030455      1.34313 
    0.00304554      1.42895 
    0.00304558      1.51326 
    0.00304564      1.62889 
     0.0030457      1.76387 
    0.00304576      1.92147 
    0.00304581      2.05516 
    0.00304586      2.21067 
    0.00304591      2.37859 
    0.00304596      2.57369 
    0.00304602      2.79282 
    0.00304608      3.03078 
    0.00304613       3.2358 
    0.00304617      3.45456 
    0.00304622      3.68795 
    0.00304626      3.93674 
    0.00304632      4.24781 
    0.00304637      4.58256 
    0.00304643      4.94267 
    0.00304648      5.32967 
    0.00304653      5.74547 
    0.00304659       6.1917 
    0.00304664       6.6704 
     0.0030467      7.18341 
    0.00304676      7.81467 
    0.00304682       8.4967 
    0.00304688      9.23301 
    0.00304694      10.0269 
      0.003047      10.8271 
    0.00304706      11.6841 
    0.00304711      12.6013 
    0.00304717      13.5818 
    0.00304723      14.6292 
    0.00304729      15.7465 
    0.00304734      16.9376 
     0.0030474      18.2053 
    0.00304748      20.0216 
    0.00304756      21.9891 
    0.00304764      24.2271 
    0.00304772        26.65 
     0.0030478      29.2672 
    0.00304788      32.0867 
    0.00304796      34.9981 
    0.00304803      38.1105 
    0.00304811      41.4303 
    0.00304819      44.9618 
    0.00304827      49.0546 
    0.00304836      53.4065 
    0.00304844        58.02 
    0.00304853      62.8939 
    0.00304864      69.9569 
    0.00304876      77.4856 
    0.00304887      85.3495 
    0.00304902      96.1439 
     0.0030492      110.444 
    0.00304943       128.47 
    0.00304988      166.219 
    0.00305011      183.997 
    0.00305027      195.891 
    0.00305044      206.541 
    0.00305061      215.671 
    0.00305075      222.072 
    0.00305089       227.08 
    0.00305101       230.17 
    0.00305116      232.461 
    0.00305128      233.075 
     0.0030514      232.591 
    0.00305153      230.767 
    0.00305166      227.774 
    0.00305179      223.645 
    0.00305196       216.53 
    0.00305213      207.819 
     0.0030523      198.179 
    0.00305246      187.606 
    0.00305276      167.381 
    0.00305321      135.979 
    0.00305342      121.908 
    0.00305356       113.03 
    0.00305375          102 
    0.00305392      92.5349 
    0.00305404      86.6974 
    0.00305416      81.2419 
    0.00305427      76.1655 
    0.00305439      71.4605 
    0.00305451      67.1152 
    0.00305464      62.5133 
    0.00305476      58.9356 
    0.00305487      55.6559 
    0.00305499      52.6541 
    0.00305511      49.9111 
    0.00305522      47.4068 
    0.00305534       45.122 
    0.00305549      42.3844 
    0.00305564      39.9613 
     0.0030558      37.8141 
    0.00305595      35.9073 
     0.0030561      34.2097 
    0.00305626      32.6933 
    0.00305641      31.3339 
    0.00305657      30.1103 
     0.0030568      28.4906 
    0.00305703      27.0856 
    0.00305725      25.9131 
    0.00305747      24.8713 
    0.00305779      23.5079 
    0.00305812      22.3364 
    0.00305845       21.317 
    0.00305878      20.4209 
    0.00305922      19.3677 
    0.00305967        18.46 
    0.00306011      17.6688 
    0.00306056      16.9726 
    0.00306115      16.1644 
    0.00306172      15.4838 
     0.0030623      14.8884 
    0.00306307       14.201 
    0.00306384      13.6112 
    0.00306461      13.0994 
    0.00306538      12.6509 
    0.00306653       12.073 
    0.00306766      11.5923 
    0.00306876      11.1924 
    0.00307022      10.7364 
    0.00307168      10.3494 
    0.00307314      10.0166 
    0.00307468      9.71256 
    0.00307698      9.32589 
    0.00307929      9.00292 
    0.00308144      8.74531 
    0.00308467      8.41918 
     0.0030879      8.14701 
    0.00309205      7.85539 
     0.0030962      7.61217 
    0.00310174      7.34222 
    0.00310727      7.11744 
    0.00311296      6.92112 
    0.00312173       6.6674 
    0.00313218      6.42018 
    0.00314448      6.18167 
    0.00315555      6.00121 
    0.00316908      5.81191 
    0.00318937      5.57426 
    0.00320598      5.40955 
     0.0032295      5.20894 
     0.0032601        4.989 
      0.003297      4.76639 
    0.00333907      4.55097 
    0.00338242      4.35863 
    0.00343132      4.16528 
    0.00350512      3.90594 
    0.00360591      3.58704 
    0.00385888      2.83022 
    0.00395206      2.53605 
    0.00402367      2.29486 
     0.0040692      2.13101 
    0.00410227      2.00242 
     0.0041219      1.91768 
    0.00413471        1.854 
    0.00414323      1.80287 
    0.00414795      1.76796 
    0.00415271      1.72328 
    0.00415605      1.68092 
    0.00415792      1.64965 
    0.00415951       1.6162 
    0.00416081      1.58141 
      0.004162      1.53977 
    0.00416283       1.5031 
    0.00416365      1.45789 
    0.00416479      1.38962 
    0.00416511      1.37622 
    0.00416539      1.37188 
     0.0041656      1.37534 
    0.00416576      1.38346 
    0.00416592      1.39752 
    0.00416608      1.41873 
    0.00416624      1.44842 
    0.00416639      1.48353 
    0.00416654      1.52765 
    0.00416668      1.58182 
    0.00416683        1.647 
    0.00416697      1.72413 
    0.00416709      1.79809 
    0.00416724      1.89904 
    0.00416739      2.01371 
    0.00416753      2.14231 
    0.00416768      2.28272 
    0.00416782      2.43399 
    0.00416796      2.59735 
    0.00416817      2.86275 
     0.0041684      3.17011 
    0.00416909      4.15547 
    0.00416935      4.48974 
    0.00416957      4.74674 
    0.00416976      4.94123 
    0.00416994      5.09488 
    0.00417013      5.21522 
    0.00417028      5.28174 
    0.00417044      5.32258 
    0.00417056      5.33477 
    0.00417076      5.31619 
    0.00417095      5.25991 
    0.00417114      5.16359 
    0.00417133      5.03399 
    0.00417152      4.88521 
    0.00417176       4.6636 
    0.00417217      4.24034 
    0.00417266       3.7313 
    0.00417295      3.44749 
    0.00417315      3.27475 
    0.00417336      3.10726 
    0.00417358        2.949 
    0.00417381      2.81071 
    0.00417403      2.69146 
    0.00417421      2.60634 
    0.00417443      2.51971 
    0.00417465      2.44645 
    0.00417487      2.38469 
    0.00417516      2.31721 
    0.00417553      2.25063 
    0.00417575       2.2182 
     0.0041762      2.16622 
    0.00417664      2.12628 
    0.00417709      2.09425 
    0.00417798      2.04483 
    0.00417887      2.00732 
    0.00418014      1.96609 
    0.00418142      1.93397 
     0.0041832      1.89849 
    0.00418602      1.85628 
    0.00418931      1.81903 
     0.0041926      1.78906 
    0.00419819      1.74736 
    0.00420378      1.71212 
    0.00421825      1.63451 
    0.00424457      1.51084 
    0.00434192      1.07369 
    0.00442743     0.679601 
    0.00446295     0.516871 
    0.00448242      0.42993 
    0.00449715     0.365872 
    0.00451188     0.303746 
    0.00452294     0.259001 
    0.00453214     0.223168 
    0.00453925     0.196555 
    0.00454714     0.168087 
    0.00455346     0.146364 
    0.00455977     0.125655 
    0.00456451     0.110842 
    0.00456924    0.0966957 
    0.00457319    0.0854496 
    0.00457687    0.0754007 
    0.00458016    0.0668569 
    0.00458345     0.058727 
    0.00458608      0.05253 
    0.00458924    0.0454698 
    0.00459187    0.0399134 
    0.00459397    0.0356907 
    0.00459634    0.0311839 
    0.00459818    0.0278601 
    0.00460003    0.0247015 
    0.00460187    0.0217167 
    0.00460351    0.0192021 
    0.00460516    0.0168314 
    0.00460647    0.0150406 
    0.00460766    0.0135109 
    0.00460897     0.011904 
    0.00461002    0.0106899 
    0.00461108   0.00954017 
    0.00461203   0.00855467 
    0.00461295   0.00765496 
    0.00461387   0.00680708 
    0.00461456   0.00620569 
    0.00461535   0.00555502 
    0.00461617   0.00491923 
    0.00461683   0.00444173 
    0.00461749   0.00399216 
    0.00461815   0.00357076 
    0.00461864   0.00327335 
    0.00461913   0.00299204 
    0.00461963   0.00272696 
    0.00462012   0.00247823 
    0.00462052   0.00229109 
    0.00462098   0.00208619 
    0.00462144   0.00189583 
    0.00462178   0.00176266 
    0.00462213   0.00163779 
    0.00462247   0.00152123 
    0.00462282   0.00141304 
    0.00462316   0.00131326 
    0.00462351   0.00122193 
    0.00462385   0.00113908 
    0.00462413   0.00107827 
    0.00462446    0.0010139 
    0.00462479  0.000957349 
    0.00462504  0.000920077 
    0.00462528  0.000887235 
    0.00462553  0.000858832 
    0.00462578  0.000834891 
    0.00462602  0.000815424 
    0.00462627  0.000800448 
    0.00462652   0.00078998 
     0.0046268  0.000783586 
    0.00462699  0.000782583 
    0.00462723  0.000785181 
    0.00462746  0.000791903 
     0.0046277  0.000802766 
    0.00462793  0.000817781 
    0.00462817  0.000836965 
     0.0046284  0.000860331 
    0.00462863  0.000887894 
    0.00462887  0.000919666 
    0.00462918  0.000968606 
    0.00462949   0.00102509 
    0.00462984   0.00109635 
    0.00463019   0.00117691 
    0.00463053   0.00126683 
    0.00463088   0.00136615 
    0.00463122   0.00147493 
    0.00463157   0.00159321 
    0.00463191   0.00172106 
    0.00463226    0.0018585 
     0.0046326    0.0020056 
    0.00463295    0.0021624 
    0.00463333   0.00234533 
    0.00463377   0.00257509 
    0.00463421   0.00282115 
    0.00463466   0.00308363 
     0.0046351   0.00336261 
    0.00463555    0.0036582 
    0.00463604   0.00400624 
    0.00463653   0.00437505 
    0.00463703   0.00476478 
    0.00463768   0.00531725 
    0.00463837   0.00593808 
    0.00463897   0.00650377 
    0.00463956   0.00710072 
    0.00464035   0.00794578 
    0.00464114   0.00884759 
    0.00464203   0.00993089 
    0.00464295    0.0111323 
    0.00464387    0.0124144 
    0.00464479    0.0137781 
    0.00464581    0.0153843 
    0.00464686    0.0171495 
    0.00464791    0.0190251 
    0.00464896     0.021013 
    0.00465021    0.0235223 
    0.00465153    0.0263412 
    0.00465285    0.0293459 
    0.00465416      0.03254 
    0.00465567    0.0364522 
    0.00465725     0.040813 
    0.00465883    0.0454649 
    0.00466041    0.0504149 
    0.00466219    0.0563486 
    0.00466403    0.0629214 
    0.00466587    0.0699353 
    0.00466771    0.0774081 
    0.00466975     0.086226 
    0.00467185    0.0959324 
    0.00467396     0.106277 
    0.00467606     0.117285 
    0.00467856     0.131249 
    0.00468054     0.142981 
    0.00468317      0.15963 
     0.0046858     0.177472 
     0.0046879     0.192638 
    0.00469027     0.210681 
    0.00469264     0.229801 
    0.00469501     0.250039 
    0.00469817     0.278831 
    0.00470067     0.303154 
    0.00470343     0.331679 
    0.00470619     0.362001 
    0.00470895       0.3942 
    0.00471172     0.428359 
    0.00471448     0.464565 
    0.00471816     0.516184 
    0.00472185     0.571838 
    0.00472553     0.631771 
    0.00472921     0.696247 
     0.0047329     0.765546 
    0.00473658     0.839969 
    0.00474026     0.919843 
    0.00474395      1.00575 
    0.00474816      1.11148 
    0.00475237      1.22562 
    0.00475658      1.34904 
    0.00476079      1.48244 
      0.004765      1.62659 
    0.00476921      1.78231 
    0.00477342      1.95051 
    0.00477763      2.13215 
    0.00478183      2.32831 
    0.00478604      2.54016 
    0.00479025      2.76897 
    0.00479446      3.01615 
    0.00479828      3.25731 
    0.00480209      3.51606 
    0.00480591      3.79347 
    0.00480972      4.09058 
    0.00481301      4.36507 
     0.0048163      4.65711 
    0.00481959      4.96788 
    0.00482288      5.29868 
    0.00482625      5.65969 
    0.00482962      6.04493 
    0.00483298       6.4561 
    0.00483635      6.89524 
     0.0048404       7.4643 
    0.00484445      8.08058 
    0.00484851      8.74894 
    0.00485256      9.47564 
    0.00485635      10.2122 
    0.00486014      11.0074 
    0.00486392      11.8676 
    0.00486771      12.8017 
    0.00487108      13.6986 
    0.00487445       14.664 
    0.00487782       15.704 
    0.00488118      16.8254 
    0.00488455      18.0358 
    0.00488792      19.3437 
    0.00489129      20.7583 
    0.00489466        22.29 
    0.00489802      23.9506 
    0.00490139      25.7529 
    0.00490476      27.7115 
    0.00490813      29.8427 
    0.00491149      32.1647 
    0.00491486      34.6982 
    0.00491823      37.4662 
     0.0049216      40.4948 
    0.00492497      43.8135 
    0.00492833      47.4556 
     0.0049317      51.4578 
    0.00493507      55.8503 
     0.0049376       59.435 
    0.00494012      63.3057 
    0.00494265      67.4795 
    0.00494517      71.9819 
     0.0049477      76.8428 
    0.00495022      82.0948 
    0.00495275      87.7738 
    0.00495528      93.9186 
     0.0049578      100.572 
    0.00496033       107.78 
    0.00496285      115.591 
    0.00496538      124.059 
    0.00496791      133.241 
    0.00497043      143.196 
    0.00497296      153.984 
    0.00497548       165.67 
    0.00497801      178.315 
    0.00498053      191.977 
    0.00498306      206.712 
    0.00498559      222.566 
    0.00498811      239.596 
    0.00499148      264.121 
    0.00499401      283.763 
    0.00499737      311.531 
    0.00500243      355.859 
    0.00500958      420.326 
    0.00501405       458.06 
    0.00501674      478.252 
    0.00501969      497.301 
     0.0050219      509.009 
    0.00502411      518.214 
    0.00502632      524.702 
    0.00502853      528.325 
    0.00503021      529.172 
    0.00503305      526.924 
    0.00503589       520.32 
    0.00503873      509.845 
    0.00504158      496.058 
    0.00504536      473.781 
    0.00505073      437.687 
    0.00506136      362.749 
    0.00506641      329.476 
    0.00506978      308.805 
    0.00507315      289.459 
    0.00507652      271.463 
    0.00507988      254.793 
    0.00508325      239.398 
    0.00508662      225.207 
    0.00508999      212.141 
    0.00509336      200.117 
    0.00509672      189.051 
    0.00510009      178.863 
    0.00510346      169.477 
    0.00510683      160.823 
    0.00511019      152.834 
    0.00511525      141.969 
     0.0051203      132.289 
    0.00512535      123.636 
     0.0051304      115.879 
    0.00513545      108.902 
    0.00514051      102.607 
    0.00514556      96.9101 
    0.00515061      91.7389 
    0.00515566      87.0315 
    0.00516071      82.7341 
    0.00516745      77.5634 
    0.00517418      72.9473 
    0.00518092      68.8087 
    0.00518808      64.8627 
    0.00519523      61.3219 
    0.00520186       58.364 
    0.00520849      55.6529 
    0.00521696      52.5154 
    0.00522507      49.8254 
    0.00523307      47.4241 
    0.00524096      45.2696 
    0.00524912      43.2531 
    0.00525754      41.3413 
    0.00526596      39.5947 
    0.00527859       37.239 
    0.00529121      35.1674 
    0.00530384        33.32 
    0.00531647      31.6759 
     0.0053291      30.1947 
    0.00534594      28.4456 
    0.00536278      26.9099 
    0.00537962      25.5523 
    0.00539646      24.3448 
     0.0054133      23.2646 
    0.00543014      22.2933 
    0.00545539      21.0083 
    0.00548065      19.8949 
    0.00550591      18.9254 
    0.00552907      18.1303 
    0.00555853      17.2416 
    0.00558905      16.4368 
    0.00562063       15.706 
    0.00566009       14.913 
    0.00569956      14.2253 
    0.00574166      13.5892 
    0.00578375      13.0339 
    0.00583638       12.433 
    0.00589271      11.8792 
    0.00595048      11.3923 
    0.00598349      11.1423 
         0.006      11.0281 
         0.006      12.0669 
    0.00608465      12.0185 
    0.00617049      11.9694 
    0.00625755      11.9196 
    0.00634583       11.869 
    0.00643536      11.8178 
        0.0065      11.7808 
     0.0065917      11.7341 
     0.0066847      11.6868 
    0.00677901      11.6388 
    0.00687465      11.5901 
    0.00697164      11.5408 
         0.007      11.5263 
    0.00709876      11.4813 
    0.00719891      11.4355 
    0.00730047      11.3892 
    0.00740347      11.3422 
        0.0075      11.2981 
    0.00760581      11.2545 
    0.00771312      11.2102 
    0.00782193      11.1653 
    0.00793229      11.1198 
         0.008      11.0919 
    0.00811287      11.0496 
    0.00822732      11.0067 
     0.0083434      10.9631 
    0.00846111       10.919 
        0.0085      10.9044 
    0.00861992      10.8633 
    0.00874153      10.8216 
    0.00886486      10.7794 
    0.00898993      10.7365 
         0.009       10.733 
    0.00912697       10.693 
    0.00925574      10.6525 
    0.00938632      10.6114 
        0.0095      10.5755 
    0.00963403      10.5366 
    0.00976995      10.4971 
    0.00990778       10.457 
          0.01      10.4302 
     0.0101411      10.3925 
     0.0102842      10.3544 
     0.0104292      10.3156 
     0.0105764      10.2764 
      0.010625      10.2634 
     0.0107749      10.2268 
     0.0109269      10.1897 
     0.0110811      10.1521 
     0.0112374      10.1139 
       0.01125      10.1109 
     0.0114087      10.0753 
     0.0115697      10.0392 
     0.0117329      10.0026 
      0.011875      9.97076 
     0.0120425      9.93609 
     0.0122124      9.90094 
     0.0123847       9.8653 
        0.0125      9.84145 
     0.0126764      9.80764 
     0.0128552      9.77336 
     0.0130366      9.73859 
      0.013125      9.72164 
     0.0133102      9.68863 
      0.013498      9.65516 
     0.0136884      9.62121 
       0.01375      9.61022 
      0.013944      9.57796 
     0.0141407      9.54524 
     0.0143402      9.51206 
      0.014375      9.50627 
     0.0145778      9.47471 
     0.0147835      9.44269 
      0.014992      9.41023 
         0.015      9.40899 
     0.0152116        9.379 
     0.0154262      9.34858 
     0.0156439      9.31773 
     0.0158646      9.28645 
     0.0160884      9.25472 
       0.01625      9.23182 
     0.0164793      9.20292 
     0.0167118      9.17362 
     0.0169475      9.14391 
     0.0171866      9.11377 
     0.0174291      9.08321 
        0.0175      9.07428 
     0.0177469      9.04637 
     0.0179973      9.01808 
     0.0182512      8.98938 
     0.0185087      8.96028 
       0.01875      8.93301 
     0.0190145      8.90601 
     0.0192828      8.87862 
     0.0195548      8.85085 
     0.0198307      8.82269 
          0.02      8.80541 
     0.0202822      8.77922 
     0.0205683      8.75266 
     0.0208585      8.72573 
     0.0211528      8.69842 
       0.02125       8.6894 
     0.0215498      8.66396 
     0.0218538      8.63817 
     0.0221621      8.61201 
     0.0224748      8.58548 
        0.0225      8.58334 
     0.0228174      8.55859 
     0.0231393       8.5335 
     0.0234658      8.50805 
       0.02375      8.48589 
     0.0240851      8.46178 
     0.0244249      8.43732 
     0.0247695      8.41253 
         0.025      8.39594 
     0.0253527      8.37241 
     0.0257104      8.34856 
     0.0260731      8.32436 
       0.02625      8.31257 
     0.0266203      8.28959 
     0.0269959      8.26629 
     0.0273768      8.24266 
        0.0275      8.23501 
      0.027888      8.21255 
     0.0282814      8.18977 
     0.0286804      8.16666 
       0.02875      8.16263 
     0.0291556      8.14064 
     0.0295669      8.11835 
     0.0299841      8.09573 
          0.03      8.09487 
     0.0304232      8.07333 
     0.0308525      8.05148 
       0.03125      8.03125 
     0.0316909      8.01012 
      0.032138       7.9887 
        0.0325      7.97136 
     0.0329585       7.9512 
     0.0334235      7.93075 
      0.033895      7.91001 
     0.0343732      7.88898 
     0.0348582      7.86765 
         0.035      7.86142 
     0.0354938      7.84192 
     0.0359945      7.82215 
     0.0365024       7.8021 
     0.0370173      7.78176 
        0.0375      7.76271 
     0.0380291      7.74381 
     0.0385656      7.72464 
     0.0391097      7.70521 
     0.0396614       7.6855 
          0.04      7.67341 
     0.0405643      7.65505 
     0.0411366      7.63644 
      0.041717      7.61756 
     0.0423055      7.59842 
        0.0425      7.59209 
     0.0430996      7.57423 
     0.0437077      7.55612 
     0.0443243      7.53775 
     0.0449496      7.51912 
         0.045      7.51762 
     0.0456349      7.50021 
     0.0462787      7.48255 
     0.0469316      7.46464 
        0.0475      7.44905 
     0.0481701      7.43205 
     0.0488497      7.41481 
     0.0495389      7.39733 
          0.05      7.38563 
     0.0507054      7.36901 
     0.0514208      7.35216 
     0.0521462      7.33506 
        0.0525      7.32672 
     0.0532407      7.31045 
     0.0539918      7.29395 
     0.0547535      7.27721 
         0.055       7.2718 
     0.0557759      7.25584 
     0.0565628      7.23967 
     0.0573608      7.22326 
        0.0575       7.2204 
     0.0583112      7.20475 
     0.0591339      7.18888 
     0.0599682      7.17278 
          0.06      7.17216 
     0.0608465      7.15721 
     0.0617049      7.14204 
     0.0625755      7.12666 
     0.0634583      7.11106 
     0.0643536      7.09524 
         0.065      7.08382 
      0.065917      7.06931 
      0.066847       7.0546 
     0.0677901      7.03968 
     0.0687465      7.02455 
     0.0697164       7.0092 
          0.07      7.00472 
     0.0709876      6.99059 
     0.0719891      6.97626 
     0.0730047      6.96174 
     0.0740347        6.947 
         0.075       6.9332 
     0.0760581      6.91941 
     0.0771312      6.90544 
     0.0782193      6.89126 
     0.0793229      6.87689 
          0.08      6.86807 
     0.0811287      6.85459 
     0.0822732      6.84092 
      0.083434      6.82706 
     0.0846111        6.813 
         0.085      6.80836 
     0.0861992      6.79515 
     0.0874153      6.78175 
     0.0886486      6.76816 
     0.0898993      6.75438 
          0.09      6.75327 
     0.0912697       6.7403 
     0.0925574      6.72715 
     0.0938632       6.7138 
         0.095      6.70219 
     0.0963403      6.68943 
     0.0976995      6.67648 
     0.0990778      6.66336 
           0.1      6.65458 
      0.101411       6.6421 
      0.102842      6.62945 
      0.104292      6.61662 
      0.105764      6.60361 
       0.10625      6.59931 
      0.107749      6.58703 
      0.109269      6.57458 
      0.110811      6.56195 
      0.112374      6.54914 
        0.1125      6.54811 
      0.114087        6.536 
      0.115697      6.52372 
      0.117329      6.51127 
       0.11875      6.50043 
      0.120425      6.48846 
      0.122124      6.47633 
      0.123847      6.46403 
         0.125       6.4558 
      0.126764       6.4443 
      0.128552      6.43264 
      0.130366      6.42081 
      0.132205      6.40882 
       0.13407      6.39665 
      0.135961      6.38432 
        0.1375      6.37428 
       0.13944      6.36294 
      0.141407      6.35144 
      0.143402      6.33978 
      0.145425      6.32795 
      0.147477      6.31596 
      0.149558       6.3038 
          0.15      6.30121 
      0.152116      6.28999 
      0.154262       6.2786 
      0.156439      6.26706 
      0.158646      6.25536 
      0.160884      6.24348 
        0.1625      6.23491 
      0.164793      6.22377 
      0.167118      6.21246 
      0.169475        6.201 
      0.171866      6.18938 
      0.174291      6.17759 
         0.175      6.17414 
      0.177469      6.16305 
      0.179973       6.1518 
      0.182512      6.14039 
      0.185087      6.12881 
        0.1875      6.11797 
      0.190145       6.1069 
      0.192828      6.09567 
      0.195548      6.08429 
      0.198307      6.07275 
           0.2      6.06566 
      0.202822      6.05461 
      0.205683       6.0434 
      0.208585      6.03203 
      0.211528       6.0205 
        0.2125      6.01669 
      0.215498      6.00563 
      0.218538      5.99441 
      0.221621      5.98303 
      0.224748      5.97149 
         0.225      5.97056 
      0.228174      5.95948 
      0.231393      5.94824 
      0.234658      5.93685 
        0.2375      5.92692 
      0.240851      5.91581 
      0.244249      5.90454 
      0.247695      5.89311 
          0.25      5.88547 
      0.253527      5.87432 
      0.257104      5.86301 
      0.260731      5.85154 
        0.2625      5.84594 
      0.266203      5.83475 
      0.269959      5.82339 
      0.273768      5.81187 
         0.275      5.80815 
       0.27888      5.79711 
      0.282814      5.78593 
      0.286804      5.77458 
      0.290851      5.76307 
      0.294954       5.7514 
      0.299115      5.73957 
           0.3      5.73705 
      0.304232      5.72593 
      0.308525      5.71464 
      0.312877       5.7032 
      0.317291       5.6916 
      0.321768      5.67983 
         0.325      5.67134 
      0.329585      5.66006 
      0.334235      5.64863 
       0.33895      5.63703 
      0.343732      5.62528 
      0.348582      5.61335 
          0.35      5.60986 
      0.354938      5.59843 
      0.359945      5.58684 
      0.365024      5.57508 
      0.370173      5.56316 
         0.375      5.55199 
      0.380291      5.54039 
      0.385656      5.52863 
      0.391097       5.5167 
      0.396614      5.50461 
           0.4      5.49719 
      0.405643      5.48549 
      0.411366      5.47362 
       0.41717      5.46158 
      0.423055      5.44938 
         0.425      5.44534 
      0.430996      5.43347 
      0.437077      5.42143 
      0.443243      5.40922 
      0.449496      5.39683 
          0.45      5.39584 
      0.456349      5.38379 
      0.462787      5.37157 
      0.469316      5.35917 
         0.475      5.34838 
      0.481701      5.33615 
      0.488497      5.32375 
      0.495389      5.31117 
           0.5      5.30276 
      0.507054      5.29042 
      0.514208       5.2779 
      0.521462       5.2652 
         0.525      5.25902 
      0.532407      5.24649 
      0.539918      5.23379 
      0.547535       5.2209 
          0.55      5.21674 
       0.55776      5.20402 
      0.565629      5.19113 
      0.573609      5.17805 
         0.575      5.17578 
      0.583112      5.16287 
      0.591339      5.14979 
      0.599682      5.13652 
           0.6      5.13601 
         0.604      5.12975 
         0.604      5.14339 
           0.7      4.54407 
      0.805643      4.13572 
      0.906349      3.80677 
             1       3.5456 
           1.2      3.10901 
       1.22063      3.08739 
           1.4      2.67204 
        1.4934      2.55497 
       1.50303      2.54104 
           1.6      2.34812 
       1.72026      2.24582 
       1.74844      2.20365 
           1.8      2.10427 
        1.9391      1.99494 
             2      1.92884 
       2.19485      1.82853 
           2.2      1.82188 
       2.22789      1.82366 
       2.27413      1.80555 
       2.33138       1.7778 
           2.4      1.72183 
       2.52398      1.71706 
       2.57091      1.69884 
           2.6      1.67611 
       2.63648      1.68464 
       2.70603      1.68718 
       2.73915      1.68327 
           2.8      1.65453 
       2.88078       1.6755 
       2.97277       1.6645 
       2.98012      1.66198 
             3      1.64567 
         3.046      1.66476 
        3.0902      1.66992 
        3.1481      1.66154 
           3.2      1.65009 
           3.5      1.68605 
       3.77867      1.74278 
       4.11366      1.82011 
       4.84812      1.99803 
       5.03527      2.03942 
             6       2.2035 
             7      2.29896 
             8       2.3258 
       9.06349       2.2973 
            10      2.24021 
       10.1411      2.24987 
       10.2842      2.25968 
       10.3353      2.26318 
       10.4811      2.23911 
        10.629       2.2147 
       10.7789      2.18994 
        10.931      2.16484 
            11      2.15345 
       11.1552      2.13761 
       11.3126      2.12155 
       11.4722      2.10527 
        11.634      2.08875 
       11.7982        2.072 
       11.9646      2.05501 
            12       2.0514 
       12.1693      2.03219 
        12.341       2.0127 
       12.5151      1.99294 
       12.6917       1.9729 
       12.8707      1.95258 
            13      1.93791 
       13.1834      1.91574 
       13.3694      1.89326 
        13.558      1.87046 
       13.7493      1.84733 
       13.9433      1.82389 
            14      1.81703 
       14.1975      1.79415 
       14.3978      1.77095 
       14.6009      1.74743 
       14.8069      1.72357 
       15.0158      1.69938 
       15.2277      1.67484 
       15.4425      1.64996 
       15.6604      1.62472 
       15.8813      1.59914 
            16      1.58539 
       16.2257      1.56183 
       16.4546      1.53793 
       16.6868       1.5137 
       16.9222      1.48913 
            17      1.48101 
       17.2398      1.45891 
       17.4831      1.43649 
       17.7297      1.41376 
       17.9799      1.39071 
            18      1.38885 
       18.2539      1.36907 
       18.5115      1.34901 
       18.7726      1.32867 
            19      1.31096 
       19.2681      1.29396 
       19.5399      1.27673 
       19.8156      1.25924 
            20      1.24755 
//
#-------------------------------------------------------------------------------
