#ZVView-data-copy:  30-Jul-2024 17:06:49
#=======================================
#
#name:   ENDF/B-VIII.0: GE-76(N,EL)GE-76-L0
#X.axis: Incident Energy
#Y.axis: Cross Section
#wdata:  2
#ldata:  2398
#data...
#            X            Y
#          MeV        barns
         1e-11      55.2054 
   1.10304e-11      52.6166 
   1.21669e-11      50.1544 
   1.34206e-11      47.8127 
   1.48034e-11       45.586 
   1.64027e-11      43.3738 
   1.80927e-11      41.3658 
    1.9957e-11      39.4572 
   2.20133e-11      37.6434 
   2.42815e-11      35.9201 
   2.69723e-11      34.1688 
   2.99598e-11      32.5126 
   3.32799e-11      30.9451 
   3.69661e-11      29.4636 
   4.10626e-11      28.0625 
   4.56108e-11      26.7393 
   5.06654e-11      25.4889 
   5.62772e-11      24.3091 
   6.25137e-11      23.1954 
   6.94379e-11      22.1457 
   7.71329e-11      21.1561 
   8.56764e-11      20.2247 
   9.51709e-11      19.3479 
   1.05712e-10      18.5239 
   1.17428e-10      17.7496 
   1.30434e-10      17.0235 
   1.45903e-10      16.2989 
   1.63207e-10      15.6236 
   1.82563e-10      14.9953 
   2.04215e-10      14.4114 
   2.28434e-10        13.87 
    2.5733e-10      13.3386 
   2.89864e-10      12.8503 
    3.2653e-10      12.4024 
   3.70409e-10      11.9698 
   4.20184e-10      11.5773 
   4.79987e-10      11.2037 
   5.48329e-10      10.8687 
   6.30789e-10      10.5547 
   7.30732e-10       10.264 
   8.52482e-10      9.99812 
    1.00153e-9      9.75785 
    1.19319e-9      9.53527 
    1.44164e-9      9.33368 
    1.76632e-9      9.15516 
    2.21013e-9      8.99575 
    2.84403e-9      8.85427 
    3.76375e-9      8.73371 
    5.23133e-9      8.62913 
    7.74413e-9       8.5421 
    1.25565e-8      8.47265 
    2.37529e-8      8.41996 
     2.5299e-8      8.41635 
       2.53e-8      8.41635 
    6.74561e-8      8.38162 
    5.03649e-7      8.36295 
   0.000239452      7.97411 
   0.000332171      7.77831 
   0.000387798       7.6139 
   0.000422846      7.46561 
   0.000448956      7.30696 
   0.000467841      7.14236 
   0.000480878      6.98483 
   0.000489573      6.84698 
   0.000497525      6.68597 
   0.000504965      6.48992 
   0.000509615      6.33489 
   0.000514265      6.14434 
   0.000517752      5.96969 
    0.00052124      5.75831 
   0.000523565      5.59075 
    0.00052589      5.39588 
   0.000528215      5.16592 
   0.000529959      4.96456 
   0.000531703      4.73213 
   0.000532865      4.55626 
   0.000534028      4.36041 
    0.00053519      4.14111 
   0.000536178      3.93313 
   0.000537166      3.70204 
   0.000538154      3.44425 
   0.000538895      3.23084 
   0.000539724      2.96892 
   0.000540305      2.76877 
   0.000540886      2.55392 
   0.000541468      2.32334 
   0.000542049      2.07619 
   0.000542514      1.86628 
   0.000542979      1.64574 
   0.000543473      1.40074 
   0.000544054      1.10174 
   0.000544708     0.761892 
   0.000544962     0.633487 
   0.000545158     0.538092 
   0.000545304     0.470457 
    0.00054542     0.418775 
   0.000545536     0.369751 
   0.000545609     0.340698 
   0.000545682     0.313043 
   0.000545754     0.286949 
   0.000545827     0.262598 
   0.000545878     0.246694 
   0.000545929     0.231814 
   0.000545979     0.218039 
    0.00054603     0.205453 
   0.000546085     0.193391 
   0.000546139     0.182919 
    0.00054619     0.174694 
   0.000546234     0.168923 
   0.000546277     0.164413 
   0.000546314     0.161676 
   0.000546346     0.160051 
   0.000546384     0.159219 
   0.000546393     0.159186 
   0.000546415     0.159409 
   0.000546452     0.160694 
   0.000546481     0.162582 
    0.00054651      0.16527 
   0.000546539     0.168793 
   0.000546568     0.173185 
   0.000546595     0.178127 
   0.000546622     0.183899 
   0.000546652     0.191008 
   0.000546682     0.199687 
   0.000546713     0.209577 
   0.000546742     0.220043 
   0.000546771     0.231682 
   0.000546797     0.242868 
   0.000546822     0.255027 
   0.000546855     0.272153 
   0.000546888     0.291034 
   0.000546924      0.31418 
    0.00054696     0.339733 
   0.000546997      0.36783 
   0.000547033     0.398616 
   0.000547066     0.428754 
   0.000547098     0.461314 
   0.000547133     0.498456 
   0.000547171     0.543008 
   0.000547209      0.59146 
   0.000547251     0.649292 
   0.000547295     0.715319 
   0.000547338      0.78757 
   0.000547374     0.852875 
   0.000547411     0.923118 
   0.000547447     0.998618 
   0.000547483      1.07971 
   0.000547527      1.18493 
   0.000547571      1.29942 
   0.000547614      1.42395 
   0.000547658      1.55933 
   0.000547692      1.67232 
   0.000547725      1.79284 
    0.00054777      1.96616 
   0.000547815      2.15513 
    0.00054785       2.3097 
   0.000547884      2.47846 
   0.000547919      2.65906 
   0.000547954       2.8524 
   0.000547989      3.05949 
   0.000548024      3.28143 
   0.000548068      3.58163 
   0.000548111       3.9096 
   0.000548155      4.26839 
   0.000548198      4.66141 
   0.000548242      5.09262 
   0.000548286       5.5665 
   0.000548329       6.0882 
   0.000548358      6.46545 
   0.000548387      6.86851 
   0.000548416      7.29954 
   0.000548445       7.7609 
   0.000548474      8.25516 
   0.000548504      8.78518 
   0.000548533      9.35407 
   0.000548562      9.96524 
   0.000548591      10.6224 
    0.00054862      11.3297 
   0.000548649      12.0917 
   0.000548678      12.9131 
   0.000548707      13.7994 
   0.000548736      14.7565 
   0.000548765      15.7908 
   0.000548794      16.9091 
   0.000548823      18.1191 
   0.000548852       19.429 
   0.000548881      20.8478 
    0.00054891       22.385 
   0.000548939       24.051 
   0.000548968      25.8573 
   0.000548998      27.8157 
   0.000549027      29.9394 
   0.000549056      32.2421 
   0.000549085      34.7387 
   0.000549114      37.4451 
   0.000549143      40.3779 
   0.000549172       43.555 
   0.000549201      46.9952 
    0.00054923      50.7181 
   0.000549259      54.7446 
   0.000549288      59.0961 
   0.000549317      63.7952 
   0.000549346      68.8652 
   0.000549375      74.3301 
   0.000549404      80.2146 
   0.000549432      86.2165 
   0.000549458      92.2928 
   0.000549484      98.7679 
   0.000549511      105.661 
   0.000549537       112.99 
   0.000549563      120.774 
   0.000549602      133.343 
   0.000549641      147.038 
   0.000549681      161.914 
    0.00054972      178.022 
   0.000549759      195.409 
   0.000549798       214.11 
   0.000549838      234.155 
   0.000549884      259.678 
    0.00054993      287.118 
   0.000549977      316.457 
   0.000550024      347.643 
   0.000550079      387.383 
   0.000550135      429.442 
   0.000550205      484.825 
   0.000550298       562.27 
   0.000550484      720.347 
   0.000550577      795.053 
   0.000550647      846.522 
   0.000550716      892.568 
   0.000550786      931.924 
   0.000550856      963.488 
   0.000550902       979.75 
   0.000550949      991.944 
   0.000551013      1001.81 
   0.000551054      1003.86 
    0.00055111      1001.16 
   0.000551173      990.825 
   0.000551232      974.264 
   0.000551288      953.031 
   0.000551349      924.397 
   0.000551414      887.793 
   0.000551484      843.026 
   0.000551558      790.379 
   0.000551665      709.028 
   0.000551861      555.904 
   0.000551942      496.402 
   0.000552014      445.514 
   0.000552072      407.652 
   0.000552129      372.169 
   0.000552187      339.189 
   0.000552244      308.771 
   0.000552302      280.914 
   0.000552346      261.484 
   0.000552389      243.457 
   0.000552433      226.785 
   0.000552476       211.41 
    0.00055252      197.267 
   0.000552564      184.289 
   0.000552607      172.403 
   0.000552651      161.536 
   0.000552694      151.615 
   0.000552738      142.567 
   0.000552782      134.322 
   0.000552825      126.812 
   0.000552869      119.974 
   0.000552912      113.745 
   0.000552956      108.069 
   0.000552999      102.893 
   0.000553058      96.6847 
   0.000553116      91.1747 
   0.000553174      86.2697 
   0.000553232       81.889 
   0.000553293      77.7763 
   0.000553354       74.094 
   0.000553395      71.8482 
   0.000553476      67.7895 
   0.000553557       64.223 
   0.000553639      61.0644 
    0.00055372      58.2467 
   0.000553802      55.7159 
   0.000553883      53.4288 
   0.000554002      50.4482 
   0.000554121      47.8309 
    0.00055424       45.512 
    0.00055436      43.4422 
   0.000554479      41.5825 
   0.000554658      39.1214 
   0.000554836      36.9847 
   0.000554982      35.4446 
     0.0005552      33.4078 
   0.000555418      31.6416 
   0.000555635       30.096 
   0.000555853      28.7325 
   0.000555999      27.9098 
   0.000556289      26.4387 
    0.00055658      25.1625 
   0.000556871      24.0455 
   0.000557161      23.0601 
   0.000557575      21.8414 
    0.00055799      20.7986 
   0.000558404      19.8965 
   0.000558818      19.1089 
    0.00055937      18.2028 
   0.000559951      17.3911 
   0.000560533      16.6951 
   0.000561114       16.092 
   0.000561695      15.5644 
   0.000562393      15.0128 
    0.00056309      14.5337 
   0.000564136      13.9231 
   0.000565066      13.4653 
   0.000566229      12.9802 
   0.000567391      12.5712 
   0.000568554      12.2217 
   0.000570297      11.7835 
   0.000572041      11.4239 
   0.000573785      11.1235 
   0.000576343      10.7632 
     0.0005789      10.4726 
   0.000582387      10.1565 
   0.000586107      9.89156 
   0.000588665        9.741 
    0.00059378      9.49525 
   0.000600987      9.23604 
    0.00060959      9.01077 
   0.000620331      8.80721 
     0.0006347      8.61441 
   0.000653242      8.44158 
   0.000677619      8.28477 
   0.000712576      8.13168 
     0.0007649      7.97763 
   0.000847315      7.81355 
     0.0009762      7.63216 
    0.00118691      7.40907 
    0.00151102       7.1355 
    0.00195105      6.82778 
       0.00252      6.48915 
    0.00371453      5.85144 
     0.0040032      5.66562 
    0.00418294      5.51591 
    0.00429984      5.38707 
    0.00439048      5.25316 
    0.00445846      5.11715 
    0.00450584      4.99188 
    0.00454704      4.84944 
       0.00458      4.70075 
    0.00460472      4.55844 
     0.0046212       4.4428 
    0.00463768       4.3046 
    0.00465004      4.18165 
     0.0046624      4.03717 
    0.00467321      3.88819 
    0.00468403      3.71222 
    0.00469124      3.57569 
    0.00469845      3.42021 
    0.00470566      3.24158 
    0.00471107      3.08919 
    0.00471648      2.91785 
    0.00472175      2.72891 
     0.0047251      2.59616 
    0.00472845        2.452 
     0.0047318      2.29521 
    0.00473476      2.14452 
    0.00473733      2.00348 
    0.00473991      1.85237 
    0.00474248       1.6905 
     0.0047448       1.5351 
    0.00474737       1.3513 
    0.00474944      1.19586 
     0.0047515      1.03341 
    0.00475407     0.822141 
     0.0047579     0.501192 
    0.00475911     0.402525 
    0.00475992     0.338694 
     0.0047606     0.287572 
    0.00476118     0.245709 
    0.00476164     0.213818 
    0.00476203     0.188522 
    0.00476236     0.167675 
    0.00476268     0.148686 
    0.00476294     0.134318 
    0.00476322     0.119441 
     0.0047634     0.110519 
    0.00476358     0.102052 
    0.00476377     0.094065 
    0.00476392    0.0876228 
    0.00476411    0.0801234 
    0.00476431    0.0732739 
    0.00476447    0.0678946 
    0.00476463    0.0634126 
    0.00476478    0.0594185 
     0.0047649    0.0567567 
    0.00476501     0.054393 
    0.00476509    0.0529882 
    0.00476522    0.0509602 
    0.00476532    0.0497047 
     0.0047654    0.0488065 
     0.0047655    0.0479503 
    0.00476559     0.047433 
    0.00476571    0.0470963 
    0.00476576    0.0470679 
    0.00476587    0.0472539 
    0.00476595    0.0476555 
    0.00476604    0.0482885 
    0.00476613     0.049233 
    0.00476624    0.0506027 
    0.00476632    0.0520337 
    0.00476642    0.0538593 
    0.00476651    0.0560715 
    0.00476661    0.0586223 
    0.00476671    0.0615226 
    0.00476682    0.0652446 
    0.00476689    0.0681585 
    0.00476698    0.0718668 
    0.00476707    0.0759156 
    0.00476719    0.0816388 
    0.00476731    0.0879624 
     0.0047674    0.0937075 
     0.0047675    0.0998973 
     0.0047676     0.107006 
    0.00476772     0.115649 
    0.00476783     0.125001 
    0.00476798     0.137429 
    0.00476808     0.147185 
    0.00476818     0.157567 
    0.00476828     0.168595 
    0.00476844     0.186399 
    0.00476859      0.20578 
     0.0047687     0.219616 
    0.00476882     0.237987 
    0.00476895     0.257598 
    0.00476908     0.278501 
    0.00476921      0.30075 
    0.00476937      0.32931 
    0.00476952     0.359995 
    0.00476967     0.392919 
    0.00476983     0.428193 
    0.00477001     0.472489 
    0.00477019     0.520363 
    0.00477037     0.572041 
    0.00477055     0.627756 
     0.0047707     0.678927 
    0.00477086     0.733421 
    0.00477101     0.791426 
    0.00477117     0.853129 
    0.00477132     0.918744 
    0.00477153      1.01269 
    0.00477173      1.11452 
    0.00477189      1.19644 
     0.0047721      1.31358 
    0.00477226      1.41586 
    0.00477246      1.54236 
    0.00477265       1.6786 
    0.00477284      1.82532 
    0.00477303      1.98333 
    0.00477323      2.15348 
    0.00477342      2.33678 
    0.00477361      2.53423 
    0.00477381      2.74699 
      0.004774      2.97631 
    0.00477419      3.22359 
    0.00477439      3.49033 
    0.00477458      3.77822 
    0.00477477      4.08907 
    0.00477497      4.42498 
    0.00477516      4.78813 
    0.00477535      5.18109 
    0.00477555       5.6066 
    0.00477574      6.06778 
    0.00477593      6.56805 
    0.00477612      7.11128 
    0.00477632      7.70172 
    0.00477651      8.34433 
     0.0047767       9.0444 
     0.0047769      9.80806 
    0.00477709      10.6421 
    0.00477728      11.5544 
    0.00477748      12.5813 
    0.00477768      13.7259 
    0.00477788      14.9878 
    0.00477808      16.3813 
    0.00477822      17.3912 
    0.00477835       18.472 
    0.00477854      20.1435 
    0.00477873      21.9361 
    0.00477891      23.9112 
     0.0047791        26.09 
    0.00477928      28.4951 
    0.00477947      31.1518 
    0.00477959      33.0763 
    0.00477972      35.1336 
    0.00477984      37.3329 
    0.00477996      39.6839 
    0.00478009      42.1968 
    0.00478021       44.882 
    0.00478033      47.7504 
    0.00478046      50.8134 
    0.00478058      54.0822 
    0.00478071      57.5684 
    0.00478089      63.2306 
    0.00478108      69.4476 
    0.00478126      76.2561 
    0.00478144      83.2617 
    0.00478159      89.9288 
    0.00478175      97.0677 
     0.0047819       104.69 
    0.00478211      115.619 
     0.0047823      126.817 
    0.00478249      138.149 
    0.00478267      150.164 
    0.00478295      169.375 
    0.00478323      189.834 
     0.0047836      218.539 
    0.00478431      274.687 
    0.00478463      298.135 
    0.00478495      320.193 
    0.00478517      333.227 
    0.00478538      344.628 
    0.00478561      354.539 
    0.00478583      362.228 
    0.00478598      366.042 
    0.00478621      369.687 
    0.00478644      370.909 
    0.00478668      369.409 
    0.00478692      365.286 
    0.00478715      358.711 
    0.00478737      350.757 
    0.00478759      341.161 
    0.00478787      326.219 
    0.00478816      309.375 
     0.0047886      281.859 
    0.00478932      234.551 
    0.00478965      213.883 
    0.00478992      197.391 
     0.0047902      181.942 
    0.00479048      167.633 
    0.00479076      154.506 
    0.00479105      142.134 
    0.00479125      134.047 
    0.00479146      126.558 
    0.00479166      119.637 
    0.00479187       113.25 
    0.00479208       107.36 
    0.00479228      101.933 
    0.00479249       96.932 
     0.0047927       92.267 
    0.00479301      85.8738 
    0.00479333      80.2157 
    0.00479365      75.1936 
    0.00479396      70.7208 
    0.00479428      66.7226 
    0.00479464       62.722 
    0.00479499      59.1617 
    0.00479535      55.9778 
     0.0047957      53.1175 
    0.00479606      50.5365 
    0.00479641      48.1979 
    0.00479677      46.0707 
    0.00479712      44.1289 
    0.00479764       41.599 
    0.00479815      39.3567 
    0.00479867      37.3575 
    0.00479918      35.5654 
     0.0047997       33.951 
    0.00480021        32.49 
    0.00480099      30.5434 
    0.00480176      28.8431 
    0.00480253      27.3467 
     0.0048033      26.0208 
    0.00480408      24.8387 
    0.00480485       23.779 
    0.00480569      22.7415 
    0.00480668      21.6636 
    0.00480766      20.7075 
    0.00480865      19.8541 
    0.00480996      18.8496 
    0.00481109      18.0878 
    0.00481251       17.242 
    0.00481393      16.4997 
    0.00481535      15.8434 
    0.00481724      15.0788 
    0.00481881      14.5227 
     0.0048207      13.9353 
    0.00482258      13.4186 
    0.00482446      12.9607 
    0.00482697      12.4259 
    0.00482952      11.9566 
    0.00483209      11.5418 
    0.00483595      11.0106 
    0.00483853      10.7055 
    0.00484188      10.3566 
     0.0048469      9.91307 
    0.00485192      9.54394 
    0.00485733      9.21035 
    0.00486274      8.92815 
    0.00486994      8.61324 
    0.00487715      8.35201 
    0.00488437      8.13176 
    0.00489518      7.85932 
    0.00490599      7.63884 
    0.00491784      7.44033 
    0.00493432      7.21866 
     0.0049508      7.04232 
    0.00497552      6.83581 
    0.00500024      6.67661 
    0.00503217       6.5171 
     0.0050744      6.35751 
    0.00512899      6.20447 
      0.005198      6.06128 
    0.00529585      5.91092 
     0.0054452      5.73807 
     0.0057447      5.43439 
    0.00584688      5.29952 
      0.005915      5.17623 
    0.00596347      5.05462 
     0.0059936      4.95339 
    0.00601783      4.84877 
    0.00604076      4.72025 
    0.00605648      4.60734 
     0.0060722      4.46424 
    0.00608399      4.32853 
    0.00609185      4.21934 
    0.00609971       4.0903 
    0.00610724      3.94253 
    0.00611265      3.81767 
    0.00611805      3.67269 
    0.00612296      3.51909 
    0.00612787      3.33928 
    0.00613115      3.20139 
     0.0061341      3.06238 
    0.00613705       2.9067 
    0.00613999      2.73138 
     0.0061422      2.58485 
    0.00614458       2.4107 
    0.00614621      2.27911 
    0.00614785      2.13707 
    0.00614949      1.98358 
    0.00615113       1.8176 
    0.00615236      1.68433 
    0.00615358      1.54316 
    0.00615481      1.39392 
    0.00615604      1.23668 
    0.00615733      1.06357 
    0.00615883      0.85344 
    0.00616065     0.597076 
    0.00616135     0.501124 
    0.00616181     0.439713 
     0.0061622     0.390857 
    0.00616251     0.353761 
    0.00616279     0.322868 
    0.00616308     0.291946 
    0.00616328     0.272863 
    0.00616346     0.256602 
    0.00616362     0.242958 
    0.00616379     0.230511 
    0.00616395     0.219384 
    0.00616409     0.211062 
    0.00616426     0.202363 
    0.00616438     0.197618 
    0.00616449     0.193785 
    0.00616461     0.190762 
    0.00616474     0.188941 
    0.00616485     0.188405 
    0.00616495     0.188901 
    0.00616505     0.190334 
    0.00616513     0.192283 
    0.00616523     0.195581 
    0.00616532     0.199574 
     0.0061654     0.204051 
     0.0061655      0.21115 
    0.00616557     0.216273 
    0.00616567     0.225096 
    0.00616575     0.233547 
    0.00616586     0.246115 
    0.00616593     0.255919 
      0.006166     0.266674 
    0.00616611     0.283986 
    0.00616621     0.301933 
    0.00616632     0.323655 
    0.00616641     0.344004 
    0.00616649     0.364165 
    0.00616659     0.390571 
    0.00616668     0.419548 
    0.00616676     0.443065 
    0.00616684     0.471093 
    0.00616693     0.504362 
    0.00616703     0.543747 
    0.00616713     0.590308 
    0.00616722     0.631073 
    0.00616731     0.674838 
     0.0061674     0.728788 
     0.0061675     0.787195 
    0.00616761     0.855883 
    0.00616769     0.912821 
    0.00616777     0.973559 
    0.00616785      1.03833 
    0.00616794      1.11453 
    0.00616804      1.20397 
    0.00616814       1.3005 
    0.00616824      1.40463 
    0.00616834      1.51696 
    0.00616844       1.6381 
    0.00616853      1.76874 
    0.00616863       1.9096 
    0.00616874      2.07467 
    0.00616885      2.26817 
    0.00616897      2.47943 
    0.00616908      2.71008 
    0.00616917      2.90608 
    0.00616927      3.13592 
    0.00616937      3.38374 
    0.00616947      3.65093 
    0.00616957      3.93901 
    0.00616966      4.24955 
    0.00616976       4.5844 
    0.00616986      4.94528 
    0.00616996      5.33425 
    0.00617006      5.75335 
    0.00617016      6.20491 
    0.00617026      6.72289 
    0.00617037      7.30041 
    0.00617047      7.92623 
    0.00617058      8.60431 
    0.00617069      9.33837 
     0.0061708      10.1611 
    0.00617092      11.1147 
    0.00617104      12.1534 
    0.00617116      13.2835 
    0.00617127      14.5116 
    0.00617139      15.8446 
     0.0061715      17.1581 
    0.00617161      18.5703 
    0.00617172      20.0869 
    0.00617183      21.7135 
    0.00617193      23.4558 
    0.00617205      25.4364 
    0.00617217      27.6229 
    0.00617228      29.9672 
     0.0061724      32.4765 
    0.00617252      35.1563 
    0.00617264      38.0126 
    0.00617276      41.0501 
    0.00617291      45.3891 
    0.00617307      50.0649 
    0.00617323      55.0809 
    0.00617338      60.4378 
    0.00617354      66.1303 
     0.0061737      72.1494 
    0.00617392      81.2055 
    0.00617412      89.6665 
    0.00617438       101.53 
    0.00617479      121.147 
    0.00617532      146.699 
    0.00617568      162.863 
    0.00617591      172.804 
    0.00617615      181.816 
    0.00617636      188.799 
    0.00617653      194.013 
    0.00617671      198.419 
    0.00617689      201.959 
    0.00617707      204.593 
     0.0061773      206.626 
    0.00617745       207.07 
    0.00617765      206.651 
    0.00617785      205.039 
    0.00617805       202.29 
    0.00617826      198.481 
    0.00617853      191.802 
    0.00617881      183.636 
     0.0061791      173.827 
    0.00617941        162.1 
    0.00618035      124.974 
    0.00618062      115.121 
    0.00618088      105.766 
    0.00618114      97.0046 
     0.0061814      88.9001 
     0.0061816      83.2714 
    0.00618179      78.0325 
    0.00618202      72.4257 
    0.00618222      68.0418 
    0.00618241      64.0097 
    0.00618261      60.3115 
     0.0061828      56.9267 
      0.006183      53.8338 
    0.00618319       51.011 
    0.00618339      48.4361 
    0.00618364      45.4736 
    0.00618386      43.0557 
    0.00618409      40.8801 
    0.00618432      38.9189 
    0.00618454      37.1473 
    0.00618485      35.0417 
    0.00618515      33.1872 
    0.00618545      31.5451 
    0.00618576       30.083 
    0.00618607      28.7236 
     0.0061864      27.4599 
    0.00618673      26.3253 
    0.00618722       24.825 
    0.00618771      23.5238 
     0.0061882      22.3844 
    0.00618869      21.3782 
    0.00618918      20.4831 
    0.00618984      19.4329 
    0.00619049      18.5175 
    0.00619115      17.7127 
    0.00619175      17.0503 
    0.00619266      16.1786 
    0.00619357      15.4267 
    0.00619448      14.7717 
    0.00619539      14.1961 
    0.00619636      13.6521 
    0.00619747      13.1105 
    0.00619857      12.6352 
    0.00619968      12.2148 
    0.00620115      11.7246 
    0.00620271      11.2781 
    0.00620435      10.8715 
    0.00620598      10.5176 
    0.00620844      10.0654 
    0.00621073      9.71048 
    0.00621302      9.40634 
    0.00621646      9.02345 
    0.00621925      8.76367 
    0.00622252      8.50261 
    0.00622744      8.18008 
    0.00623235      7.91929 
    0.00623726      7.70402 
    0.00624381      7.46932 
     0.0062502      7.28342 
    0.00625658      7.12852 
    0.00626477       6.9642 
    0.00627656      6.77654 
    0.00628835      6.62948 
    0.00630014      6.51092 
    0.00631586       6.3842 
    0.00633944      6.23958 
    0.00637088      6.09976 
    0.00640429      5.99129 
    0.00644948      5.88344 
    0.00651825      5.76747 
     0.0066093      5.66089 
     0.0067458      5.54922 
    0.00696655      5.42232 
    0.00730332      5.27988 
    0.00787582      5.08838 
     0.0101608      4.43184 
     0.0109081      4.18978 
     0.0114105      4.00196 
     0.0118187      3.82557 
     0.0121327      3.66857 
     0.0124216      3.50014 
     0.0126602      3.33644 
     0.0128486      3.18615 
     0.0129994      3.04727 
     0.0131375       2.9011 
     0.0132506      2.76356 
      0.013351      2.62367 
      0.013439       2.4836 
     0.0135143      2.34686 
     0.0135771       2.2181 
     0.0136274      2.10279 
     0.0136776      1.97397 
     0.0137153      1.86667 
      0.013753      1.74831 
     0.0137906      1.61668 
     0.0138158       1.5202 
     0.0138409      1.41555 
      0.013866      1.30162 
     0.0138848      1.20924 
     0.0139037      1.11011 
     0.0139225      1.00363 
     0.0139414     0.889147 
     0.0139571     0.787252 
     0.0139728     0.679339 
     0.0139879     0.570061 
     0.0140026     0.459295 
     0.0140264     0.276939 
     0.0140333     0.225472 
     0.0140385     0.188205 
     0.0140425     0.160545 
     0.0140456     0.139808 
     0.0140481     0.123943 
     0.0140508     0.107906 
     0.0140531    0.0945709 
      0.014055    0.0845341 
     0.0140564    0.0774174 
     0.0140581    0.0696009 
     0.0140593    0.0643633 
     0.0140604    0.0594344 
     0.0140616    0.0548352 
     0.0140628     0.050587 
      0.014064    0.0467138 
     0.0140648    0.0443521 
     0.0140655    0.0421757 
     0.0140663    0.0401927 
     0.0140671    0.0384109 
     0.0140679    0.0368394 
     0.0140687    0.0354868 
     0.0140695    0.0343626 
     0.0140703    0.0334383 
     0.0140709    0.0329245 
     0.0140715    0.0325703 
     0.0140722    0.0323808 
     0.0140726    0.0323489 
     0.0140732    0.0324379 
     0.0140737    0.0326816 
     0.0140743     0.033085 
     0.0140749    0.0336533 
     0.0140754    0.0343914 
      0.014076    0.0353048 
     0.0140766    0.0363988 
     0.0140772    0.0376792 
     0.0140777    0.0391517 
     0.0140783    0.0408225 
     0.0140789    0.0426972 
     0.0140794      0.04469 
       0.01408    0.0468815 
     0.0140805    0.0492784 
     0.0140811    0.0518861 
     0.0140816    0.0547122 
     0.0140822    0.0577621 
      0.014083    0.0627731 
     0.0140838    0.0683282 
     0.0140847    0.0744532 
     0.0140855    0.0811729 
     0.0140863    0.0885177 
     0.0140871    0.0965139 
      0.014088     0.105194 
     0.0140888     0.114589 
     0.0140896     0.124734 
     0.0140904     0.135663 
     0.0140913     0.147415 
     0.0140921     0.160026 
     0.0140929     0.173545 
     0.0140937     0.188008 
     0.0140946     0.203464 
     0.0140954      0.21996 
     0.0140962      0.23755 
     0.0140971     0.258132 
      0.014098     0.281157 
      0.014099     0.305847 
     0.0140999     0.332307 
     0.0141009     0.360631 
     0.0141018     0.390934 
     0.0141028     0.423329 
     0.0141037     0.457945 
     0.0141046     0.494908 
     0.0141056     0.534365 
     0.0141065      0.57646 
     0.0141076     0.627193 
     0.0141086     0.681722 
     0.0141097     0.740324 
     0.0141108     0.803282 
     0.0141118     0.870918 
     0.0141129     0.943559 
     0.0141139      1.02158 
      0.014115      1.10535 
     0.0141161      1.19535 
     0.0141171      1.29201 
     0.0141182      1.40066 
     0.0141194       1.5282 
     0.0141206      1.66665 
     0.0141218      1.81699 
      0.014123      1.98034 
     0.0141242      2.15788 
     0.0141253      2.33528 
     0.0141264      2.52705 
     0.0141276      2.73452 
     0.0141287      2.95914 
     0.0141298      3.20254 
     0.0141308      3.45868 
     0.0141319      3.73183 
      0.014133      4.02743 
      0.014134      4.34769 
     0.0141351      4.69489 
     0.0141362      5.08046 
     0.0141373      5.51922 
     0.0141384      5.99918 
     0.0141396      6.52486 
     0.0141407      7.10144 
     0.0141418      7.73466 
     0.0141429      8.43136 
     0.0141441      9.19882 
     0.0141452      10.0457 
      0.014146      10.6591 
     0.0141467      11.3154 
     0.0141475      12.0179 
     0.0141485      13.0334 
     0.0141494      14.0757 
     0.0141504      15.2148 
     0.0141513      16.4619 
     0.0141522      17.8286 
     0.0141532      19.3288 
     0.0141541      20.9773 
     0.0141551      22.7915 
      0.014156      24.7897 
      0.014157      26.9933 
     0.0141579      29.4251 
     0.0141587      31.8311 
     0.0141596       34.463 
     0.0141604      37.3433 
     0.0141613      40.4951 
     0.0141621      43.9433 
      0.014163      47.7127 
     0.0141638      51.8287 
     0.0141647      56.3143 
     0.0141655      61.1932 
     0.0141664      66.4811 
     0.0141673      72.4104 
     0.0141682      79.2687 
     0.0141691      86.6361 
     0.0141701      94.4736 
     0.0141713      105.536 
     0.0141745      134.552 
     0.0141756      143.991 
     0.0141767      152.597 
     0.0141777      160.005 
     0.0141786       164.91 
     0.0141795      168.664 
     0.0141804      171.164 
     0.0141813      172.355 
     0.0141816      172.463 
     0.0141823      172.023 
     0.0141831      170.752 
     0.0141838      168.702 
     0.0141847      164.884 
     0.0141857       160.01 
     0.0141866      154.302 
     0.0141881      144.659 
     0.0141921       115.67 
     0.0141934      106.767 
     0.0141948      98.4568 
     0.0141961      90.8064 
     0.0141971      85.4294 
     0.0141981      80.4375 
     0.0141991      75.8153 
     0.0142001      71.5435 
     0.0142011      67.5991 
     0.0142021      63.9595 
     0.0142031      60.6006 
     0.0142041      57.5001 
     0.0142054       53.954 
     0.0142066      50.7383 
     0.0142079       47.817 
     0.0142091      45.1585 
     0.0142104      42.7338 
     0.0142117       40.518 
     0.0142129      38.4887 
     0.0142142      36.6263 
      0.014216      34.1078 
     0.0142179      31.8762 
     0.0142198      29.8895 
     0.0142217      28.1134 
     0.0142236      26.5188 
     0.0142259      24.8003 
     0.0142283      23.1536 
     0.0142308      21.7005 
     0.0142333      20.4103 
     0.0142358      19.2581 
     0.0142374      18.5567 
       0.01424       17.561 
     0.0142425      16.6652 
     0.0142451      15.8561 
     0.0142476      15.1219 
     0.0142502      14.4524 
      0.014254      13.5533 
     0.0142579      12.7616 
     0.0142621      11.9915 
     0.0142664      11.3127 
     0.0142706      10.7104 
     0.0142748      10.1727 
     0.0142791      9.68993 
     0.0142833      9.25429 
      0.014289      8.73572 
     0.0142946      8.27715 
     0.0143003      7.86877 
     0.0143059      7.50284 
     0.0143116      7.17369 
       0.01432      6.73562 
     0.0143285      6.35438 
     0.0143368      6.02149 
     0.0143452       5.7253 
     0.0143539      5.45006 
     0.0143598      5.27912 
     0.0143715      4.96968 
     0.0143816      4.73336 
     0.0143917      4.51975 
     0.0144058      4.25146 
     0.0144204      4.00241 
     0.0144351       3.7782 
     0.0144497      3.57401 
     0.0144689      3.33113 
     0.0144807      3.19213 
     0.0145044      2.93406 
      0.014528      2.69713 
     0.0145517       2.4743 
     0.0145827      2.19858 
       0.01462      1.88222 
       0.01468      1.39097 
      0.014743     0.882206 
     0.0147714     0.657907 
     0.0147872     0.536635 
     0.0147998     0.442502 
     0.0148109       0.3631 
     0.0148198     0.301377 
     0.0148261      0.25959 
     0.0148324      0.21959 
     0.0148372       0.1909 
     0.0148419     0.163465 
     0.0148458     0.141654 
     0.0148495     0.122283 
     0.0148528     0.105861 
     0.0148554    0.0933559 
     0.0148581    0.0814476 
     0.0148606    0.0707188 
     0.0148629    0.0613694 
     0.0148647    0.0542789 
     0.0148664    0.0480205 
      0.014868    0.0423104 
     0.0148697    0.0369133 
      0.014871    0.0328286 
     0.0148724    0.0287692 
     0.0148734    0.0258388 
     0.0148745    0.0230525 
     0.0148755    0.0204143 
     0.0148765     0.018078 
     0.0148775    0.0158784 
     0.0148783     0.014219 
      0.014879    0.0127777 
     0.0148797    0.0115347 
     0.0148803    0.0103569 
      0.014881   0.00924536 
     0.0148816   0.00835321 
      0.014882   0.00765531 
     0.0148825   0.00699111 
      0.014883   0.00620878 
     0.0148836   0.00556083 
     0.0148839   0.00508854 
     0.0148843   0.00464205 
     0.0148847   0.00422177 
     0.0148851   0.00389152 
     0.0148854    0.0035798 
     0.0148857    0.0032866 
     0.0148861   0.00301217 
     0.0148863   0.00280605 
     0.0148866   0.00261215 
     0.0148868   0.00243042 
     0.0148871   0.00226104 
     0.0148873   0.00212288 
     0.0148876    0.0019943 
     0.0148878   0.00187526 
      0.014888   0.00176587 
     0.0148882   0.00167975 
     0.0148884    0.0016008 
     0.0148886     0.001529 
     0.0148888   0.00146443 
      0.014889   0.00141155 
     0.0148892   0.00136481 
     0.0148894   0.00132417 
     0.0148895   0.00128971 
     0.0148897   0.00126373 
     0.0148899   0.00124288 
       0.01489   0.00122717 
     0.0148902   0.00121663 
     0.0148904   0.00121059 
     0.0148905   0.00121057 
     0.0148906   0.00121395 
     0.0148909    0.0012278 
     0.0148911   0.00125234 
     0.0148913   0.00127532 
     0.0148914   0.00130415 
     0.0148916    0.0013383 
     0.0148918   0.00139953 
     0.0148921   0.00147295 
     0.0148923   0.00155852 
     0.0148925   0.00162234 
     0.0148927   0.00170621 
     0.0148929   0.00179795 
     0.0148931   0.00189765 
     0.0148933   0.00200528 
     0.0148936   0.00218189 
     0.0148939   0.00237658 
     0.0148942   0.00260196 
     0.0148944   0.00278116 
     0.0148948   0.00307093 
      0.014895   0.00327816 
     0.0148953   0.00359411 
     0.0148956   0.00393332 
      0.014896   0.00429611 
     0.0148963   0.00468248 
     0.0148967   0.00517788 
     0.0148971   0.00570786 
     0.0148975   0.00627294 
     0.0148979   0.00687323 
     0.0148983    0.0076189 
     0.0148988   0.00841348 
     0.0148993   0.00925774 
     0.0148997    0.0101519 
     0.0149002    0.0112363 
     0.0149008    0.0123874 
     0.0149013    0.0136065 
      0.014902    0.0153108 
     0.0149026    0.0170458 
     0.0149033    0.0188914 
      0.014904    0.0208494 
     0.0149046    0.0230281 
     0.0149054    0.0256752 
     0.0149062    0.0284925 
      0.014907    0.0314833 
     0.0149078    0.0347866 
     0.0149088     0.038719 
     0.0149097    0.0429019 
     0.0149106    0.0473412 
     0.0149116     0.052562 
     0.0149126    0.0579281 
     0.0149136    0.0636103 
     0.0149146    0.0696152 
     0.0149156    0.0759507 
     0.0149169    0.0849245 
     0.0149182    0.0945179 
     0.0149195     0.104749 
     0.0149208      0.11564 
     0.0149222     0.127957 
     0.0149234     0.139484 
     0.0149251      0.15585 
     0.0149267     0.173397 
     0.0149284     0.192172 
     0.0149299     0.210535 
     0.0149314     0.230014 
     0.0149329     0.250655 
     0.0149344     0.272499 
     0.0149364     0.303578 
      0.014938     0.329921 
     0.0149396     0.357797 
     0.0149417     0.397466 
     0.0149439     0.440132 
     0.0149456     0.476358 
     0.0149475     0.519268 
     0.0149494     0.564912 
     0.0149512     0.613427 
     0.0149531     0.664965 
      0.014955     0.719677 
     0.0149572     0.787746 
     0.0149594     0.860605 
     0.0149617      0.93853 
     0.0149639      1.02182 
     0.0149661      1.11082 
     0.0149683      1.20591 
     0.0149705      1.30747 
     0.0149727      1.41589 
     0.0149749      1.53162 
     0.0149771      1.65509 
     0.0149794      1.79329 
     0.0149819       1.9551 
     0.0149845      2.12927 
      0.014987      2.31673 
     0.0149895       2.5185 
      0.014992      2.73565 
     0.0149946      2.96942 
     0.0149971      3.22108 
     0.0149996      3.49207 
     0.0150021      3.78391 
     0.0150047      4.09833 
     0.0150072      4.43715 
     0.0150097      4.80242 
     0.0150122       5.1963 
     0.0150148      5.62129 
     0.0150173      6.07998 
     0.0150198      6.57532 
     0.0150223      7.11052 
     0.0150249      7.68912 
     0.0150274      8.31496 
     0.0150299      8.99234 
     0.0150324      9.72592 
     0.0150349       10.521 
     0.0150375      11.3832 
       0.01504      12.3189 
     0.0150425      13.3349 
      0.015045      14.4391 
     0.0150476        15.64 
     0.0150501      16.9469 
     0.0150526        18.37 
     0.0150551      19.9209 
     0.0150577      21.6119 
     0.0150602      23.4569 
     0.0150627       25.471 
     0.0150652      27.6705 
     0.0150678      30.0732 
     0.0150703      32.6985 
     0.0150728      35.5668 
     0.0150753      38.7006 
     0.0150778      42.1224 
     0.0150804      45.8562 
     0.0150829      49.9259 
     0.0150854      54.3551 
     0.0150879      59.1656 
     0.0150905      64.3766 
      0.015093      70.0023 
     0.0150955      76.0528 
      0.015098      82.5279 
     0.0151006      89.5589 
     0.0151042      99.9409 
     0.0151087      113.696 
      0.015116      136.839 
       0.01512       148.59 
      0.015123      156.463 
      0.015126      163.199 
      0.015128       166.93 
     0.0151308      171.049 
     0.0151334      173.461 
     0.0151359      174.668 
     0.0151371      174.825 
     0.0151397      174.285 
     0.0151426      172.306 
     0.0151456      169.037 
     0.0151485      164.708 
     0.0151515      159.572 
     0.0151544      153.859 
     0.0151632      135.218 
     0.0151706      119.847 
      0.015175       111.26 
     0.0151794      103.295 
     0.0151838      95.9863 
     0.0151883      89.3275 
     0.0151927      83.2874 
     0.0151971      77.8213 
     0.0152015      72.8795 
     0.0152059      68.4113 
     0.0152103       64.368 
     0.0152148      60.7045 
     0.0152192      57.3796 
     0.0152236       54.356 
      0.015228       51.601 
     0.0152339       48.295 
     0.0152398      45.3545 
     0.0152457      42.7288 
     0.0152516      40.3751 
     0.0152574      38.2573 
     0.0152633      36.3448 
     0.0152692      34.6117 
     0.0152751      33.0358 
     0.0152812      31.5494 
     0.0152875       30.149 
      0.015297      28.2753 
     0.0153063      26.6521 
     0.0153155      25.2428 
     0.0153246      23.9852 
      0.015335      22.7136 
     0.0153461      21.5209 
     0.0153571       20.465 
     0.0153697      19.3937 
     0.0153824      18.4462 
      0.015395       17.604 
     0.0154076      16.8502 
     0.0154202      16.1727 
     0.0154391      15.2759 
     0.0154581      14.4981 
      0.015477      13.8177 
     0.0154959      13.2178 
     0.0155085      12.8558 
     0.0155338       12.209 
      0.015559       11.648 
     0.0155842      11.1575 
     0.0156095      10.7256 
     0.0156326      10.3696 
     0.0156621      9.96732 
     0.0156926      9.59946 
     0.0157241      9.26217 
     0.0157714       8.8234 
      0.015824      8.41101 
     0.0158661      8.12586 
     0.0159291      7.75697 
     0.0159922      7.44379 
     0.0160553      7.17405 
     0.0161394      6.86687 
     0.0162236      6.60622 
     0.0163287      6.33019 
     0.0164339       6.0946 
       0.01656      5.85386 
     0.0167073      5.61554 
     0.0168755      5.38344 
     0.0170648      5.15938 
     0.0173171      4.90305 
     0.0176115      4.64406 
     0.0179901      4.34726 
     0.0189394      3.65024 
     0.0192607      3.39442 
     0.0195074      3.17764 
      0.019713      2.97623 
     0.0198775      2.79554 
     0.0200009      2.64443 
     0.0201242      2.47546 
      0.020227      2.31674 
     0.0203093      2.17434 
      0.020371      2.05617 
     0.0204326       1.9259 
     0.0204738      1.83097 
     0.0205149      1.72833 
      0.020556      1.61669 
      0.020592      1.51046 
     0.0206228      1.41188 
     0.0206537      1.30541 
     0.0206845      1.18996 
     0.0207076      1.09674 
     0.0207308      0.99725 
     0.0207475     0.921241 
      0.020768     0.822539 
     0.0207873     0.724764 
      0.020806     0.625159 
     0.0208243     0.523489 
     0.0208502     0.375036 
     0.0208677     0.274532 
     0.0208767       0.2246 
     0.0208829     0.191616 
      0.020888     0.165239 
     0.0208922     0.145054 
     0.0208955     0.129385 
     0.0208986     0.115615 
     0.0209017     0.102611 
      0.020904    0.0934206 
     0.0209061    0.0854634 
     0.0209084    0.0773411 
     0.0209101    0.0716656 
     0.0209119    0.0663757 
     0.0209136     0.061502 
     0.0209154    0.0569203 
     0.0209167    0.0539623 
      0.020918    0.0512823 
     0.0209193    0.0488948 
     0.0209206    0.0468148 
     0.0209218    0.0450584 
     0.0209231    0.0436427 
     0.0209241    0.0428151 
     0.0209251    0.0421972 
      0.020926     0.041797 
     0.0209271    0.0416169 
     0.0209282    0.0417507 
     0.0209291    0.0421072 
     0.0209301    0.0426952 
      0.020931    0.0435237 
     0.0209319    0.0446012 
     0.0209328    0.0459374 
     0.0209337    0.0475417 
     0.0209346    0.0494245 
     0.0209356    0.0515958 
     0.0209365    0.0540668 
     0.0209374    0.0568483 
     0.0209383    0.0598959 
     0.0209392    0.0632662 
     0.0209401    0.0669719 
      0.020941    0.0710247 
     0.0209419    0.0754388 
     0.0209428    0.0802265 
     0.0209437    0.0854026 
     0.0209446     0.090981 
     0.0209457    0.0987714 
     0.0209469     0.107286 
     0.0209481     0.116561 
     0.0209492     0.126634 
     0.0209504     0.137546 
     0.0209515     0.149336 
     0.0209527     0.162051 
     0.0209538     0.175734 
      0.020955     0.190439 
     0.0209561     0.206212 
     0.0209573     0.223112 
     0.0209585     0.241194 
     0.0209596     0.260522 
     0.0209608     0.281159 
     0.0209619     0.303172 
     0.0209631     0.326632 
     0.0209645     0.358116 
      0.020966     0.392137 
     0.0209674     0.428869 
     0.0209689     0.468493 
     0.0209703     0.511213 
     0.0209718     0.558088 
     0.0209733     0.609094 
     0.0209748     0.664101 
     0.0209762     0.723412 
     0.0209777     0.787327 
     0.0209792     0.855264 
     0.0209806     0.926375 
      0.020982      1.00274 
     0.0209835      1.08474 
     0.0209849      1.17282 
     0.0209863      1.26742 
     0.0209878      1.37479 
     0.0209893      1.49061 
     0.0209908      1.61558 
     0.0209923      1.75043 
     0.0209938      1.89601 
     0.0209954      2.05599 
     0.0209969      2.23056 
     0.0209985      2.41961 
         0.021       2.6245 
     0.0210015      2.84664 
     0.0210031      3.08767 
     0.0210046      3.34934 
     0.0210062      3.63364 
     0.0210077      3.94271 
     0.0210092      4.27904 
     0.0210108      4.64535 
     0.0210123      5.04487 
     0.0210139      5.48098 
     0.0210154      5.95763 
      0.021017      6.47908 
     0.0210185      7.05023 
     0.0210199      7.63287 
     0.0210213      8.24479 
     0.0210227      8.91079 
     0.0210241      9.63654 
     0.0210255       10.428 
     0.0210269      11.2921 
     0.0210283      12.2364 
     0.0210297      13.2694 
      0.021031      14.4003 
     0.0210324      15.6398 
     0.0210338      16.9992 
     0.0210352      18.4915 
     0.0210366      20.1303 
      0.021038      21.9311 
     0.0210394      23.9102 
     0.0210408      26.0855 
      0.021042      28.2908 
     0.0210433      30.5956 
     0.0210445       33.098 
     0.0210457      35.8125 
      0.021047      38.7512 
     0.0210483      42.0642 
     0.0210496      45.9425 
      0.021051      50.1407 
     0.0210524      54.6586 
     0.0210538      59.4861 
     0.0210552      64.5989 
     0.0210574      73.0222 
     0.0210617      90.5742 
     0.0210638      98.8908 
     0.0210654      104.395 
      0.021067      109.162 
     0.0210682       112.14 
     0.0210694      114.531 
     0.0210702      115.775 
     0.0210715      117.225 
     0.0210729      117.798 
     0.0210731      117.809 
     0.0210741      117.551 
     0.0210754      116.586 
     0.0210767      114.961 
      0.021078      112.756 
     0.0210797      109.066 
     0.0210814      104.724 
     0.0210839      97.4547 
     0.0210893      81.3115 
     0.0210915      75.2653 
     0.0210936      69.6191 
     0.0210958      64.4179 
      0.021098      59.6711 
     0.0210996      56.3509 
     0.0211013      53.2755 
     0.0211029      50.4302 
     0.0211045      47.8001 
     0.0211062       45.369 
     0.0211087      42.0622 
     0.0211111      39.1192 
     0.0211132      36.9114 
     0.0211152      34.9013 
     0.0211173      33.0675 
     0.0211193      31.3914 
     0.0211214      29.8561 
     0.0211235       28.447 
     0.0211265      26.5416 
     0.0211296      24.8531 
     0.0211327      23.3501 
     0.0211358      22.0063 
     0.0211389      20.7999 
      0.021142      19.7126 
     0.0211454      18.6125 
     0.0211497        17.42 
     0.0211539      16.3693 
     0.0211581      15.4374 
     0.0211624       14.605 
     0.0211666      13.8588 
     0.0211716      13.0725 
     0.0211767      12.3747 
     0.0211817      11.7511 
     0.0211867      11.1902 
     0.0211917      10.6838 
      0.021197      10.2023 
     0.0212042      9.61654 
     0.0212114      9.10073 
     0.0212185      8.64328 
     0.0212257      8.23497 
     0.0212329      7.86839 
     0.0212401       7.5375 
     0.0212509      7.09747 
     0.0212617      6.71344 
     0.0212725      6.37526 
     0.0212833      6.07544 
     0.0212941      5.80736 
     0.0213085      5.48979 
     0.0213229      5.21067 
     0.0213373      4.96295 
      0.021354      4.70827 
     0.0213707      4.48104 
     0.0213882      4.26907 
     0.0214056      4.07762 
     0.0214323      3.81729 
      0.021459      3.58813 
     0.0214857      3.38314 
     0.0215124      3.19724 
      0.021548      2.97252 
      0.021587      2.74914 
      0.021633      2.50868 
      0.021679      2.28556 
     0.0217293      2.05482 
     0.0217994      1.74835 
     0.0219132      1.26697 
      0.022027     0.792583 
     0.0220752     0.596128 
     0.0221058     0.474776 
     0.0221277      0.39092 
     0.0221474     0.318319 
     0.0221606     0.271798 
     0.0221715     0.234577 
     0.0221825     0.198905 
     0.0221915     0.170789 
     0.0221983     0.150354 
     0.0222052     0.130822 
     0.0222109     0.115142 
     0.0222164      0.10087 
     0.0222219    0.0872908 
     0.0222265    0.0763294 
     0.0222306     0.067123 
     0.0222347    0.0583769 
     0.0222385    0.0506622 
      0.022242    0.0441589 
     0.0222447    0.0392268 
     0.0222474    0.0345431 
     0.0222501    0.0302235 
     0.0222526    0.0264341 
     0.0222546    0.0235641 
     0.0222565    0.0209334 
     0.0222582     0.018704 
     0.0222599    0.0165901 
     0.0222616    0.0145941 
     0.0222632    0.0128548 
     0.0222647     0.011306 
     0.0222659    0.0101359 
     0.0222671   0.00902797 
     0.0222681   0.00812864 
      0.022269   0.00741513 
       0.02227   0.00656978 
     0.0222709   0.00593122 
     0.0222717   0.00532645 
     0.0222726   0.00475592 
     0.0222735   0.00421999 
     0.0222741   0.00384102 
     0.0222748   0.00343546 
     0.0222754   0.00312076 
      0.022276   0.00282364 
     0.0222766   0.00254424 
     0.0222771   0.00231893 
     0.0222776   0.00214123 
      0.022278   0.00197276 
     0.0222784   0.00181356 
     0.0222788   0.00166367 
     0.0222793   0.00152313 
     0.0222797   0.00139201 
     0.0222801   0.00127038 
     0.0222805   0.00117447 
     0.0222808   0.00110066 
     0.0222811   0.00103157 
     0.0222814  0.000967205 
     0.0222817  0.000911677 
     0.0222819  0.000864057 
     0.0222822  0.000819949 
     0.0222824  0.000779363 
     0.0222827  0.000742303 
     0.0222829  0.000708782 
     0.0222832  0.000678817 
     0.0222835   0.00065242 
     0.0222837  0.000629596 
      0.022284   0.00061036 
     0.0222842  0.000594726 
     0.0222845  0.000582704 
     0.0222847  0.000575453 
      0.022285  0.000570083 
     0.0222852  0.000568357 
     0.0222854  0.000569464 
     0.0222856  0.000573112 
     0.0222858  0.000579313 
      0.022286  0.000588073 
     0.0222863  0.000601975 
     0.0222865  0.000617186 
     0.0222868  0.000635235 
     0.0222871  0.000663755 
     0.0222874  0.000697362 
     0.0222876  0.000730258 
     0.0222879  0.000766913 
     0.0222881   0.00080736 
     0.0222884  0.000851587 
     0.0222886  0.000899649 
     0.0222889  0.000951514 
     0.0222893   0.00103652 
     0.0222896    0.0011033 
     0.0222899   0.00118029 
     0.0222902   0.00126256 
     0.0222905   0.00135012 
     0.0222908   0.00146362 
     0.0222912   0.00160726 
     0.0222917   0.00176187 
     0.0222921   0.00192751 
     0.0222925   0.00210426 
      0.022293   0.00229219 
     0.0222934   0.00249132 
     0.0222938   0.00270173 
     0.0222943   0.00294629 
     0.0222948   0.00322885 
     0.0222953   0.00352794 
     0.0222958   0.00384366 
     0.0222965   0.00426422 
      0.022297   0.00466702 
     0.0222978   0.00523817 
     0.0222986    0.0058487 
     0.0222994   0.00652337 
     0.0223003   0.00731934 
     0.0223012   0.00816859 
     0.0223021   0.00907183 
      0.022303     0.010079 
     0.0223041    0.0113048 
     0.0223051    0.0126113 
     0.0223062    0.0139997 
     0.0223074    0.0155976 
     0.0223084    0.0171604 
     0.0223095    0.0188088 
     0.0223109    0.0211414 
     0.0223123    0.0236305 
     0.0223136    0.0259392 
     0.0223149    0.0285506 
     0.0223163    0.0313068 
      0.022318    0.0352121 
     0.0223198    0.0393859 
     0.0223214    0.0433253 
      0.022323    0.0474859 
     0.0223246    0.0518726 
     0.0223267     0.058081 
     0.0223288    0.0647776 
      0.022331    0.0721302 
     0.0223332    0.0799648 
     0.0223354    0.0882958 
     0.0223377    0.0975935 
     0.0223403     0.108932 
     0.0223429     0.121057 
     0.0223455     0.133997 
     0.0223483     0.148524 
     0.0223507     0.161812 
     0.0223539     0.180687 
      0.022357     0.200937 
     0.0223602     0.222625 
     0.0223634     0.246033 
     0.0223666      0.27105 
     0.0223698     0.297736 
      0.022373     0.326149 
     0.0223762     0.356371 
     0.0223795     0.389058 
     0.0223827     0.424105 
      0.022386     0.461343 
     0.0223893      0.50088 
     0.0223926      0.54282 
     0.0223961     0.590337 
        0.0224     0.647404 
      0.022404     0.708508 
     0.0224079     0.773884 
     0.0224119     0.843785 
     0.0224158     0.918474 
     0.0224197     0.998245 
     0.0224237      1.08339 
     0.0224276      1.17425 
     0.0224316      1.27116 
     0.0224355       1.3745 
     0.0224399      1.49733 
     0.0224445      1.63602 
     0.0224491      1.78535 
     0.0224537      1.94614 
     0.0224583      2.11923 
     0.0224629      2.30555 
     0.0224675      2.50611 
     0.0224721        2.722 
     0.0224767       2.9544 
     0.0224812      3.20462 
     0.0224858      3.47403 
     0.0224904      3.76421 
      0.022495      4.07678 
     0.0224996      4.41357 
     0.0225042      4.77655 
     0.0225088      5.16789 
     0.0225134      5.58994 
      0.022518      6.04528 
     0.0225226      6.53669 
     0.0225272      7.06728 
     0.0225318      7.64037 
     0.0225364      8.25964 
      0.022541      8.92909 
     0.0225456      9.65311 
     0.0225502      10.4364 
     0.0225548      11.2843 
     0.0225594      12.2024 
      0.022564      13.1969 
     0.0225686      14.2744 
     0.0225732      15.4424 
     0.0225778      16.7085 
     0.0225824      18.0815 
      0.022587      19.5702 
     0.0225916      21.1844 
     0.0225962      22.9344 
     0.0226008       24.831 
     0.0226054      26.8854 
       0.02261       29.109 
     0.0226146      31.5134 
     0.0226192      34.1099 
     0.0226238      36.9092 
     0.0226284      39.9208 
     0.0226329      43.1525 
     0.0226382      47.1223 
     0.0226435      51.3887 
     0.0226487      55.9477 
     0.0226557      62.4622 
     0.0226647      71.3836 
     0.0226833        90.59 
     0.0226907      97.8049 
     0.0226969      103.155 
      0.022703      107.768 
     0.0227076      110.643 
     0.0227122       112.95 
     0.0227168      114.651 
     0.0227214      115.737 
      0.022726      116.208 
     0.0227275      116.229 
     0.0227334      115.708 
     0.0227393       114.31 
     0.0227452      112.141 
     0.0227512      109.371 
      0.022759      105.007 
     0.0227695      98.4213 
     0.0227906      84.6021 
     0.0228011      78.0671 
     0.0228116      72.0088 
     0.0228221      66.4827 
     0.0228326      61.4928 
     0.0228431       57.013 
     0.0228536      53.0032 
     0.0228641      49.4175 
     0.0228746      46.2097 
     0.0228851      43.3362 
     0.0228956      40.7572 
     0.0229061       38.437 
     0.0229166      36.3443 
     0.0229271      34.4516 
     0.0229377       32.735 
     0.0229482      31.1737 
     0.0229622       29.303 
     0.0229762      27.6406 
     0.0229902      26.1563 
     0.0230042      24.8253 
     0.0230182      23.6266 
     0.0230322      22.5428 
     0.0230471      21.5008 
     0.0230629      20.5051 
     0.0230848      19.2788 
     0.0231072      18.1757 
     0.0231325      17.0913 
     0.0231571      16.1684 
     0.0231828      15.3216 
     0.0232091      14.5581 
     0.0232354      13.8779 
     0.0232616      13.2728 
     0.0232879      12.7275 
     0.0233229      12.0826 
     0.0233579      11.5152 
      0.023393      11.0121 
      0.023428      10.5628 
     0.0234805      9.97218 
     0.0235331      9.46279 
     0.0235856      9.01852 
     0.0236381      8.62915 
     0.0236907      8.27974 
     0.0237563      7.89507 
      0.023833      7.50406 
     0.0239052      7.18023 
     0.0240001      6.80652 
     0.0241031      6.45577 
     0.0242061      6.14697 
     0.0243297      5.82115 
     0.0244738      5.48763 
      0.024618      5.19223 
     0.0247922      4.87032 
     0.0249918      4.53863 
     0.0252293      4.17791 
     0.0255334      3.74819 
     0.0263315      2.66613 
     0.0266355      2.23725 
     0.0268636      1.90165 
     0.0270916      1.55254 
     0.0273196      1.19132 
     0.0275857     0.764423 
     0.0276831     0.611412 
     0.0277425     0.520837 
       0.02779     0.450424 
     0.0278261     0.398225 
     0.0278693     0.338149 
     0.0279002     0.297007 
     0.0279239     0.266543 
     0.0279524     0.231213 
     0.0279752     0.204353 
      0.027998     0.178779 
     0.0280187      0.15679 
     0.0280387     0.136728 
     0.0280532     0.122961 
     0.0280674     0.110116 
     0.0280817    0.0979952 
     0.0280952    0.0871942 
     0.0281042    0.0803977 
     0.0281133    0.0739312 
     0.0281225     0.067666 
      0.028132    0.0616408 
     0.0281415    0.0560347 
     0.0281486    0.0521149 
     0.0281558    0.0484471 
     0.0281622    0.0453674 
     0.0281686     0.042503 
      0.028175    0.0398561 
     0.0281814    0.0374277 
     0.0281878    0.0352387 
     0.0281943    0.0332926 
     0.0282007    0.0315914 
     0.0282071    0.0301413 
     0.0282135    0.0289488 
     0.0282178    0.0283002 
      0.028222     0.027771 
     0.0282276     0.027263 
     0.0282328    0.0269805 
      0.028238    0.0268831 
     0.0282419    0.0269385 
     0.0282459    0.0271078 
     0.0282499    0.0273921 
     0.0282539    0.0277936 
     0.0282579    0.0283145 
     0.0282618    0.0289565 
     0.0282658    0.0297219 
     0.0282698    0.0306123 
     0.0282741     0.031711 
     0.0282783    0.0329591 
     0.0282826    0.0343592 
     0.0282869    0.0359137 
     0.0282912    0.0376255 
     0.0282954    0.0394971 
     0.0282997    0.0415313 
     0.0283061    0.0448937 
     0.0283125    0.0486379 
      0.028319    0.0527738 
     0.0283254    0.0573114 
     0.0283318    0.0622613 
     0.0283382    0.0676339 
     0.0283453    0.0741141 
     0.0283525      0.08116 
     0.0283596    0.0887794 
     0.0283667    0.0969637 
     0.0283738     0.105746 
      0.028381     0.115146 
     0.0283881     0.125181 
     0.0283952     0.135871 
     0.0284023     0.147233 
     0.0284095     0.159289 
      0.028419     0.176475 
     0.0284285     0.194978 
      0.028438      0.21485 
     0.0284475     0.236144 
      0.028457     0.258916 
     0.0284665     0.283225 
      0.028476      0.30913 
     0.0284855     0.336695 
      0.028495     0.365987 
     0.0285045     0.397073 
      0.028514     0.430025 
     0.0285235     0.464917 
      0.028533     0.501827 
     0.0285425     0.540837 
     0.0285567     0.603472 
      0.028571     0.671321 
     0.0285852     0.744704 
     0.0285995     0.823962 
     0.0286137     0.909458 
      0.028628      1.00185 
     0.0286422      1.10119 
     0.0286594      1.23016 
     0.0286708      1.32251 
     0.0286879      1.47125 
      0.028705      1.63316 
     0.0287221      1.80925 
     0.0287335      1.93485 
     0.0287506      2.13693 
     0.0287677      2.35632 
     0.0287848      2.59435 
     0.0288019      2.85241 
      0.028819      3.13207 
     0.0288361      3.43506 
     0.0288532      3.76334 
     0.0288703      4.11903 
     0.0288874      4.50441 
     0.0289045      4.92184 
     0.0289216      5.37384 
     0.0289387      5.86308 
     0.0289558      6.39255 
     0.0289729      6.96556 
       0.02899       7.5858 
     0.0290071      8.25726 
     0.0290242       8.9842 
     0.0290413        9.771 
     0.0290584      10.6223 
     0.0290755      11.5429 
     0.0290926       12.538 
     0.0291097      13.6136 
     0.0291268      14.7759 
     0.0291439      16.0314 
      0.029161       17.387 
     0.0291781      18.8494 
     0.0291952       20.425 
     0.0292123      22.1203 
     0.0292294      23.9418 
     0.0292465      25.8959 
     0.0292636      27.9888 
     0.0292808      30.2258 
     0.0292979      32.6108 
     0.0293207      36.0244 
     0.0293435      39.6993 
     0.0293606      42.6257 
     0.0293891      47.7989 
     0.0294185      53.4746 
     0.0295012      70.0847 
     0.0295354      76.5454 
     0.0295586       80.519 
     0.0295821       84.088 
     0.0296049       87.032 
      0.029627      89.2863 
     0.0296494      90.9914 
     0.0296722      92.0888 
     0.0296912      92.5201 
     0.0296988      92.5806 
     0.0297216      92.3621 
     0.0297444      91.6171 
     0.0297815      89.4783 
     0.0298062      87.5454 
     0.0298432      84.1104 
      0.029904      77.7241 
     0.0299912      68.3794 
     0.0299956      67.9574 
          0.03      67.6473 
          0.03      8.68027 
     0.0304232      8.65645 
     0.0308525      8.63228 
       0.03125       8.6099 
     0.0316909      8.58652 
      0.032138      8.56281 
        0.0325      8.54361 
     0.0329585      8.52126 
     0.0334235       8.4986 
      0.033895      8.47562 
     0.0343732      8.45231 
     0.0348582      8.42867 
         0.035      8.42176 
     0.0354938      8.40012 
     0.0359945      8.37817 
     0.0365024      8.35592 
     0.0370173      8.33335 
        0.0375      8.31219 
     0.0380291      8.29118 
     0.0385656      8.26988 
     0.0391097      8.24827 
     0.0396614      8.22636 
          0.04      8.21292 
     0.0405643      8.19248 
     0.0411366      8.17176 
      0.041717      8.15074 
     0.0423055      8.12943 
        0.0425      8.12239 
     0.0430996      8.10247 
     0.0437077      8.08228 
     0.0443243      8.06179 
     0.0449496      8.04102 
         0.045      8.03935 
     0.0456349      8.01991 
     0.0462787      8.00019 
     0.0469316       7.9802 
        0.0475      7.96279 
     0.0481701      7.94379 
     0.0488497      7.92451 
     0.0495389      7.90496 
          0.05      7.89188 
     0.0507054      7.87342 
     0.0514208       7.8547 
     0.0521462      7.83572 
     0.0528819      7.81646 
      0.053125       7.8101 
     0.0538745      7.79208 
     0.0546346       7.7738 
     0.0554054      7.75527 
      0.056187      7.73647 
       0.05625      7.73496 
     0.0570436      7.71734 
     0.0578484      7.69947 
     0.0586645      7.68134 
      0.059375      7.66557 
     0.0602127      7.64831 
     0.0610622       7.6308 
     0.0619236      7.61305 
        0.0625      7.60118 
     0.0633818      7.58479 
      0.064276      7.56818 
     0.0651828      7.55133 
     0.0661024      7.53425 
      0.067035      7.51692 
     0.0679807      7.49935 
       0.06875      7.48505 
     0.0697199      7.46918 
     0.0707036      7.45308 
     0.0717011      7.43676 
     0.0727126       7.4202 
     0.0737385      7.40341 
     0.0747788      7.38639 
         0.075      7.38277 
     0.0760581      7.36733 
     0.0771312      7.35167 
     0.0782193      7.33578 
     0.0793229      7.31968 
      0.080442      7.30335 
       0.08125      7.29156 
     0.0823963      7.27648 
     0.0835588       7.2612 
     0.0847376      7.24569 
     0.0859331      7.22997 
     0.0871455      7.21403 
        0.0875      7.20937 
     0.0887345      7.19461 
     0.0899864      7.17964 
     0.0912559      7.16447 
     0.0925433      7.14908 
       0.09375      7.13465 
     0.0950726      7.12016 
     0.0964139      7.10547 
     0.0977742      7.09058 
     0.0991536      7.07547 
           0.1       7.0662 
      0.101411      7.05195 
      0.102842      7.03749 
      0.104292      7.02284 
      0.105764      7.00797 
       0.10625      7.00306 
      0.107749      6.98901 
      0.109269      6.97476 
      0.110811      6.96032 
      0.112374      6.94566 
        0.1125      6.94448 
      0.114087      6.93061 
      0.115697      6.91654 
      0.117329      6.90227 
       0.11875      6.88985 
      0.120425      6.87613 
      0.122124      6.86221 
      0.123847       6.8481 
         0.125      6.83866 
      0.126764      6.82545 
      0.128552      6.81205 
      0.130366      6.79846 
      0.132205      6.78468 
       0.13407      6.77071 
      0.135961      6.75654 
        0.1375      6.74501 
       0.13944      6.73196 
      0.141407      6.71873 
      0.143402      6.70532 
      0.145425      6.69171 
      0.147477      6.67791 
      0.149558      6.66392 
          0.15      6.66094 
      0.152116      6.64802 
      0.154262      6.63492 
      0.156439      6.62163 
      0.158646      6.60815 
      0.160884      6.59448 
        0.1625      6.58461 
      0.164793      6.57178 
      0.167118      6.55876 
      0.169475      6.54556 
      0.171866      6.53217 
      0.174291      6.51859 
         0.175      6.51462 
      0.177469      6.50184 
      0.179973      6.48888 
      0.182512      6.47574 
      0.185087      6.46241 
        0.1875      6.44992 
      0.190145      6.43717 
      0.192828      6.42424 
      0.195548      6.41114 
      0.198307      6.39784 
           0.2      6.38969 
      0.202822      6.37696 
      0.205683      6.36405 
      0.208585      6.35096 
      0.211528      6.33768 
        0.2125       6.3333 
      0.215498      6.32057 
      0.218538      6.30766 
      0.221621      6.29457 
      0.224748       6.2813 
         0.225      6.28023 
      0.228174      6.26749 
      0.231393      6.25457 
      0.234658      6.24147 
        0.2375      6.23007 
      0.240851      6.21731 
      0.244249      6.20437 
      0.247695      6.19124 
          0.25      6.18247 
      0.253527      6.16968 
      0.257104      6.15672 
      0.260731      6.14357 
        0.2625      6.13716 
      0.266203      6.12433 
      0.269959      6.11133 
      0.273768      6.09815 
         0.275      6.09388 
       0.27888      6.08102 
      0.282814      6.06797 
      0.286804      6.05474 
        0.2875      6.05244 
      0.291556      6.03952 
      0.295669      6.02643 
      0.299841      6.01315 
           0.3      6.01265 
      0.304232      5.99992 
      0.308525      5.98701 
      0.312877      5.97391 
      0.317291      5.96064 
      0.321768      5.94717 
         0.325      5.93745 
      0.329585      5.92458 
      0.334235      5.91154 
       0.33895       5.8983 
      0.343732      5.88488 
      0.348582      5.87128 
          0.35       5.8673 
      0.354938      5.85429 
      0.359945       5.8411 
      0.365024      5.82773 
      0.370173      5.81416 
         0.375      5.80145 
      0.380291      5.78829 
      0.385656      5.77495 
      0.391097      5.76141 
      0.396614      5.74769 
           0.4      5.73927 
      0.405643      5.72595 
      0.411366      5.71245 
       0.41717      5.69875 
      0.423055      5.68486 
         0.425      5.68028 
      0.430996      5.66679 
      0.437077      5.65312 
      0.443243      5.63926 
      0.449496       5.6252 
          0.45      5.62407 
      0.456349      5.61042 
      0.462787      5.59659 
      0.469316      5.58255 
         0.475      5.57034 
      0.481701      5.55652 
      0.488497       5.5425 
      0.495389      5.52829 
           0.5      5.51879 
      0.507054      5.50479 
      0.514208      5.49059 
      0.521462       5.4762 
         0.525      5.46918 
      0.532407        5.455 
      0.539918      5.44062 
      0.547535      5.42604 
          0.55      5.42132 
        0.5704      5.38345 
        0.5704      5.40361 
           0.6      5.12345 
      0.699969      4.62867 
      0.805643      4.21513 
      0.906349      3.88295 
             1       3.6201 
       1.12313      3.38921 
           1.2       3.0979 
           1.4      2.69398 
       1.44899      2.63365 
       1.55995      2.48302 
           1.6       2.3964 
           1.8      2.17095 
       1.93649      2.07568 
             2      2.00693 
       2.06118      1.97692 
           2.2       1.8937 
       2.23419      1.89723 
       2.31455      1.86885 
           2.4      1.80397 
       2.48863      1.81922 
       2.51274      1.81373 
       2.53686      1.79941 
       2.58793       1.7489 
           2.6      1.73211 
       2.62943      1.74228 
       2.65886      1.74631 
       2.69329      1.74158 
       2.72817      1.72887 
       2.78431      1.69072 
           2.8       1.6746 
       2.87935      1.68027 
       2.95859      1.66852 
             3      1.64403 
       3.04776       1.6614 
       3.09305      1.66844 
       3.13414      1.66282 
       3.19162      1.64585 
           3.2      1.64176 
       3.25606      1.66661 
       3.32094      1.68427 
       3.35631      1.69267 
           3.5      1.67562 
       3.80514      1.73326 
       4.08505      1.79257 
       5.03527      2.01095 
             6      2.18453 
             7       2.2956 
             8      2.34007 
             9      2.33285 
       9.55356       2.3467 
            10      2.28574 
       10.1411        2.275 
       10.2842       2.2641 
       10.4292      2.25306 
       10.5764      2.24185 
       10.7256      2.23049 
       10.8769      2.21897 
            11       2.2096 
       11.1552      2.19457 
       11.3126      2.17934 
       11.4722      2.16388 
        11.634      2.14821 
       11.7982      2.13232 
       11.9646      2.11621 
            12      2.11278 
       12.1693      2.09401 
        12.341      2.07499 
       12.5151      2.05569 
       12.6917      2.03612 
       12.8707      2.01627 
            13      2.00194 
       13.1834      1.97998 
       13.3694      1.95771 
        13.558      1.93513 
       13.7493      1.91222 
       13.9433        1.889 
         14.14      1.86544 
       14.3395      1.84156 
       14.5418      1.81733 
       14.7469      1.79277 
        14.955      1.76786 
            15      1.76247 
       15.2116      1.73805 
       15.4262      1.71328 
       15.6439      1.68816 
       15.8646      1.66269 
       16.0884      1.63686 
       16.1452       1.6303 
        16.373      1.60576 
        16.604      1.58087 
       16.8382      1.55563 
            17       1.5382 
       17.2398      1.51538 
       17.4831      1.49224 
       17.7297      1.46877 
       17.9799      1.44498 
            18      1.44306 
       18.2539      1.42275 
       18.5115      1.40215 
       18.7726      1.38126 
            19      1.36308 
       19.2681      1.34514 
       19.5399      1.32695 
       19.8156       1.3085 
            20      1.29616 
//
#-------------------------------------------------------------------------------
