SOURCES 4A Calculation
<<<<<<<<<<<>>>>>>>>>>>



                       Absolute Neutron Source Spectra
                       ~~~~~~~~~~~~~~~~~~~~~~~~~~~~~~~

Title: Bulk HDPE problem 1ppb U-238 in secular equilibrium                          

 Neutron Multigroup Structure (MeV)
 1.000E+01 9.900E+00 9.800E+00 9.700E+00 9.600E+00 9.500E+00 9.400E+00 9.300E+00
 9.200E+00 9.100E+00 9.000E+00 8.900E+00 8.800E+00 8.700E+00 8.600E+00 8.500E+00
 8.400E+00 8.300E+00 8.200E+00 8.100E+00 8.000E+00 7.900E+00 7.800E+00 7.700E+00
 7.600E+00 7.500E+00 7.400E+00 7.300E+00 7.200E+00 7.100E+00 7.000E+00 6.900E+00
 6.800E+00 6.700E+00 6.600E+00 6.500E+00 6.400E+00 6.300E+00 6.200E+00 6.100E+00
 6.000E+00 5.900E+00 5.800E+00 5.700E+00 5.600E+00 5.500E+00 5.400E+00 5.300E+00
 5.200E+00 5.100E+00 5.000E+00 4.900E+00 4.800E+00 4.700E+00 4.600E+00 4.500E+00
 4.400E+00 4.300E+00 4.200E+00 4.100E+00 4.000E+00 3.900E+00 3.800E+00 3.700E+00
 3.600E+00 3.500E+00 3.400E+00 3.300E+00 3.200E+00 3.100E+00 3.000E+00 2.900E+00
 2.800E+00 2.700E+00 2.600E+00 2.500E+00 2.400E+00 2.300E+00 2.200E+00 2.100E+00
 2.000E+00 1.900E+00 1.800E+00 1.700E+00 1.600E+00 1.500E+00 1.400E+00 1.300E+00
 1.200E+00 1.100E+00 1.000E+00 9.000E-01 8.000E-01 7.000E-01 6.000E-01 5.000E-01
 4.000E-01 3.000E-01 2.000E-01 1.000E-01 0.000E+00

--------------------------------------------------------------------------------


 (a,n) neutrons/sec-cc from  3.15754E+06 at/cc pb210  alphas on  c 13  in target
 0.000E+00 0.000E+00 0.000E+00 0.000E+00 0.000E+00 0.000E+00 0.000E+00 0.000E+00
 0.000E+00 0.000E+00 0.000E+00 0.000E+00 0.000E+00 0.000E+00 0.000E+00 0.000E+00
 0.000E+00 0.000E+00 0.000E+00 0.000E+00 0.000E+00 0.000E+00 0.000E+00 0.000E+00
 0.000E+00 0.000E+00 0.000E+00 0.000E+00 0.000E+00 0.000E+00 0.000E+00 0.000E+00
 0.000E+00 0.000E+00 0.000E+00 0.000E+00 0.000E+00 0.000E+00 0.000E+00 0.000E+00
 0.000E+00 1.665E-23 1.436E-21 2.206E-21 4.499E-21 1.549E-20 3.028E-20 3.847E-20
 4.457E-20 4.846E-20 5.212E-20 5.811E-20 6.254E-20 6.636E-20 7.266E-20 8.109E-20
 9.008E-20 9.636E-20 1.009E-19 1.028E-19 1.037E-19 1.040E-19 1.025E-19 9.412E-20
 7.149E-20 6.004E-20 5.277E-20 4.381E-20 3.515E-20 2.000E-20 7.603E-21 2.585E-21
 1.283E-21 7.246E-22 2.723E-22 5.721E-23 1.129E-24 0.000E+00 0.000E+00 0.000E+00
 0.000E+00 0.000E+00 0.000E+00 0.000E+00 0.000E+00 0.000E+00 0.000E+00 0.000E+00
 0.000E+00 0.000E+00 0.000E+00 0.000E+00 0.000E+00 0.000E+00 0.000E+00 0.000E+00
 0.000E+00 0.000E+00 0.000E+00 0.000E+00
                                   Total (all groups):  1.669E-18 neutrons/sec-cm**3   .
                               Average Neutron Energy:  4.176E+00 MeV.


 (a,n) neutrons/sec-cc from  1.94683E+03 at/cc bi210  alphas on  c 13  in target
 0.000E+00 0.000E+00 0.000E+00 0.000E+00 0.000E+00 0.000E+00 0.000E+00 0.000E+00
 0.000E+00 0.000E+00 0.000E+00 0.000E+00 0.000E+00 0.000E+00 0.000E+00 0.000E+00
 0.000E+00 0.000E+00 0.000E+00 0.000E+00 0.000E+00 0.000E+00 0.000E+00 0.000E+00
 0.000E+00 0.000E+00 0.000E+00 0.000E+00 0.000E+00 0.000E+00 0.000E+00 0.000E+00
 2.078E-21 1.519E-19 3.743E-19 5.776E-19 8.952E-19 9.695E-19 1.084E-18 1.177E-18
 1.214E-18 1.358E-18 1.574E-18 1.633E-18 1.808E-18 2.649E-18 3.780E-18 4.406E-18
 4.872E-18 5.170E-18 5.450E-18 5.908E-18 6.246E-18 6.539E-18 7.020E-18 7.666E-18
 8.334E-18 8.492E-18 8.395E-18 8.309E-18 8.215E-18 8.063E-18 7.840E-18 7.197E-18
 5.467E-18 4.592E-18 4.036E-18 3.351E-18 2.688E-18 1.530E-18 5.817E-19 1.980E-19
 9.842E-20 5.569E-20 2.087E-20 4.386E-21 8.637E-23 0.000E+00 0.000E+00 0.000E+00
 0.000E+00 0.000E+00 0.000E+00 0.000E+00 0.000E+00 0.000E+00 0.000E+00 0.000E+00
 0.000E+00 0.000E+00 0.000E+00 0.000E+00 0.000E+00 0.000E+00 0.000E+00 0.000E+00
 0.000E+00 0.000E+00 0.000E+00 0.000E+00
                                   Total (all groups):  1.600E-16 neutrons/sec-cm**3   .
                               Average Neutron Energy:  4.391E+00 MeV.


 (a,n) neutrons/sec-cc from  5.37847E+00 at/cc bi214  alphas on  c 13  in target
 4.916E-19 8.575E-19 1.193E-18 1.605E-18 2.134E-18 2.592E-18 3.023E-18 3.478E-18
 3.918E-18 4.346E-18 4.845E-18 5.373E-18 5.950E-18 6.453E-18 6.857E-18 7.253E-18
 7.711E-18 8.360E-18 9.007E-18 9.936E-18 1.087E-17 1.197E-17 1.279E-17 1.347E-17
 1.388E-17 5.180E-17 1.931E-16 3.357E-16 5.034E-16 6.571E-16 8.254E-16 9.790E-16
 1.081E-15 1.141E-15 1.178E-15 1.211E-15 1.263E-15 1.276E-15 1.294E-15 1.309E-15
 1.314E-15 1.337E-15 1.372E-15 1.380E-15 1.408E-15 1.546E-15 1.731E-15 1.833E-15
 1.909E-15 1.956E-15 2.000E-15 2.074E-15 2.079E-15 1.890E-15 1.684E-15 1.503E-15
 1.407E-15 1.397E-15 1.381E-15 1.367E-15 1.351E-15 1.326E-15 1.289E-15 1.184E-15
 8.992E-16 7.556E-16 6.658E-16 5.554E-16 4.487E-16 2.604E-16 1.072E-16 4.722E-17
 3.340E-17 2.886E-17 2.547E-17 2.558E-17 2.820E-17 3.189E-17 3.593E-17 4.025E-17
 4.450E-17 4.808E-17 5.144E-17 5.507E-17 5.900E-17 6.295E-17 6.573E-17 6.664E-17
 6.670E-17 6.588E-17 6.473E-17 6.300E-17 6.564E-17 1.280E-16 3.733E-16 6.676E-16
 9.324E-16 1.189E-15 1.400E-15 1.140E-15
                                   Total (all groups):  6.177E-14 neutrons/sec-cm**3   .
                               Average Neutron Energy:  4.632E+00 MeV.


 (a,n) neutrons/sec-cc from  5.37852E+04 at/cc po210  alphas on  c 13  in target
 0.000E+00 0.000E+00 0.000E+00 0.000E+00 0.000E+00 0.000E+00 0.000E+00 0.000E+00
 0.000E+00 0.000E+00 0.000E+00 0.000E+00 0.000E+00 0.000E+00 0.000E+00 0.000E+00
 0.000E+00 0.000E+00 0.000E+00 0.000E+00 0.000E+00 0.000E+00 0.000E+00 0.000E+00
 0.000E+00 0.000E+00 0.000E+00 3.346E-13 1.130E-12 1.852E-12 2.642E-12 3.361E-12
 3.839E-12 4.119E-12 4.292E-12 4.449E-12 4.693E-12 4.750E-12 4.838E-12 4.910E-12
 4.938E-12 5.050E-12 5.216E-12 5.261E-12 5.396E-12 6.043E-12 6.914E-12 7.396E-12
 7.755E-12 7.984E-12 8.200E-12 8.552E-12 8.813E-12 8.785E-12 7.887E-12 7.036E-12
 6.586E-12 6.538E-12 6.463E-12 6.397E-12 6.325E-12 6.208E-12 6.036E-12 5.541E-12
 4.209E-12 3.536E-12 3.108E-12 2.580E-12 2.070E-12 1.178E-12 4.482E-13 1.528E-13
 7.615E-14 4.328E-14 1.607E-14 3.370E-15 6.650E-17 0.000E+00 0.000E+00 0.000E+00
 0.000E+00 0.000E+00 0.000E+00 0.000E+00 0.000E+00 0.000E+00 0.000E+00 0.000E+00
 0.000E+00 0.000E+00 0.000E+00 0.000E+00 0.000E+00 0.000E+00 1.549E-14 1.980E-13
 1.084E-12 2.350E-12 3.387E-12 3.435E-12
                                   Total (all groups):  2.344E-10 neutrons/sec-cm**3   .
                               Average Neutron Energy:  4.797E+00 MeV.


 (a,n) neutrons/sec-cc from  7.36123E-07 at/cc po214  alphas on  c 13  in target
 0.000E+00 0.000E+00 0.000E+00 0.000E+00 1.733E-14 2.804E-13 6.351E-13 1.010E-12
 1.372E-12 1.724E-12 2.136E-12 2.570E-12 3.045E-12 3.460E-12 3.792E-12 4.118E-12
 4.495E-12 5.030E-12 5.563E-12 6.328E-12 7.100E-12 8.000E-12 8.676E-12 9.240E-12
 9.579E-12 1.020E-11 1.102E-11 1.173E-11 1.253E-11 1.325E-11 1.404E-11 1.476E-11
 1.524E-11 1.551E-11 1.569E-11 1.584E-11 1.609E-11 1.615E-11 1.623E-11 1.631E-11
 1.631E-11 1.596E-11 1.548E-11 1.489E-11 1.428E-11 1.413E-11 1.439E-11 1.421E-11
 1.362E-11 1.251E-11 1.129E-11 1.064E-11 9.990E-12 8.867E-12 7.883E-12 7.033E-12
 6.583E-12 6.535E-12 6.461E-12 6.395E-12 6.322E-12 6.205E-12 6.033E-12 5.539E-12
 4.206E-12 3.532E-12 3.104E-12 2.577E-12 2.067E-12 1.176E-12 4.661E-13 5.734E-13
 2.265E-12 4.291E-12 6.343E-12 8.277E-12 1.017E-11 1.229E-11 1.447E-11 1.671E-11
 1.868E-11 2.066E-11 2.292E-11 2.539E-11 2.857E-11 3.184E-11 3.529E-11 3.948E-11
 4.317E-11 4.586E-11 4.510E-11 4.369E-11 4.151E-11 3.929E-11 3.851E-11 3.621E-11
 3.139E-11 2.436E-11 1.759E-11 1.013E-11
                                   Total (all groups):  1.286E-09 neutrons/sec-cm**3   .
                               Average Neutron Energy:  3.333E+00 MeV.


 (a,n) neutrons/sec-cc from  8.36181E-01 at/cc po218  alphas on  c 13  in target
 0.000E+00 0.000E+00 0.000E+00 0.000E+00 0.000E+00 0.000E+00 0.000E+00 0.000E+00
 0.000E+00 0.000E+00 0.000E+00 0.000E+00 0.000E+00 0.000E+00 0.000E+00 0.000E+00
 0.000E+00 0.000E+00 0.000E+00 0.000E+00 1.246E-13 9.683E-13 1.655E-12 2.228E-12
 2.572E-12 3.206E-12 4.040E-12 4.760E-12 5.568E-12 6.302E-12 7.104E-12 7.834E-12
 8.320E-12 8.604E-12 8.780E-12 8.939E-12 9.187E-12 9.245E-12 9.335E-12 9.408E-12
 9.436E-12 9.549E-12 9.718E-12 9.764E-12 9.901E-12 1.056E-11 1.144E-11 1.193E-11
 1.230E-11 1.244E-11 1.147E-11 1.081E-11 1.015E-11 9.010E-12 8.011E-12 7.146E-12
 6.689E-12 6.641E-12 6.565E-12 6.498E-12 6.424E-12 6.305E-12 6.130E-12 5.628E-12
 4.275E-12 3.590E-12 3.155E-12 2.620E-12 2.102E-12 1.196E-12 4.544E-13 1.543E-13
 7.646E-14 4.307E-14 1.626E-14 3.414E-15 6.755E-17 0.000E+00 0.000E+00 0.000E+00
 0.000E+00 0.000E+00 0.000E+00 0.000E+00 0.000E+00 0.000E+00 0.000E+00 1.740E-13
 1.520E-12 4.143E-12 6.035E-12 7.515E-12 8.459E-12 9.767E-12 1.167E-11 1.321E-11
 1.457E-11 1.409E-11 1.023E-11 6.080E-12
                                   Total (all groups):  4.578E-10 neutrons/sec-cm**3   .
                               Average Neutron Energy:  4.286E+00 MeV.


 (a,n) neutrons/sec-cc from  1.35035E-06 at/cc at218  alphas on  c 13  in target
 0.000E+00 0.000E+00 0.000E+00 0.000E+00 0.000E+00 0.000E+00 0.000E+00 0.000E+00
 0.000E+00 0.000E+00 0.000E+00 0.000E+00 0.000E+00 5.978E-19 3.302E-17 8.886E-17
 1.536E-16 2.453E-16 3.368E-16 4.679E-16 6.005E-16 7.549E-16 8.708E-16 9.676E-16
 1.026E-15 1.133E-15 1.274E-15 1.395E-15 1.532E-15 1.656E-15 1.791E-15 1.914E-15
 1.996E-15 2.044E-15 2.074E-15 2.101E-15 2.143E-15 2.153E-15 2.168E-15 2.180E-15
 2.185E-15 2.204E-15 2.232E-15 2.240E-15 2.263E-15 2.374E-15 2.469E-15 2.438E-15
 2.337E-15 2.146E-15 1.937E-15 1.826E-15 1.714E-15 1.522E-15 1.353E-15 1.207E-15
 1.130E-15 1.121E-15 1.109E-15 1.097E-15 1.085E-15 1.065E-15 1.035E-15 9.505E-16
 7.219E-16 6.064E-16 5.330E-16 4.425E-16 3.550E-16 2.020E-16 7.683E-17 2.617E-17
 1.302E-17 7.386E-18 2.774E-18 5.871E-19 1.141E-20 0.000E+00 0.000E+00 8.757E-20
 1.266E-17 1.305E-16 3.700E-16 6.302E-16 9.613E-16 1.315E-15 1.695E-15 2.197E-15
 2.622E-15 3.068E-15 3.388E-15 3.668E-15 3.911E-15 4.211E-15 4.426E-15 4.278E-15
 3.870E-15 3.176E-15 2.576E-15 1.667E-15
                                   Total (all groups):  1.253E-13 neutrons/sec-cm**3   .
                               Average Neutron Energy:  3.818E+00 MeV.


 (a,n) neutrons/sec-cc from  1.48633E+03 at/cc rn222  alphas on  c 13  in target
 0.000E+00 0.000E+00 0.000E+00 0.000E+00 0.000E+00 0.000E+00 0.000E+00 0.000E+00
 0.000E+00 0.000E+00 0.000E+00 0.000E+00 0.000E+00 0.000E+00 0.000E+00 0.000E+00
 0.000E+00 0.000E+00 0.000E+00 0.000E+00 0.000E+00 0.000E+00 0.000E+00 0.000E+00
 0.000E+00 2.388E-13 1.028E-12 1.736E-12 2.531E-12 3.253E-12 4.043E-12 4.762E-12
 5.240E-12 5.520E-12 5.693E-12 5.850E-12 6.094E-12 6.151E-12 6.239E-12 6.311E-12
 6.339E-12 6.451E-12 6.617E-12 6.662E-12 6.797E-12 7.444E-12 8.315E-12 8.797E-12
 9.156E-12 9.386E-12 9.601E-12 9.954E-12 9.907E-12 8.871E-12 7.887E-12 7.037E-12
 6.587E-12 6.539E-12 6.464E-12 6.398E-12 6.325E-12 6.209E-12 6.037E-12 5.542E-12
 4.210E-12 3.536E-12 3.108E-12 2.580E-12 2.070E-12 1.178E-12 4.480E-13 1.526E-13
 7.589E-14 4.295E-14 1.604E-14 3.360E-15 6.651E-17 0.000E+00 0.000E+00 0.000E+00
 0.000E+00 0.000E+00 0.000E+00 0.000E+00 0.000E+00 0.000E+00 0.000E+00 0.000E+00
 0.000E+00 0.000E+00 0.000E+00 0.000E+00 3.799E-14 4.176E-13 1.993E-12 3.504E-12
 4.849E-12 6.114E-12 7.151E-12 5.682E-12
                                   Total (all groups):  2.912E-10 neutrons/sec-cm**3   .
                               Average Neutron Energy:  4.661E+00 MeV.


 (a,n) neutrons/sec-cc from  2.27478E+08 at/cc ra226  alphas on  c 13  in target
 0.000E+00 0.000E+00 0.000E+00 0.000E+00 0.000E+00 0.000E+00 0.000E+00 0.000E+00
 0.000E+00 0.000E+00 0.000E+00 0.000E+00 0.000E+00 0.000E+00 0.000E+00 0.000E+00
 0.000E+00 0.000E+00 0.000E+00 0.000E+00 0.000E+00 0.000E+00 0.000E+00 0.000E+00
 0.000E+00 0.000E+00 0.000E+00 0.000E+00 0.000E+00 0.000E+00 0.000E+00 2.269E-15
 2.339E-13 4.997E-13 6.707E-13 8.276E-13 1.073E-12 1.130E-12 1.218E-12 1.290E-12
 1.318E-12 1.430E-12 1.596E-12 1.642E-12 1.777E-12 2.425E-12 3.298E-12 3.781E-12
 4.141E-12 4.371E-12 4.586E-12 4.940E-12 5.201E-12 5.427E-12 5.798E-12 6.296E-12
 6.577E-12 6.552E-12 6.477E-12 6.411E-12 6.338E-12 6.221E-12 6.048E-12 5.553E-12
 4.218E-12 3.542E-12 3.114E-12 2.585E-12 2.074E-12 1.180E-12 4.488E-13 1.528E-13
 7.593E-14 4.297E-14 1.610E-14 3.384E-15 6.664E-17 0.000E+00 0.000E+00 0.000E+00
 0.000E+00 0.000E+00 0.000E+00 0.000E+00 0.000E+00 0.000E+00 0.000E+00 0.000E+00
 0.000E+00 0.000E+00 0.000E+00 0.000E+00 0.000E+00 0.000E+00 0.000E+00 0.000E+00
 0.000E+00 0.000E+00 0.000E+00 0.000E+00
                                   Total (all groups):  1.326E-10 neutrons/sec-cm**3   .
                               Average Neutron Energy:  4.472E+00 MeV.


 (a,n) neutrons/sec-cc from  1.07026E+10 at/cc th230  alphas on  c 13  in target
 0.000E+00 0.000E+00 0.000E+00 0.000E+00 0.000E+00 0.000E+00 0.000E+00 0.000E+00
 0.000E+00 0.000E+00 0.000E+00 0.000E+00 0.000E+00 0.000E+00 0.000E+00 0.000E+00
 0.000E+00 0.000E+00 0.000E+00 0.000E+00 0.000E+00 0.000E+00 0.000E+00 0.000E+00
 0.000E+00 0.000E+00 0.000E+00 0.000E+00 0.000E+00 0.000E+00 0.000E+00 0.000E+00
 3.488E-15 1.378E-13 3.026E-13 4.558E-13 6.952E-13 7.512E-13 8.375E-13 9.078E-13
 9.351E-13 1.044E-12 1.207E-12 1.251E-12 1.383E-12 2.017E-12 2.870E-12 3.342E-12
 3.693E-12 3.918E-12 4.128E-12 4.474E-12 4.729E-12 4.949E-12 5.312E-12 5.799E-12
 6.295E-12 6.401E-12 6.328E-12 6.263E-12 6.192E-12 6.078E-12 5.909E-12 5.425E-12
 4.121E-12 3.461E-12 3.042E-12 2.526E-12 2.026E-12 1.153E-12 4.385E-13 1.493E-13
 7.418E-14 4.198E-14 1.573E-14 3.306E-15 6.511E-17 0.000E+00 0.000E+00 0.000E+00
 0.000E+00 0.000E+00 0.000E+00 0.000E+00 0.000E+00 0.000E+00 0.000E+00 0.000E+00
 0.000E+00 0.000E+00 0.000E+00 0.000E+00 0.000E+00 0.000E+00 0.000E+00 0.000E+00
 0.000E+00 0.000E+00 0.000E+00 0.000E+00
                                   Total (all groups):  1.211E-10 neutrons/sec-cm**3   .
                               Average Neutron Energy:  4.396E+00 MeV.


 (a,n) neutrons/sec-cc from  3.48711E+10 at/cc  u234  alphas on  c 13  in target
 0.000E+00 0.000E+00 0.000E+00 0.000E+00 0.000E+00 0.000E+00 0.000E+00 0.000E+00
 0.000E+00 0.000E+00 0.000E+00 0.000E+00 0.000E+00 0.000E+00 0.000E+00 0.000E+00
 0.000E+00 0.000E+00 0.000E+00 0.000E+00 0.000E+00 0.000E+00 0.000E+00 0.000E+00
 0.000E+00 0.000E+00 0.000E+00 0.000E+00 0.000E+00 0.000E+00 0.000E+00 0.000E+00
 1.526E-13 4.196E-13 5.936E-13 7.508E-13 9.963E-13 1.054E-12 1.142E-12 1.214E-12
 1.242E-12 1.354E-12 1.521E-12 1.567E-12 1.702E-12 2.352E-12 3.226E-12 3.711E-12
 4.071E-12 4.301E-12 4.518E-12 4.872E-12 5.133E-12 5.360E-12 5.732E-12 6.231E-12
 6.583E-12 6.566E-12 6.491E-12 6.424E-12 6.351E-12 6.234E-12 6.061E-12 5.565E-12
 4.227E-12 3.550E-12 3.120E-12 2.590E-12 2.078E-12 1.183E-12 4.497E-13 1.531E-13
 7.609E-14 4.306E-14 1.613E-14 3.391E-15 6.678E-17 0.000E+00 0.000E+00 0.000E+00
 0.000E+00 0.000E+00 0.000E+00 0.000E+00 0.000E+00 0.000E+00 0.000E+00 0.000E+00
 0.000E+00 0.000E+00 0.000E+00 0.000E+00 0.000E+00 0.000E+00 0.000E+00 0.000E+00
 0.000E+00 0.000E+00 0.000E+00 0.000E+00
                                   Total (all groups):  1.310E-10 neutrons/sec-cm**3   .
                               Average Neutron Energy:  4.455E+00 MeV.


 (a,n) neutrons/sec-cc from  6.34619E+14 at/cc  u238  alphas on  c 13  in target
 0.000E+00 0.000E+00 0.000E+00 0.000E+00 0.000E+00 0.000E+00 0.000E+00 0.000E+00
 0.000E+00 0.000E+00 0.000E+00 0.000E+00 0.000E+00 0.000E+00 0.000E+00 0.000E+00
 0.000E+00 0.000E+00 0.000E+00 0.000E+00 0.000E+00 0.000E+00 0.000E+00 0.000E+00
 0.000E+00 0.000E+00 0.000E+00 0.000E+00 0.000E+00 0.000E+00 0.000E+00 0.000E+00
 0.000E+00 0.000E+00 0.000E+00 0.000E+00 0.000E+00 6.948E-15 8.643E-14 1.581E-13
 1.861E-13 2.977E-13 4.638E-13 5.091E-13 6.442E-13 1.292E-12 2.163E-12 2.645E-12
 3.004E-12 3.234E-12 3.449E-12 3.802E-12 4.063E-12 4.288E-12 4.659E-12 5.156E-12
 5.685E-12 6.055E-12 6.322E-12 6.396E-12 6.327E-12 6.211E-12 6.039E-12 5.544E-12
 4.211E-12 3.537E-12 3.108E-12 2.581E-12 2.071E-12 1.178E-12 4.479E-13 1.524E-13
 7.568E-14 4.278E-14 1.606E-14 3.374E-15 6.653E-17 0.000E+00 0.000E+00 0.000E+00
 0.000E+00 0.000E+00 0.000E+00 0.000E+00 0.000E+00 0.000E+00 0.000E+00 0.000E+00
 0.000E+00 0.000E+00 0.000E+00 0.000E+00 0.000E+00 0.000E+00 0.000E+00 0.000E+00
 0.000E+00 0.000E+00 0.000E+00 0.000E+00
                                   Total (all groups):  1.061E-10 neutrons/sec-cm**3   .
                               Average Neutron Energy:  4.234E+00 MeV.



 Total (alpha,n) neutron spectrum this target
 4.916E-19 8.575E-19 1.193E-18 1.605E-18 1.733E-14 2.804E-13 6.351E-13 1.010E-12
 1.372E-12 1.724E-12 2.136E-12 2.570E-12 3.045E-12 3.460E-12 3.792E-12 4.118E-12
 4.496E-12 5.030E-12 5.564E-12 6.328E-12 7.226E-12 8.969E-12 1.033E-11 1.147E-11
 1.215E-11 1.365E-11 1.609E-11 1.856E-11 2.176E-11 2.466E-11 2.783E-11 3.072E-11
 3.303E-11 3.482E-11 3.602E-11 3.712E-11 3.883E-11 3.924E-11 3.993E-11 4.051E-11
 4.071E-11 4.114E-11 4.182E-11 4.155E-11 4.189E-11 4.627E-11 5.262E-11 5.581E-11
 5.774E-11 5.814E-11 5.724E-11 5.805E-11 5.799E-11 5.556E-11 5.317E-11 5.174E-11
 5.159E-11 5.183E-11 5.157E-11 5.118E-11 5.061E-11 4.967E-11 4.830E-11 4.434E-11
 3.368E-11 2.828E-11 2.486E-11 2.064E-11 1.656E-11 9.422E-12 3.602E-12 1.641E-12
 2.795E-12 4.591E-12 6.455E-12 8.301E-12 1.017E-11 1.229E-11 1.447E-11 1.671E-11
 1.868E-11 2.066E-11 2.292E-11 2.539E-11 2.857E-11 3.184E-11 3.529E-11 3.966E-11
 4.469E-11 5.000E-11 5.114E-11 5.121E-11 5.001E-11 4.948E-11 5.220E-11 5.313E-11
 5.189E-11 4.692E-11 3.836E-11 2.533E-11
                                   Total (all groups):  2.761E-09 neutrons/sec-cm**3   .
                               Average Neutron Energy:  3.945E+00 MeV.
 

--------------------------------------------------------------------------------
 

--------------------------------------------------------------------------------



 Grand total (alpha,n) neutron spectrum, all targets, all sources
 4.916E-19 8.575E-19 1.193E-18 1.605E-18 1.733E-14 2.804E-13 6.351E-13 1.010E-12
 1.372E-12 1.724E-12 2.136E-12 2.570E-12 3.045E-12 3.460E-12 3.792E-12 4.118E-12
 4.496E-12 5.030E-12 5.564E-12 6.328E-12 7.226E-12 8.969E-12 1.033E-11 1.147E-11
 1.215E-11 1.365E-11 1.609E-11 1.856E-11 2.176E-11 2.466E-11 2.783E-11 3.072E-11
 3.303E-11 3.482E-11 3.602E-11 3.712E-11 3.883E-11 3.924E-11 3.993E-11 4.051E-11
 4.071E-11 4.114E-11 4.182E-11 4.155E-11 4.189E-11 4.627E-11 5.262E-11 5.581E-11
 5.774E-11 5.814E-11 5.724E-11 5.805E-11 5.799E-11 5.556E-11 5.317E-11 5.174E-11
 5.159E-11 5.183E-11 5.157E-11 5.118E-11 5.061E-11 4.967E-11 4.830E-11 4.434E-11
 3.368E-11 2.828E-11 2.486E-11 2.064E-11 1.656E-11 9.422E-12 3.602E-12 1.641E-12
 2.795E-12 4.591E-12 6.455E-12 8.301E-12 1.017E-11 1.229E-11 1.447E-11 1.671E-11
 1.868E-11 2.066E-11 2.292E-11 2.539E-11 2.857E-11 3.184E-11 3.529E-11 3.966E-11
 4.469E-11 5.000E-11 5.114E-11 5.121E-11 5.001E-11 4.948E-11 5.220E-11 5.313E-11
 5.189E-11 4.692E-11 3.836E-11 2.533E-11
                                   Total (all groups):  2.761E-09 neutrons/sec-cm**3   .
                               Average Neutron Energy:  3.945E+00 MeV.
 

--------------------------------------------------------------------------------

--------------------------------------------------------------------------------
 


 S.F. neutrons/cc from  1.07026E+10 at/cc th230 
 4.546E-20 5.084E-20 5.675E-20 6.345E-20 7.067E-20 7.889E-20 8.808E-20 9.818E-20
 1.095E-19 1.221E-19 1.360E-19 1.517E-19 1.689E-19 1.881E-19 2.095E-19 2.331E-19
 2.595E-19 2.887E-19 3.212E-19 3.571E-19 3.970E-19 4.413E-19 4.902E-19 5.445E-19
 6.046E-19 6.712E-19 7.448E-19 8.262E-19 9.163E-19 1.016E-18 1.126E-18 1.247E-18
 1.381E-18 1.529E-18 1.692E-18 1.872E-18 2.070E-18 2.288E-18 2.528E-18 2.792E-18
 3.082E-18 3.401E-18 3.751E-18 4.135E-18 4.557E-18 5.019E-18 5.525E-18 6.079E-18
 6.685E-18 7.347E-18 8.071E-18 8.861E-18 9.722E-18 1.066E-17 1.168E-17 1.279E-17
 1.400E-17 1.531E-17 1.673E-17 1.827E-17 1.993E-17 2.173E-17 2.367E-17 2.576E-17
 2.801E-17 3.042E-17 3.301E-17 3.579E-17 3.875E-17 4.192E-17 4.529E-17 4.886E-17
 5.265E-17 5.665E-17 6.087E-17 6.529E-17 6.992E-17 7.475E-17 7.975E-17 8.492E-17
 9.022E-17 9.563E-17 1.011E-16 1.066E-16 1.120E-16 1.173E-16 1.224E-16 1.272E-16
 1.315E-16 1.353E-16 1.382E-16 1.402E-16 1.409E-16 1.400E-16 1.372E-16 1.318E-16
 1.230E-16 1.096E-16 8.902E-17 5.086E-17
                                   Total (all groups):  3.482E-15 neutrons/sec-cm**3   .
                               Average Neutron Energy:  1.708E+00 MeV.


 S.F. neutrons/cc from  3.48711E+10 at/cc  u234 
 2.704E-18 2.972E-18 3.264E-18 3.588E-18 3.939E-18 4.326E-18 4.750E-18 5.215E-18
 5.722E-18 6.281E-18 6.889E-18 7.558E-18 8.288E-18 9.086E-18 9.960E-18 1.092E-17
 1.196E-17 1.310E-17 1.435E-17 1.571E-17 1.720E-17 1.882E-17 2.059E-17 2.252E-17
 2.463E-17 2.693E-17 2.943E-17 3.216E-17 3.512E-17 3.836E-17 4.187E-17 4.570E-17
 4.986E-17 5.438E-17 5.929E-17 6.462E-17 7.041E-17 7.669E-17 8.350E-17 9.089E-17
 9.889E-17 1.076E-16 1.169E-16 1.271E-16 1.380E-16 1.499E-16 1.627E-16 1.765E-16
 1.914E-16 2.074E-16 2.247E-16 2.433E-16 2.633E-16 2.848E-16 3.079E-16 3.326E-16
 3.592E-16 3.876E-16 4.180E-16 4.504E-16 4.851E-16 5.221E-16 5.615E-16 6.034E-16
 6.478E-16 6.951E-16 7.450E-16 7.979E-16 8.537E-16 9.124E-16 9.742E-16 1.039E-15
 1.107E-15 1.178E-15 1.252E-15 1.328E-15 1.407E-15 1.489E-15 1.572E-15 1.658E-15
 1.744E-15 1.831E-15 1.918E-15 2.005E-15 2.089E-15 2.171E-15 2.248E-15 2.319E-15
 2.381E-15 2.434E-15 2.473E-15 2.495E-15 2.497E-15 2.473E-15 2.415E-15 2.316E-15
 2.160E-15 1.926E-15 1.567E-15 8.979E-16
                                   Total (all groups):  6.799E-14 neutrons/sec-cm**3   .
                               Average Neutron Energy:  1.889E+00 MeV.


 S.F. neutrons/cc from  6.34619E+14 at/cc  u238 
 3.821E-14 4.270E-14 4.778E-14 5.348E-14 5.984E-14 6.682E-14 7.489E-14 8.359E-14
 9.350E-14 1.044E-13 1.167E-13 1.303E-13 1.454E-13 1.624E-13 1.813E-13 2.022E-13
 2.255E-13 2.516E-13 2.803E-13 3.125E-13 3.482E-13 3.878E-13 4.318E-13 4.807E-13
 5.349E-13 5.951E-13 6.619E-13 7.358E-13 8.177E-13 9.085E-13 1.009E-12 1.120E-12
 1.243E-12 1.379E-12 1.530E-12 1.696E-12 1.879E-12 2.081E-12 2.305E-12 2.550E-12
 2.821E-12 3.120E-12 3.448E-12 3.809E-12 4.206E-12 4.642E-12 5.120E-12 5.645E-12
 6.220E-12 6.850E-12 7.539E-12 8.293E-12 9.117E-12 1.002E-11 1.100E-11 1.206E-11
 1.323E-11 1.449E-11 1.587E-11 1.736E-11 1.897E-11 2.072E-11 2.261E-11 2.465E-11
 2.685E-11 2.922E-11 3.176E-11 3.449E-11 3.741E-11 4.053E-11 4.385E-11 4.739E-11
 5.114E-11 5.512E-11 5.931E-11 6.371E-11 6.833E-11 7.315E-11 7.815E-11 8.332E-11
 8.864E-11 9.406E-11 9.956E-11 1.051E-10 1.105E-10 1.159E-10 1.210E-10 1.259E-10
 1.303E-10 1.341E-10 1.371E-10 1.391E-10 1.398E-10 1.390E-10 1.362E-10 1.308E-10
 1.221E-10 1.087E-10 8.822E-11 5.034E-11
                                   Total (all groups):  3.417E-09 neutrons/sec-cm**3   .
                               Average Neutron Energy:  1.688E+00 MeV.

--------------------------------------------------------------------------------



 Total S.F. neutron spectrum
 3.821E-14 4.270E-14 4.778E-14 5.348E-14 5.985E-14 6.683E-14 7.489E-14 8.359E-14
 9.351E-14 1.044E-13 1.167E-13 1.303E-13 1.454E-13 1.624E-13 1.813E-13 2.022E-13
 2.255E-13 2.516E-13 2.803E-13 3.125E-13 3.482E-13 3.879E-13 4.318E-13 4.808E-13
 5.349E-13 5.951E-13 6.619E-13 7.359E-13 8.178E-13 9.086E-13 1.009E-12 1.120E-12
 1.243E-12 1.379E-12 1.530E-12 1.696E-12 1.879E-12 2.081E-12 2.305E-12 2.551E-12
 2.822E-12 3.120E-12 3.448E-12 3.809E-12 4.206E-12 4.642E-12 5.121E-12 5.645E-12
 6.220E-12 6.850E-12 7.540E-12 8.293E-12 9.117E-12 1.002E-11 1.100E-11 1.206E-11
 1.323E-11 1.449E-11 1.587E-11 1.736E-11 1.897E-11 2.072E-11 2.261E-11 2.465E-11
 2.685E-11 2.922E-11 3.176E-11 3.449E-11 3.741E-11 4.053E-11 4.385E-11 4.739E-11
 5.115E-11 5.512E-11 5.931E-11 6.371E-11 6.833E-11 7.315E-11 7.815E-11 8.332E-11
 8.864E-11 9.406E-11 9.956E-11 1.051E-10 1.105E-10 1.159E-10 1.210E-10 1.259E-10
 1.303E-10 1.341E-10 1.371E-10 1.391E-10 1.398E-10 1.390E-10 1.362E-10 1.308E-10
 1.221E-10 1.087E-10 8.822E-11 5.034E-11
                                   Total (all groups):  3.417E-09 neutrons/sec-cm**3   .
                               Average Neutron Energy:  1.688E+00 MeV.
 

--------------------------------------------------------------------------------
 
 

--------------------------------------------------------------------------------




 Total Neutron Spectrum
 3.821E-14 4.271E-14 4.778E-14 5.348E-14 7.718E-14 3.472E-13 7.100E-13 1.093E-12
 1.465E-12 1.829E-12 2.252E-12 2.700E-12 3.191E-12 3.622E-12 3.973E-12 4.321E-12
 4.721E-12 5.282E-12 5.844E-12 6.641E-12 7.574E-12 9.357E-12 1.076E-11 1.195E-11
 1.269E-11 1.424E-11 1.676E-11 1.930E-11 2.257E-11 2.557E-11 2.884E-11 3.184E-11
 3.427E-11 3.620E-11 3.755E-11 3.881E-11 4.071E-11 4.132E-11 4.224E-11 4.306E-11
 4.353E-11 4.426E-11 4.527E-11 4.536E-11 4.609E-11 5.091E-11 5.775E-11 6.146E-11
 6.396E-11 6.499E-11 6.478E-11 6.634E-11 6.711E-11 6.558E-11 6.417E-11 6.380E-11
 6.481E-11 6.632E-11 6.744E-11 6.854E-11 6.958E-11 7.039E-11 7.091E-11 6.899E-11
 6.053E-11 5.750E-11 5.662E-11 5.513E-11 5.397E-11 4.995E-11 4.746E-11 4.903E-11
 5.394E-11 5.971E-11 6.576E-11 7.201E-11 7.850E-11 8.544E-11 9.262E-11 1.000E-10
 1.073E-10 1.147E-10 1.225E-10 1.305E-10 1.391E-10 1.477E-10 1.563E-10 1.655E-10
 1.750E-10 1.841E-10 1.882E-10 1.903E-10 1.899E-10 1.885E-10 1.884E-10 1.839E-10
 1.740E-10 1.557E-10 1.266E-10 7.567E-11
                                   Total (all groups):  6.178E-09 neutrons/sec-cm**3   .
                               Average Neutron Energy:  2.696E+00 MeV.
