SOURCES 4A Calculation
<<<<<<<<<<<>>>>>>>>>>>



                       Absolute Neutron Source Spectra
                       ~~~~~~~~~~~~~~~~~~~~~~~~~~~~~~~

Title: Bulk Shotcrete problem 1ppb U-235 in secular equilibrium                     

 Neutron Multigroup Structure (MeV)
 1.000E+01 9.900E+00 9.800E+00 9.700E+00 9.600E+00 9.500E+00 9.400E+00 9.300E+00
 9.200E+00 9.100E+00 9.000E+00 8.900E+00 8.800E+00 8.700E+00 8.600E+00 8.500E+00
 8.400E+00 8.300E+00 8.200E+00 8.100E+00 8.000E+00 7.900E+00 7.800E+00 7.700E+00
 7.600E+00 7.500E+00 7.400E+00 7.300E+00 7.200E+00 7.100E+00 7.000E+00 6.900E+00
 6.800E+00 6.700E+00 6.600E+00 6.500E+00 6.400E+00 6.300E+00 6.200E+00 6.100E+00
 6.000E+00 5.900E+00 5.800E+00 5.700E+00 5.600E+00 5.500E+00 5.400E+00 5.300E+00
 5.200E+00 5.100E+00 5.000E+00 4.900E+00 4.800E+00 4.700E+00 4.600E+00 4.500E+00
 4.400E+00 4.300E+00 4.200E+00 4.100E+00 4.000E+00 3.900E+00 3.800E+00 3.700E+00
 3.600E+00 3.500E+00 3.400E+00 3.300E+00 3.200E+00 3.100E+00 3.000E+00 2.900E+00
 2.800E+00 2.700E+00 2.600E+00 2.500E+00 2.400E+00 2.300E+00 2.200E+00 2.100E+00
 2.000E+00 1.900E+00 1.800E+00 1.700E+00 1.600E+00 1.500E+00 1.400E+00 1.300E+00
 1.200E+00 1.100E+00 1.000E+00 9.000E-01 8.000E-01 7.000E-01 6.000E-01 5.000E-01
 4.000E-01 3.000E-01 2.000E-01 1.000E-01 0.000E+00

--------------------------------------------------------------------------------


 (a,n) neutrons/sec-cc from  3.66963E+00 at/cc bi211  alphas on  c 13  in target
 0.000E+00 0.000E+00 0.000E+00 0.000E+00 0.000E+00 0.000E+00 0.000E+00 0.000E+00
 0.000E+00 0.000E+00 0.000E+00 0.000E+00 0.000E+00 0.000E+00 9.642E-14 1.451E-12
 3.449E-12 6.286E-12 9.435E-12 1.426E-11 1.913E-11 2.481E-11 2.907E-11 3.263E-11
 3.477E-11 3.870E-11 4.388E-11 4.835E-11 5.336E-11 5.792E-11 6.290E-11 6.743E-11
 7.045E-11 7.221E-11 7.331E-11 7.429E-11 7.583E-11 7.619E-11 7.675E-11 7.720E-11
 7.738E-11 7.808E-11 7.913E-11 7.942E-11 8.027E-11 8.435E-11 8.925E-11 8.896E-11
 8.590E-11 7.890E-11 7.121E-11 6.713E-11 6.303E-11 5.594E-11 4.974E-11 4.437E-11
 4.153E-11 4.123E-11 4.076E-11 4.034E-11 3.988E-11 3.915E-11 3.806E-11 3.494E-11
 2.655E-11 2.230E-11 1.960E-11 1.627E-11 1.306E-11 7.433E-12 2.831E-12 9.679E-13
 4.844E-13 2.770E-13 1.011E-13 2.102E-14 4.193E-16 0.000E+00 0.000E+00 0.000E+00
 2.161E-15 5.807E-13 5.413E-12 1.345E-11 2.374E-11 3.530E-11 4.917E-11 6.764E-11
 8.326E-11 9.968E-11 1.114E-10 1.206E-10 1.275E-10 1.382E-10 1.504E-10 1.482E-10
 1.349E-10 1.091E-10 8.695E-11 5.725E-11
                                   Total (all groups):  4.306E-09 neutrons/sec-cm**3   .
                               Average Neutron Energy:  3.889E+00 MeV.


 (a,n) neutrons/sec-cc from  1.47225E-02 at/cc po211  alphas on  c 13  in target
 0.000E+00 0.000E+00 0.000E+00 0.000E+00 0.000E+00 0.000E+00 7.031E-15 1.356E-12
 3.629E-12 5.840E-12 8.422E-12 1.115E-11 1.414E-11 1.675E-11 1.885E-11 2.091E-11
 2.331E-11 2.670E-11 3.008E-11 3.493E-11 3.983E-11 4.554E-11 4.983E-11 5.341E-11
 5.556E-11 5.952E-11 6.473E-11 6.922E-11 7.426E-11 7.885E-11 8.386E-11 8.842E-11
 9.145E-11 9.322E-11 9.432E-11 9.531E-11 9.686E-11 9.723E-11 9.779E-11 9.824E-11
 9.842E-11 9.913E-11 9.807E-11 9.436E-11 9.057E-11 8.964E-11 9.131E-11 9.014E-11
 8.642E-11 7.935E-11 7.162E-11 6.752E-11 6.339E-11 5.626E-11 5.002E-11 4.462E-11
 4.177E-11 4.147E-11 4.099E-11 4.057E-11 4.011E-11 3.937E-11 3.828E-11 3.514E-11
 2.669E-11 2.241E-11 1.970E-11 1.635E-11 1.312E-11 7.462E-12 2.833E-12 9.594E-13
 4.833E-13 1.354E-12 1.027E-11 2.241E-11 3.427E-11 4.759E-11 6.125E-11 7.538E-11
 8.777E-11 9.729E-11 1.062E-10 1.169E-10 1.342E-10 1.521E-10 1.727E-10 1.992E-10
 2.227E-10 2.473E-10 2.620E-10 2.559E-10 2.423E-10 2.284E-10 2.241E-10 2.183E-10
 1.951E-10 1.542E-10 1.114E-10 6.423E-11
                                   Total (all groups):  7.187E-09 neutrons/sec-cm**3   .
                               Average Neutron Energy:  3.413E+00 MeV.


 (a,n) neutrons/sec-cc from  5.07760E-05 at/cc po215  alphas on  c 13  in target
 0.000E+00 0.000E+00 0.000E+00 0.000E+00 0.000E+00 0.000E+00 0.000E+00 2.801E-13
 2.258E-12 4.495E-12 7.107E-12 9.865E-12 1.288E-11 1.552E-11 1.762E-11 1.970E-11
 2.209E-11 2.549E-11 2.887E-11 3.373E-11 3.864E-11 4.435E-11 4.864E-11 5.222E-11
 5.437E-11 5.833E-11 6.355E-11 6.805E-11 7.310E-11 7.768E-11 8.270E-11 8.726E-11
 9.030E-11 9.207E-11 9.317E-11 9.417E-11 9.572E-11 9.608E-11 9.664E-11 9.710E-11
 9.727E-11 9.798E-11 9.809E-11 9.456E-11 9.071E-11 8.975E-11 9.140E-11 9.022E-11
 8.650E-11 7.942E-11 7.168E-11 6.758E-11 6.345E-11 5.632E-11 5.007E-11 4.467E-11
 4.181E-11 4.151E-11 4.103E-11 4.061E-11 4.015E-11 3.941E-11 3.832E-11 3.518E-11
 2.672E-11 2.244E-11 1.972E-11 1.637E-11 1.314E-11 7.473E-12 2.840E-12 9.646E-13
 4.776E-13 4.567E-13 3.390E-12 1.456E-11 2.656E-11 4.003E-11 5.384E-11 6.811E-11
 8.058E-11 9.016E-11 9.913E-11 1.088E-10 1.237E-10 1.416E-10 1.609E-10 1.871E-10
 2.106E-10 2.354E-10 2.535E-10 2.519E-10 2.380E-10 2.239E-10 2.195E-10 2.139E-10
 1.939E-10 1.544E-10 1.117E-10 6.433E-11
                                   Total (all groups):  6.972E-09 neutrons/sec-cm**3   .
                               Average Neutron Energy:  3.435E+00 MeV.


 (a,n) neutrons/sec-cc from  2.85901E-06 at/cc at215  alphas on  c 13  in target
 0.000E+00 2.024E-13 1.679E-12 3.834E-12 6.605E-12 9.001E-12 1.126E-11 1.364E-11
 1.594E-11 1.818E-11 2.080E-11 2.356E-11 2.658E-11 2.922E-11 3.133E-11 3.340E-11
 3.580E-11 3.920E-11 4.259E-11 4.745E-11 5.236E-11 5.808E-11 6.238E-11 6.596E-11
 6.812E-11 7.208E-11 7.730E-11 8.181E-11 8.686E-11 9.145E-11 9.647E-11 1.010E-10
 1.041E-10 1.059E-10 1.070E-10 1.080E-10 1.095E-10 1.099E-10 1.104E-10 1.091E-10
 1.050E-10 1.015E-10 9.842E-11 9.466E-11 9.081E-11 8.985E-11 9.150E-11 9.032E-11
 8.659E-11 7.951E-11 7.176E-11 6.765E-11 6.352E-11 5.638E-11 5.012E-11 4.472E-11
 4.185E-11 4.155E-11 4.108E-11 4.066E-11 4.019E-11 3.945E-11 3.836E-11 3.522E-11
 2.675E-11 2.248E-11 1.976E-11 1.665E-11 1.712E-11 2.233E-11 3.201E-11 4.659E-11
 5.949E-11 7.237E-11 8.540E-11 9.770E-11 1.097E-10 1.236E-10 1.413E-10 1.612E-10
 1.818E-10 2.006E-10 2.182E-10 2.371E-10 2.578E-10 2.786E-10 3.005E-10 3.243E-10
 3.281E-10 3.238E-10 3.178E-10 3.088E-10 2.950E-10 2.768E-10 2.587E-10 2.342E-10
 1.996E-10 1.549E-10 1.118E-10 6.446E-11
                                   Total (all groups):  9.716E-09 neutrons/sec-cm**3   .
                               Average Neutron Energy:  3.255E+00 MeV.


 (a,n) neutrons/sec-cc from  1.32699E-04 at/cc at219  alphas on  c 13  in target
 0.000E+00 0.000E+00 0.000E+00 0.000E+00 0.000E+00 0.000E+00 0.000E+00 0.000E+00
 0.000E+00 0.000E+00 0.000E+00 0.000E+00 0.000E+00 0.000E+00 0.000E+00 0.000E+00
 0.000E+00 4.449E-19 1.574E-16 5.628E-16 9.722E-16 1.449E-15 1.807E-15 2.106E-15
 2.286E-15 2.616E-15 3.052E-15 3.427E-15 3.849E-15 4.232E-15 4.650E-15 5.031E-15
 5.284E-15 5.432E-15 5.524E-15 5.607E-15 5.737E-15 5.767E-15 5.814E-15 5.852E-15
 5.867E-15 5.926E-15 6.014E-15 6.038E-15 6.109E-15 6.452E-15 6.913E-15 7.169E-15
 7.207E-15 6.629E-15 5.983E-15 5.641E-15 5.296E-15 4.701E-15 4.179E-15 3.728E-15
 3.490E-15 3.464E-15 3.425E-15 3.390E-15 3.351E-15 3.289E-15 3.198E-15 2.936E-15
 2.230E-15 1.873E-15 1.647E-15 1.367E-15 1.097E-15 6.243E-16 2.376E-16 8.109E-17
 4.046E-17 2.303E-17 8.507E-18 1.779E-18 3.524E-20 0.000E+00 0.000E+00 0.000E+00
 0.000E+00 0.000E+00 0.000E+00 0.000E+00 2.572E-17 3.309E-16 1.437E-15 2.989E-15
 4.302E-15 5.681E-15 6.669E-15 7.441E-15 7.933E-15 8.616E-15 9.608E-15 1.039E-14
 1.007E-14 7.807E-15 5.862E-15 3.686E-15
                                   Total (all groups):  3.037E-13 neutrons/sec-cm**3   .
                               Average Neutron Energy:  4.077E+00 MeV.


 (a,n) neutrons/sec-cc from  1.13339E-01 at/cc rn219  alphas on  c 13  in target
 0.000E+00 0.000E+00 0.000E+00 0.000E+00 0.000E+00 0.000E+00 0.000E+00 0.000E+00
 0.000E+00 0.000E+00 0.000E+00 0.000E+00 3.254E-14 1.310E-12 3.020E-12 4.757E-12
 6.992E-12 1.037E-11 1.376E-11 1.863E-11 2.354E-11 2.927E-11 3.357E-11 3.716E-11
 3.932E-11 4.329E-11 4.851E-11 5.302E-11 5.808E-11 6.268E-11 6.770E-11 7.228E-11
 7.532E-11 7.710E-11 7.820E-11 7.920E-11 8.075E-11 8.112E-11 8.168E-11 8.213E-11
 8.231E-11 8.302E-11 8.408E-11 8.436E-11 8.522E-11 8.858E-11 9.121E-11 9.038E-11
 8.669E-11 7.960E-11 7.184E-11 6.773E-11 6.359E-11 5.644E-11 5.018E-11 4.476E-11
 4.190E-11 4.160E-11 4.112E-11 4.070E-11 4.024E-11 3.950E-11 3.840E-11 3.525E-11
 2.678E-11 2.249E-11 1.977E-11 1.641E-11 1.317E-11 7.494E-12 2.850E-12 9.707E-13
 4.828E-13 2.731E-13 1.030E-13 2.186E-14 4.231E-16 0.000E+00 0.000E+00 5.727E-13
 5.834E-12 1.361E-11 2.107E-11 2.993E-11 4.196E-11 5.507E-11 6.916E-11 8.779E-11
 1.036E-10 1.201E-10 1.339E-10 1.461E-10 1.547E-10 1.644E-10 1.671E-10 1.630E-10
 1.477E-10 1.219E-10 9.836E-11 6.197E-11
                                   Total (all groups):  4.810E-09 neutrons/sec-cm**3   .
                               Average Neutron Energy:  3.778E+00 MeV.


 (a,n) neutrons/sec-cc from  5.21318E-01 at/cc fr223  alphas on  c 13  in target
 0.000E+00 0.000E+00 0.000E+00 0.000E+00 0.000E+00 0.000E+00 0.000E+00 0.000E+00
 0.000E+00 0.000E+00 0.000E+00 0.000E+00 0.000E+00 0.000E+00 0.000E+00 0.000E+00
 0.000E+00 0.000E+00 0.000E+00 0.000E+00 0.000E+00 0.000E+00 0.000E+00 0.000E+00
 0.000E+00 0.000E+00 7.607E-20 1.913E-18 4.731E-18 7.292E-18 1.009E-17 1.264E-17
 1.433E-17 1.532E-17 1.594E-17 1.649E-17 1.736E-17 1.756E-17 1.787E-17 1.813E-17
 1.823E-17 1.862E-17 1.921E-17 1.937E-17 1.985E-17 2.214E-17 2.523E-17 2.694E-17
 2.821E-17 2.902E-17 2.979E-17 3.104E-17 3.196E-17 3.135E-17 2.795E-17 2.493E-17
 2.334E-17 2.317E-17 2.290E-17 2.267E-17 2.241E-17 2.200E-17 2.139E-17 1.964E-17
 1.492E-17 1.253E-17 1.101E-17 9.142E-18 7.335E-18 4.174E-18 1.587E-18 5.404E-19
 2.686E-19 1.519E-19 5.694E-20 1.198E-20 2.357E-22 0.000E+00 0.000E+00 0.000E+00
 0.000E+00 0.000E+00 0.000E+00 0.000E+00 0.000E+00 0.000E+00 0.000E+00 0.000E+00
 0.000E+00 0.000E+00 0.000E+00 0.000E+00 0.000E+00 0.000E+00 2.093E-19 1.464E-18
 5.728E-18 1.021E-17 1.389E-17 1.372E-17
                                   Total (all groups):  8.581E-16 neutrons/sec-cm**3   .
                               Average Neutron Energy:  4.780E+00 MeV.


 (a,n) neutrons/sec-cc from  2.82066E+04 at/cc ra223  alphas on  c 13  in target
 0.000E+00 0.000E+00 0.000E+00 0.000E+00 0.000E+00 0.000E+00 0.000E+00 0.000E+00
 0.000E+00 0.000E+00 0.000E+00 0.000E+00 0.000E+00 0.000E+00 0.000E+00 0.000E+00
 0.000E+00 0.000E+00 0.000E+00 0.000E+00 0.000E+00 0.000E+00 3.566E-14 2.401E-12
 5.898E-12 1.333E-11 2.324E-11 3.179E-11 4.137E-11 5.009E-11 5.961E-11 6.828E-11
 7.405E-11 7.742E-11 7.951E-11 8.140E-11 8.434E-11 8.503E-11 8.610E-11 8.696E-11
 8.730E-11 8.864E-11 9.064E-11 9.119E-11 9.282E-11 1.006E-10 1.111E-10 1.169E-10
 1.213E-10 1.240E-10 1.266E-10 1.278E-10 1.205E-10 1.070E-10 9.510E-11 8.484E-11
 7.941E-11 7.884E-11 7.794E-11 7.714E-11 7.626E-11 7.486E-11 7.278E-11 6.682E-11
 5.076E-11 4.264E-11 3.747E-11 3.111E-11 2.497E-11 1.421E-11 5.408E-12 1.846E-12
 9.218E-13 5.255E-13 1.941E-13 4.070E-14 8.019E-16 0.000E+00 0.000E+00 0.000E+00
 0.000E+00 0.000E+00 0.000E+00 0.000E+00 0.000E+00 0.000E+00 0.000E+00 0.000E+00
 0.000E+00 4.604E-14 1.324E-12 8.493E-12 1.821E-11 3.339E-11 5.597E-11 7.421E-11
 9.044E-11 1.057E-10 1.126E-10 7.214E-11
                                   Total (all groups):  4.024E-09 neutrons/sec-cm**3   .
                               Average Neutron Energy:  4.551E+00 MeV.


 (a,n) neutrons/sec-cc from  1.96486E+07 at/cc ac227  alphas on  c 13  in target
 0.000E+00 0.000E+00 0.000E+00 0.000E+00 0.000E+00 0.000E+00 0.000E+00 0.000E+00
 0.000E+00 0.000E+00 0.000E+00 0.000E+00 0.000E+00 0.000E+00 0.000E+00 0.000E+00
 0.000E+00 0.000E+00 0.000E+00 0.000E+00 0.000E+00 0.000E+00 0.000E+00 0.000E+00
 0.000E+00 0.000E+00 0.000E+00 0.000E+00 0.000E+00 0.000E+00 1.279E-14 6.535E-14
 1.066E-13 1.311E-13 1.463E-13 1.600E-13 1.815E-13 1.865E-13 1.942E-13 2.005E-13
 2.030E-13 2.128E-13 2.273E-13 2.313E-13 2.432E-13 2.999E-13 3.763E-13 4.186E-13
 4.501E-13 4.702E-13 4.891E-13 5.200E-13 5.429E-13 5.627E-13 5.952E-13 6.088E-13
 5.777E-13 5.736E-13 5.670E-13 5.612E-13 5.548E-13 5.446E-13 5.295E-13 4.861E-13
 3.692E-13 3.101E-13 2.726E-13 2.263E-13 1.816E-13 1.033E-13 3.928E-14 1.337E-14
 6.645E-15 3.760E-15 1.409E-15 2.960E-16 5.833E-18 0.000E+00 0.000E+00 0.000E+00
 0.000E+00 0.000E+00 0.000E+00 0.000E+00 0.000E+00 0.000E+00 0.000E+00 0.000E+00
 0.000E+00 0.000E+00 0.000E+00 0.000E+00 0.000E+00 0.000E+00 0.000E+00 0.000E+00
 0.000E+00 0.000E+00 0.000E+00 0.000E+00
                                   Total (all groups):  1.376E-11 neutrons/sec-cm**3   .
                               Average Neutron Energy:  4.658E+00 MeV.


 (a,n) neutrons/sec-cc from  4.56854E+04 at/cc th227  alphas on  c 13  in target
 0.000E+00 0.000E+00 0.000E+00 0.000E+00 0.000E+00 0.000E+00 0.000E+00 0.000E+00
 0.000E+00 0.000E+00 0.000E+00 0.000E+00 0.000E+00 0.000E+00 0.000E+00 0.000E+00
 0.000E+00 0.000E+00 0.000E+00 0.000E+00 4.893E-13 3.172E-12 5.588E-12 8.238E-12
 1.033E-11 1.425E-11 1.941E-11 2.386E-11 2.885E-11 3.339E-11 3.835E-11 4.286E-11
 4.587E-11 4.762E-11 4.871E-11 4.969E-11 5.123E-11 5.159E-11 5.214E-11 5.259E-11
 5.277E-11 5.347E-11 5.451E-11 5.479E-11 5.564E-11 5.970E-11 6.517E-11 6.820E-11
 7.045E-11 7.155E-11 6.899E-11 6.680E-11 6.276E-11 5.571E-11 4.953E-11 4.418E-11
 4.136E-11 4.106E-11 4.059E-11 4.017E-11 3.971E-11 3.898E-11 3.790E-11 3.480E-11
 2.643E-11 2.220E-11 1.951E-11 1.620E-11 1.299E-11 7.393E-12 2.810E-12 9.552E-13
 4.736E-13 2.664E-13 1.008E-13 2.123E-14 4.176E-16 0.000E+00 0.000E+00 0.000E+00
 0.000E+00 0.000E+00 0.000E+00 0.000E+00 0.000E+00 0.000E+00 1.060E-14 6.570E-13
 5.197E-12 1.373E-11 2.077E-11 2.787E-11 3.361E-11 4.170E-11 5.346E-11 6.295E-11
 7.136E-11 7.342E-11 6.171E-11 3.756E-11
                                   Total (all groups):  2.510E-09 neutrons/sec-cm**3   .
                               Average Neutron Energy:  4.384E+00 MeV.


 (a,n) neutrons/sec-cc from  2.95185E+10 at/cc pa231  alphas on  c 13  in target
 0.000E+00 0.000E+00 0.000E+00 0.000E+00 0.000E+00 0.000E+00 0.000E+00 0.000E+00
 0.000E+00 0.000E+00 0.000E+00 0.000E+00 0.000E+00 0.000E+00 0.000E+00 0.000E+00
 0.000E+00 0.000E+00 0.000E+00 0.000E+00 0.000E+00 0.000E+00 0.000E+00 0.000E+00
 0.000E+00 0.000E+00 0.000E+00 0.000E+00 0.000E+00 2.151E-13 3.072E-12 6.977E-12
 9.709E-12 1.145E-11 1.255E-11 1.354E-11 1.509E-11 1.546E-11 1.602E-11 1.647E-11
 1.665E-11 1.736E-11 1.841E-11 1.870E-11 1.956E-11 2.366E-11 2.919E-11 3.225E-11
 3.453E-11 3.598E-11 3.735E-11 3.959E-11 4.124E-11 4.267E-11 4.494E-11 4.386E-11
 4.175E-11 4.150E-11 4.102E-11 4.060E-11 4.014E-11 3.940E-11 3.831E-11 3.517E-11
 2.671E-11 2.244E-11 1.972E-11 1.637E-11 1.314E-11 7.475E-12 2.843E-12 9.678E-13
 4.812E-13 2.725E-13 1.019E-13 2.140E-14 4.221E-16 0.000E+00 0.000E+00 0.000E+00
 0.000E+00 0.000E+00 0.000E+00 0.000E+00 0.000E+00 0.000E+00 0.000E+00 0.000E+00
 0.000E+00 0.000E+00 0.000E+00 0.000E+00 0.000E+00 0.000E+00 0.000E+00 0.000E+00
 0.000E+00 2.475E-16 5.506E-14 1.053E-13
                                   Total (all groups):  1.045E-09 neutrons/sec-cm**3   .
                               Average Neutron Energy:  4.710E+00 MeV.


 (a,n) neutrons/sec-cc from  6.34619E+14 at/cc  u235  alphas on  c 13  in target
 0.000E+00 0.000E+00 0.000E+00 0.000E+00 0.000E+00 0.000E+00 0.000E+00 0.000E+00
 0.000E+00 0.000E+00 0.000E+00 0.000E+00 0.000E+00 0.000E+00 0.000E+00 0.000E+00
 0.000E+00 0.000E+00 0.000E+00 0.000E+00 0.000E+00 0.000E+00 0.000E+00 0.000E+00
 0.000E+00 0.000E+00 0.000E+00 0.000E+00 0.000E+00 0.000E+00 0.000E+00 0.000E+00
 0.000E+00 6.593E-15 5.580E-14 4.069E-13 1.469E-12 1.810E-12 2.369E-12 2.825E-12
 3.002E-12 3.710E-12 4.765E-12 5.053E-12 5.911E-12 1.002E-11 1.555E-11 1.861E-11
 2.089E-11 2.235E-11 2.372E-11 2.596E-11 2.761E-11 2.904E-11 3.140E-11 3.455E-11
 3.791E-11 4.021E-11 4.088E-11 4.063E-11 4.017E-11 3.943E-11 3.834E-11 3.520E-11
 2.673E-11 2.245E-11 1.973E-11 1.638E-11 1.315E-11 7.480E-12 2.844E-12 9.682E-13
 4.812E-13 2.723E-13 1.020E-13 2.144E-14 4.224E-16 0.000E+00 0.000E+00 0.000E+00
 0.000E+00 0.000E+00 0.000E+00 0.000E+00 0.000E+00 0.000E+00 0.000E+00 0.000E+00
 0.000E+00 0.000E+00 0.000E+00 0.000E+00 0.000E+00 0.000E+00 0.000E+00 0.000E+00
 0.000E+00 0.000E+00 0.000E+00 0.000E+00
                                   Total (all groups):  7.145E-10 neutrons/sec-cm**3   .
                               Average Neutron Energy:  4.294E+00 MeV.



 Total (alpha,n) neutron spectrum this target
 0.000E+00 2.024E-13 1.679E-12 3.834E-12 6.605E-12 9.001E-12 1.126E-11 1.527E-11
 2.183E-11 2.852E-11 3.633E-11 4.457E-11 5.363E-11 6.280E-11 7.092E-11 8.022E-11
 9.164E-11 1.080E-10 1.247E-10 1.490E-10 1.740E-10 2.052E-10 2.291E-10 2.520E-10
 2.684E-10 2.995E-10 3.406E-10 3.761E-10 4.159E-10 4.523E-10 4.947E-10 5.346E-10
 5.613E-10 5.771E-10 5.869E-10 5.961E-10 6.110E-10 6.146E-10 6.201E-10 6.228E-10
 6.203E-10 6.231E-10 6.264E-10 6.173E-10 6.118E-10 6.365E-10 6.761E-10 6.864E-10
 6.797E-10 6.512E-10 6.153E-10 5.983E-10 5.697E-10 5.163E-10 4.717E-10 4.312E-10
 4.099E-10 4.095E-10 4.060E-10 4.020E-10 3.974E-10 3.901E-10 3.793E-10 3.482E-10
 2.645E-10 2.222E-10 1.953E-10 1.624E-10 1.340E-10 8.886E-11 5.730E-11 5.521E-11
 6.378E-11 7.607E-11 9.976E-11 1.348E-10 1.706E-10 2.113E-10 2.564E-10 3.052E-10
 3.560E-10 4.022E-10 4.500E-10 5.062E-10 5.813E-10 6.627E-10 7.525E-10 8.668E-10
 9.534E-10 1.040E-09 1.101E-09 1.120E-09 1.109E-09 1.107E-09 1.129E-09 1.115E-09
 1.033E-09 8.737E-10 6.947E-10 4.220E-10
                                   Total (all groups):  4.130E-08 neutrons/sec-cm**3   .
                               Average Neutron Energy:  3.690E+00 MeV.
 

--------------------------------------------------------------------------------
 

--------------------------------------------------------------------------------



 Grand total (alpha,n) neutron spectrum, all targets, all sources
 0.000E+00 2.024E-13 1.679E-12 3.834E-12 6.605E-12 9.001E-12 1.126E-11 1.527E-11
 2.183E-11 2.852E-11 3.633E-11 4.457E-11 5.363E-11 6.280E-11 7.092E-11 8.022E-11
 9.164E-11 1.080E-10 1.247E-10 1.490E-10 1.740E-10 2.052E-10 2.291E-10 2.520E-10
 2.684E-10 2.995E-10 3.406E-10 3.761E-10 4.159E-10 4.523E-10 4.947E-10 5.346E-10
 5.613E-10 5.771E-10 5.869E-10 5.961E-10 6.110E-10 6.146E-10 6.201E-10 6.228E-10
 6.203E-10 6.231E-10 6.264E-10 6.173E-10 6.118E-10 6.365E-10 6.761E-10 6.864E-10
 6.797E-10 6.512E-10 6.153E-10 5.983E-10 5.697E-10 5.163E-10 4.717E-10 4.312E-10
 4.099E-10 4.095E-10 4.060E-10 4.020E-10 3.974E-10 3.901E-10 3.793E-10 3.482E-10
 2.645E-10 2.222E-10 1.953E-10 1.624E-10 1.340E-10 8.886E-11 5.730E-11 5.521E-11
 6.378E-11 7.607E-11 9.976E-11 1.348E-10 1.706E-10 2.113E-10 2.564E-10 3.052E-10
 3.560E-10 4.022E-10 4.500E-10 5.062E-10 5.813E-10 6.627E-10 7.525E-10 8.668E-10
 9.534E-10 1.040E-09 1.101E-09 1.120E-09 1.109E-09 1.107E-09 1.129E-09 1.115E-09
 1.033E-09 8.737E-10 6.947E-10 4.220E-10
                                   Total (all groups):  4.130E-08 neutrons/sec-cm**3   .
                               Average Neutron Energy:  3.690E+00 MeV.
 

--------------------------------------------------------------------------------

--------------------------------------------------------------------------------
 


 S.F. neutrons/cc from  2.95185E+10 at/cc pa231 
 5.536E-18 6.066E-18 6.648E-18 7.277E-18 7.971E-18 8.726E-18 9.553E-18 1.045E-17
 1.144E-17 1.252E-17 1.369E-17 1.497E-17 1.637E-17 1.789E-17 1.955E-17 2.137E-17
 2.334E-17 2.549E-17 2.783E-17 3.039E-17 3.317E-17 3.619E-17 3.948E-17 4.306E-17
 4.695E-17 5.118E-17 5.578E-17 6.077E-17 6.619E-17 7.208E-17 7.846E-17 8.539E-17
 9.289E-17 1.010E-16 1.099E-16 1.194E-16 1.297E-16 1.409E-16 1.530E-16 1.661E-16
 1.802E-16 1.955E-16 2.120E-16 2.297E-16 2.489E-16 2.696E-16 2.918E-16 3.157E-16
 3.415E-16 3.692E-16 3.989E-16 4.308E-16 4.651E-16 5.018E-16 5.411E-16 5.832E-16
 6.282E-16 6.762E-16 7.275E-16 7.822E-16 8.404E-16 9.024E-16 9.682E-16 1.038E-15
 1.112E-15 1.191E-15 1.273E-15 1.361E-15 1.453E-15 1.550E-15 1.651E-15 1.758E-15
 1.869E-15 1.984E-15 2.105E-15 2.229E-15 2.358E-15 2.490E-15 2.626E-15 2.764E-15
 2.903E-15 3.044E-15 3.184E-15 3.323E-15 3.459E-15 3.589E-15 3.712E-15 3.825E-15
 3.925E-15 4.009E-15 4.070E-15 4.105E-15 4.106E-15 4.065E-15 3.971E-15 3.807E-15
 3.553E-15 3.170E-15 2.581E-15 1.480E-15
                                   Total (all groups):  1.138E-13 neutrons/sec-cm**3   .
                               Average Neutron Energy:  1.925E+00 MeV.


 S.F. neutrons/cc from  6.34619E+14 at/cc  u235 
 2.995E-15 3.289E-15 3.613E-15 3.969E-15 4.358E-15 4.783E-15 5.251E-15 5.762E-15
 6.323E-15 6.936E-15 7.608E-15 8.340E-15 9.145E-15 1.002E-14 1.098E-14 1.203E-14
 1.318E-14 1.443E-14 1.580E-14 1.730E-14 1.893E-14 2.071E-14 2.265E-14 2.477E-14
 2.708E-14 2.960E-14 3.234E-14 3.533E-14 3.857E-14 4.211E-14 4.596E-14 5.014E-14
 5.470E-14 5.964E-14 6.501E-14 7.084E-14 7.716E-14 8.403E-14 9.147E-14 9.953E-14
 1.083E-13 1.177E-13 1.279E-13 1.390E-13 1.510E-13 1.639E-13 1.778E-13 1.929E-13
 2.091E-13 2.266E-13 2.454E-13 2.657E-13 2.875E-13 3.109E-13 3.360E-13 3.629E-13
 3.918E-13 4.227E-13 4.558E-13 4.911E-13 5.288E-13 5.691E-13 6.119E-13 6.574E-13
 7.058E-13 7.571E-13 8.114E-13 8.689E-13 9.295E-13 9.934E-13 1.061E-12 1.131E-12
 1.205E-12 1.282E-12 1.362E-12 1.445E-12 1.531E-12 1.620E-12 1.711E-12 1.803E-12
 1.897E-12 1.992E-12 2.087E-12 2.181E-12 2.273E-12 2.362E-12 2.446E-12 2.523E-12
 2.592E-12 2.649E-12 2.692E-12 2.717E-12 2.720E-12 2.694E-12 2.632E-12 2.524E-12
 2.356E-12 2.102E-12 1.710E-12 9.805E-13
                                   Total (all groups):  7.405E-11 neutrons/sec-cm**3   .
                               Average Neutron Energy:  1.890E+00 MeV.

--------------------------------------------------------------------------------



 Total S.F. neutron spectrum
 3.000E-15 3.295E-15 3.620E-15 3.976E-15 4.366E-15 4.791E-15 5.261E-15 5.772E-15
 6.334E-15 6.948E-15 7.621E-15 8.355E-15 9.161E-15 1.004E-14 1.100E-14 1.206E-14
 1.320E-14 1.446E-14 1.583E-14 1.733E-14 1.896E-14 2.075E-14 2.269E-14 2.482E-14
 2.713E-14 2.965E-14 3.239E-14 3.539E-14 3.864E-14 4.218E-14 4.604E-14 5.023E-14
 5.479E-14 5.974E-14 6.512E-14 7.096E-14 7.729E-14 8.417E-14 9.162E-14 9.969E-14
 1.084E-13 1.179E-13 1.282E-13 1.392E-13 1.512E-13 1.642E-13 1.781E-13 1.932E-13
 2.095E-13 2.270E-13 2.458E-13 2.661E-13 2.879E-13 3.114E-13 3.365E-13 3.635E-13
 3.924E-13 4.234E-13 4.565E-13 4.919E-13 5.297E-13 5.700E-13 6.129E-13 6.585E-13
 7.069E-13 7.583E-13 8.127E-13 8.702E-13 9.310E-13 9.949E-13 1.062E-12 1.133E-12
 1.207E-12 1.284E-12 1.364E-12 1.447E-12 1.533E-12 1.622E-12 1.713E-12 1.806E-12
 1.900E-12 1.995E-12 2.090E-12 2.184E-12 2.276E-12 2.365E-12 2.449E-12 2.527E-12
 2.596E-12 2.653E-12 2.696E-12 2.721E-12 2.724E-12 2.698E-12 2.636E-12 2.528E-12
 2.359E-12 2.105E-12 1.713E-12 9.820E-13
                                   Total (all groups):  7.417E-11 neutrons/sec-cm**3   .
                               Average Neutron Energy:  1.890E+00 MeV.
 

--------------------------------------------------------------------------------
 
 

--------------------------------------------------------------------------------




 Total Neutron Spectrum
 3.000E-15 2.057E-13 1.683E-12 3.838E-12 6.609E-12 9.006E-12 1.127E-11 1.528E-11
 2.183E-11 2.852E-11 3.633E-11 4.458E-11 5.364E-11 6.281E-11 7.093E-11 8.023E-11
 9.165E-11 1.081E-10 1.248E-10 1.490E-10 1.740E-10 2.052E-10 2.291E-10 2.521E-10
 2.684E-10 2.995E-10 3.407E-10 3.761E-10 4.159E-10 4.523E-10 4.947E-10 5.347E-10
 5.614E-10 5.771E-10 5.870E-10 5.962E-10 6.111E-10 6.147E-10 6.202E-10 6.229E-10
 6.204E-10 6.232E-10 6.265E-10 6.175E-10 6.119E-10 6.366E-10 6.763E-10 6.866E-10
 6.799E-10 6.514E-10 6.155E-10 5.985E-10 5.699E-10 5.166E-10 4.720E-10 4.316E-10
 4.103E-10 4.100E-10 4.064E-10 4.025E-10 3.979E-10 3.907E-10 3.799E-10 3.489E-10
 2.652E-10 2.229E-10 1.961E-10 1.632E-10 1.350E-10 8.985E-11 5.837E-11 5.634E-11
 6.499E-11 7.735E-11 1.011E-10 1.363E-10 1.721E-10 2.129E-10 2.581E-10 3.070E-10
 3.579E-10 4.042E-10 4.521E-10 5.084E-10 5.836E-10 6.651E-10 7.549E-10 8.693E-10
 9.560E-10 1.043E-09 1.103E-09 1.122E-09 1.112E-09 1.110E-09 1.132E-09 1.117E-09
 1.035E-09 8.758E-10 6.964E-10 4.230E-10
                                   Total (all groups):  4.137E-08 neutrons/sec-cm**3   .
                               Average Neutron Energy:  3.687E+00 MeV.
