SOURCES 4A Calculation
<<<<<<<<<<<>>>>>>>>>>>



                       Absolute Neutron Source Spectra
                       ~~~~~~~~~~~~~~~~~~~~~~~~~~~~~~~

Title: Bulk Copper problem 1ppb U-235 in secular equilibrium                        

 Neutron Multigroup Structure (MeV)
 1.000E+01 9.900E+00 9.800E+00 9.700E+00 9.600E+00 9.500E+00 9.400E+00 9.300E+00
 9.200E+00 9.100E+00 9.000E+00 8.900E+00 8.800E+00 8.700E+00 8.600E+00 8.500E+00
 8.400E+00 8.300E+00 8.200E+00 8.100E+00 8.000E+00 7.900E+00 7.800E+00 7.700E+00
 7.600E+00 7.500E+00 7.400E+00 7.300E+00 7.200E+00 7.100E+00 7.000E+00 6.900E+00
 6.800E+00 6.700E+00 6.600E+00 6.500E+00 6.400E+00 6.300E+00 6.200E+00 6.100E+00
 6.000E+00 5.900E+00 5.800E+00 5.700E+00 5.600E+00 5.500E+00 5.400E+00 5.300E+00
 5.200E+00 5.100E+00 5.000E+00 4.900E+00 4.800E+00 4.700E+00 4.600E+00 4.500E+00
 4.400E+00 4.300E+00 4.200E+00 4.100E+00 4.000E+00 3.900E+00 3.800E+00 3.700E+00
 3.600E+00 3.500E+00 3.400E+00 3.300E+00 3.200E+00 3.100E+00 3.000E+00 2.900E+00
 2.800E+00 2.700E+00 2.600E+00 2.500E+00 2.400E+00 2.300E+00 2.200E+00 2.100E+00
 2.000E+00 1.900E+00 1.800E+00 1.700E+00 1.600E+00 1.500E+00 1.400E+00 1.300E+00
 1.200E+00 1.100E+00 1.000E+00 9.000E-01 8.000E-01 7.000E-01 6.000E-01 5.000E-01
 4.000E-01 3.000E-01 2.000E-01 1.000E-01 0.000E+00

--------------------------------------------------------------------------------


 (a,n) neutrons/sec-cc from  2.85901E-06 at/cc at215  alphas on cu 63  in target
 0.000E+00 0.000E+00 0.000E+00 0.000E+00 0.000E+00 0.000E+00 0.000E+00 0.000E+00
 0.000E+00 0.000E+00 0.000E+00 0.000E+00 0.000E+00 0.000E+00 0.000E+00 0.000E+00
 0.000E+00 0.000E+00 0.000E+00 0.000E+00 0.000E+00 0.000E+00 0.000E+00 0.000E+00
 0.000E+00 0.000E+00 0.000E+00 0.000E+00 0.000E+00 0.000E+00 0.000E+00 0.000E+00
 0.000E+00 0.000E+00 0.000E+00 0.000E+00 0.000E+00 0.000E+00 0.000E+00 0.000E+00
 0.000E+00 0.000E+00 0.000E+00 0.000E+00 0.000E+00 0.000E+00 0.000E+00 0.000E+00
 0.000E+00 0.000E+00 0.000E+00 0.000E+00 0.000E+00 0.000E+00 0.000E+00 0.000E+00
 0.000E+00 0.000E+00 0.000E+00 0.000E+00 0.000E+00 0.000E+00 0.000E+00 0.000E+00
 0.000E+00 0.000E+00 0.000E+00 0.000E+00 0.000E+00 0.000E+00 0.000E+00 0.000E+00
 0.000E+00 0.000E+00 0.000E+00 0.000E+00 0.000E+00 0.000E+00 0.000E+00 0.000E+00
 0.000E+00 0.000E+00 0.000E+00 0.000E+00 0.000E+00 0.000E+00 0.000E+00 0.000E+00
 0.000E+00 0.000E+00 0.000E+00 0.000E+00 0.000E+00 0.000E+00 0.000E+00 0.000E+00
 0.000E+00 0.000E+00 0.000E+00 1.744E-12
                                   Total (all groups):  1.744E-12 neutrons/sec-cm**3   .
                               Average Neutron Energy:  4.075E-02 MeV.



 Total (alpha,n) neutron spectrum this target
 0.000E+00 0.000E+00 0.000E+00 0.000E+00 0.000E+00 0.000E+00 0.000E+00 0.000E+00
 0.000E+00 0.000E+00 0.000E+00 0.000E+00 0.000E+00 0.000E+00 0.000E+00 0.000E+00
 0.000E+00 0.000E+00 0.000E+00 0.000E+00 0.000E+00 0.000E+00 0.000E+00 0.000E+00
 0.000E+00 0.000E+00 0.000E+00 0.000E+00 0.000E+00 0.000E+00 0.000E+00 0.000E+00
 0.000E+00 0.000E+00 0.000E+00 0.000E+00 0.000E+00 0.000E+00 0.000E+00 0.000E+00
 0.000E+00 0.000E+00 0.000E+00 0.000E+00 0.000E+00 0.000E+00 0.000E+00 0.000E+00
 0.000E+00 0.000E+00 0.000E+00 0.000E+00 0.000E+00 0.000E+00 0.000E+00 0.000E+00
 0.000E+00 0.000E+00 0.000E+00 0.000E+00 0.000E+00 0.000E+00 0.000E+00 0.000E+00
 0.000E+00 0.000E+00 0.000E+00 0.000E+00 0.000E+00 0.000E+00 0.000E+00 0.000E+00
 0.000E+00 0.000E+00 0.000E+00 0.000E+00 0.000E+00 0.000E+00 0.000E+00 0.000E+00
 0.000E+00 0.000E+00 0.000E+00 0.000E+00 0.000E+00 0.000E+00 0.000E+00 0.000E+00
 0.000E+00 0.000E+00 0.000E+00 0.000E+00 0.000E+00 0.000E+00 0.000E+00 0.000E+00
 0.000E+00 0.000E+00 0.000E+00 1.744E-12
                                   Total (all groups):  1.744E-12 neutrons/sec-cm**3   .
                               Average Neutron Energy:  4.075E-02 MeV.
 

--------------------------------------------------------------------------------
 


 (a,n) neutrons/sec-cc from  3.66963E+00 at/cc bi211  alphas on cu 65  in target
 0.000E+00 0.000E+00 0.000E+00 0.000E+00 0.000E+00 0.000E+00 0.000E+00 0.000E+00
 0.000E+00 0.000E+00 0.000E+00 0.000E+00 0.000E+00 0.000E+00 0.000E+00 0.000E+00
 0.000E+00 0.000E+00 0.000E+00 0.000E+00 0.000E+00 0.000E+00 0.000E+00 0.000E+00
 0.000E+00 0.000E+00 0.000E+00 0.000E+00 0.000E+00 0.000E+00 0.000E+00 0.000E+00
 0.000E+00 0.000E+00 0.000E+00 0.000E+00 0.000E+00 0.000E+00 0.000E+00 0.000E+00
 0.000E+00 0.000E+00 0.000E+00 0.000E+00 0.000E+00 0.000E+00 0.000E+00 0.000E+00
 0.000E+00 0.000E+00 0.000E+00 0.000E+00 0.000E+00 0.000E+00 0.000E+00 0.000E+00
 0.000E+00 0.000E+00 0.000E+00 0.000E+00 0.000E+00 0.000E+00 0.000E+00 0.000E+00
 0.000E+00 0.000E+00 0.000E+00 0.000E+00 0.000E+00 0.000E+00 0.000E+00 0.000E+00
 0.000E+00 0.000E+00 0.000E+00 0.000E+00 0.000E+00 0.000E+00 0.000E+00 0.000E+00
 0.000E+00 0.000E+00 0.000E+00 0.000E+00 0.000E+00 0.000E+00 0.000E+00 0.000E+00
 0.000E+00 0.000E+00 0.000E+00 0.000E+00 0.000E+00 0.000E+00 9.039E-15 5.380E-13
 1.330E-12 2.167E-12 2.535E-12 1.368E-12
                                   Total (all groups):  7.946E-12 neutrons/sec-cm**3   .
                               Average Neutron Energy:  2.141E-01 MeV.


 (a,n) neutrons/sec-cc from  1.47225E-02 at/cc po211  alphas on cu 65  in target
 0.000E+00 0.000E+00 0.000E+00 0.000E+00 0.000E+00 0.000E+00 0.000E+00 0.000E+00
 0.000E+00 0.000E+00 0.000E+00 0.000E+00 0.000E+00 0.000E+00 0.000E+00 0.000E+00
 0.000E+00 0.000E+00 0.000E+00 0.000E+00 0.000E+00 0.000E+00 0.000E+00 0.000E+00
 0.000E+00 0.000E+00 0.000E+00 0.000E+00 0.000E+00 0.000E+00 0.000E+00 0.000E+00
 0.000E+00 0.000E+00 0.000E+00 0.000E+00 0.000E+00 0.000E+00 0.000E+00 0.000E+00
 0.000E+00 0.000E+00 0.000E+00 0.000E+00 0.000E+00 0.000E+00 0.000E+00 0.000E+00
 0.000E+00 0.000E+00 0.000E+00 0.000E+00 0.000E+00 0.000E+00 0.000E+00 0.000E+00
 0.000E+00 0.000E+00 0.000E+00 0.000E+00 0.000E+00 0.000E+00 0.000E+00 0.000E+00
 0.000E+00 0.000E+00 0.000E+00 0.000E+00 0.000E+00 0.000E+00 0.000E+00 0.000E+00
 0.000E+00 0.000E+00 0.000E+00 0.000E+00 0.000E+00 0.000E+00 0.000E+00 0.000E+00
 0.000E+00 0.000E+00 0.000E+00 0.000E+00 0.000E+00 0.000E+00 2.327E-13 1.428E-12
 3.199E-12 6.172E-12 9.199E-12 1.375E-11 2.046E-11 2.941E-11 3.543E-11 3.558E-11
 3.493E-11 3.275E-11 2.528E-11 1.354E-11
                                   Total (all groups):  2.614E-10 neutrons/sec-cm**3   .
                               Average Neutron Energy:  4.879E-01 MeV.


 (a,n) neutrons/sec-cc from  5.07760E-05 at/cc po215  alphas on cu 65  in target
 0.000E+00 0.000E+00 0.000E+00 0.000E+00 0.000E+00 0.000E+00 0.000E+00 0.000E+00
 0.000E+00 0.000E+00 0.000E+00 0.000E+00 0.000E+00 0.000E+00 0.000E+00 0.000E+00
 0.000E+00 0.000E+00 0.000E+00 0.000E+00 0.000E+00 0.000E+00 0.000E+00 0.000E+00
 0.000E+00 0.000E+00 0.000E+00 0.000E+00 0.000E+00 0.000E+00 0.000E+00 0.000E+00
 0.000E+00 0.000E+00 0.000E+00 0.000E+00 0.000E+00 0.000E+00 0.000E+00 0.000E+00
 0.000E+00 0.000E+00 0.000E+00 0.000E+00 0.000E+00 0.000E+00 0.000E+00 0.000E+00
 0.000E+00 0.000E+00 0.000E+00 0.000E+00 0.000E+00 0.000E+00 0.000E+00 0.000E+00
 0.000E+00 0.000E+00 0.000E+00 0.000E+00 0.000E+00 0.000E+00 0.000E+00 0.000E+00
 0.000E+00 0.000E+00 0.000E+00 0.000E+00 0.000E+00 0.000E+00 0.000E+00 0.000E+00
 0.000E+00 0.000E+00 0.000E+00 0.000E+00 0.000E+00 0.000E+00 0.000E+00 0.000E+00
 0.000E+00 0.000E+00 0.000E+00 0.000E+00 0.000E+00 0.000E+00 0.000E+00 5.895E-13
 1.873E-12 4.171E-12 7.013E-12 1.027E-11 1.503E-11 2.268E-11 3.030E-11 3.307E-11
 3.140E-11 2.970E-11 2.372E-11 1.187E-11
                                   Total (all groups):  2.217E-10 neutrons/sec-cm**3   .
                               Average Neutron Energy:  4.635E-01 MeV.


 (a,n) neutrons/sec-cc from  2.85901E-06 at/cc at215  alphas on cu 65  in target
 0.000E+00 0.000E+00 0.000E+00 0.000E+00 0.000E+00 0.000E+00 0.000E+00 0.000E+00
 0.000E+00 0.000E+00 0.000E+00 0.000E+00 0.000E+00 0.000E+00 0.000E+00 0.000E+00
 0.000E+00 0.000E+00 0.000E+00 0.000E+00 0.000E+00 0.000E+00 0.000E+00 0.000E+00
 0.000E+00 0.000E+00 0.000E+00 0.000E+00 0.000E+00 0.000E+00 0.000E+00 0.000E+00
 0.000E+00 0.000E+00 0.000E+00 0.000E+00 0.000E+00 0.000E+00 0.000E+00 0.000E+00
 0.000E+00 0.000E+00 0.000E+00 0.000E+00 0.000E+00 0.000E+00 0.000E+00 0.000E+00
 0.000E+00 0.000E+00 0.000E+00 0.000E+00 0.000E+00 0.000E+00 0.000E+00 0.000E+00
 0.000E+00 0.000E+00 0.000E+00 0.000E+00 0.000E+00 0.000E+00 0.000E+00 0.000E+00
 0.000E+00 0.000E+00 0.000E+00 0.000E+00 0.000E+00 0.000E+00 0.000E+00 0.000E+00
 0.000E+00 0.000E+00 0.000E+00 0.000E+00 0.000E+00 0.000E+00 0.000E+00 0.000E+00
 1.215E-13 1.494E-12 3.468E-12 7.106E-12 1.185E-11 1.857E-11 2.868E-11 4.276E-11
 5.685E-11 6.746E-11 7.615E-11 8.211E-11 8.877E-11 9.254E-11 9.891E-11 1.046E-10
 1.001E-10 8.385E-11 6.361E-11 3.155E-11
                                   Total (all groups):  1.061E-09 neutrons/sec-cm**3   .
                               Average Neutron Energy:  6.901E-01 MeV.


 (a,n) neutrons/sec-cc from  1.32699E-04 at/cc at219  alphas on cu 65  in target
 0.000E+00 0.000E+00 0.000E+00 0.000E+00 0.000E+00 0.000E+00 0.000E+00 0.000E+00
 0.000E+00 0.000E+00 0.000E+00 0.000E+00 0.000E+00 0.000E+00 0.000E+00 0.000E+00
 0.000E+00 0.000E+00 0.000E+00 0.000E+00 0.000E+00 0.000E+00 0.000E+00 0.000E+00
 0.000E+00 0.000E+00 0.000E+00 0.000E+00 0.000E+00 0.000E+00 0.000E+00 0.000E+00
 0.000E+00 0.000E+00 0.000E+00 0.000E+00 0.000E+00 0.000E+00 0.000E+00 0.000E+00
 0.000E+00 0.000E+00 0.000E+00 0.000E+00 0.000E+00 0.000E+00 0.000E+00 0.000E+00
 0.000E+00 0.000E+00 0.000E+00 0.000E+00 0.000E+00 0.000E+00 0.000E+00 0.000E+00
 0.000E+00 0.000E+00 0.000E+00 0.000E+00 0.000E+00 0.000E+00 0.000E+00 0.000E+00
 0.000E+00 0.000E+00 0.000E+00 0.000E+00 0.000E+00 0.000E+00 0.000E+00 0.000E+00
 0.000E+00 0.000E+00 0.000E+00 0.000E+00 0.000E+00 0.000E+00 0.000E+00 0.000E+00
 0.000E+00 0.000E+00 0.000E+00 0.000E+00 0.000E+00 0.000E+00 0.000E+00 0.000E+00
 0.000E+00 0.000E+00 0.000E+00 0.000E+00 0.000E+00 0.000E+00 0.000E+00 0.000E+00
 0.000E+00 0.000E+00 3.330E-18 2.328E-17
                                   Total (all groups):  2.661E-17 neutrons/sec-cm**3   .
                               Average Neutron Energy:  6.301E-02 MeV.


 (a,n) neutrons/sec-cc from  1.13339E-01 at/cc rn219  alphas on cu 65  in target
 0.000E+00 0.000E+00 0.000E+00 0.000E+00 0.000E+00 0.000E+00 0.000E+00 0.000E+00
 0.000E+00 0.000E+00 0.000E+00 0.000E+00 0.000E+00 0.000E+00 0.000E+00 0.000E+00
 0.000E+00 0.000E+00 0.000E+00 0.000E+00 0.000E+00 0.000E+00 0.000E+00 0.000E+00
 0.000E+00 0.000E+00 0.000E+00 0.000E+00 0.000E+00 0.000E+00 0.000E+00 0.000E+00
 0.000E+00 0.000E+00 0.000E+00 0.000E+00 0.000E+00 0.000E+00 0.000E+00 0.000E+00
 0.000E+00 0.000E+00 0.000E+00 0.000E+00 0.000E+00 0.000E+00 0.000E+00 0.000E+00
 0.000E+00 0.000E+00 0.000E+00 0.000E+00 0.000E+00 0.000E+00 0.000E+00 0.000E+00
 0.000E+00 0.000E+00 0.000E+00 0.000E+00 0.000E+00 0.000E+00 0.000E+00 0.000E+00
 0.000E+00 0.000E+00 0.000E+00 0.000E+00 0.000E+00 0.000E+00 0.000E+00 0.000E+00
 0.000E+00 0.000E+00 0.000E+00 0.000E+00 0.000E+00 0.000E+00 0.000E+00 0.000E+00
 0.000E+00 0.000E+00 0.000E+00 0.000E+00 0.000E+00 0.000E+00 0.000E+00 0.000E+00
 0.000E+00 0.000E+00 0.000E+00 0.000E+00 1.267E-14 5.605E-13 1.462E-12 2.867E-12
 4.057E-12 4.865E-12 5.719E-12 3.873E-12
                                   Total (all groups):  2.342E-11 neutrons/sec-cm**3   .
                               Average Neutron Energy:  2.626E-01 MeV.


 (a,n) neutrons/sec-cc from  4.56854E+04 at/cc th227  alphas on cu 65  in target
 0.000E+00 0.000E+00 0.000E+00 0.000E+00 0.000E+00 0.000E+00 0.000E+00 0.000E+00
 0.000E+00 0.000E+00 0.000E+00 0.000E+00 0.000E+00 0.000E+00 0.000E+00 0.000E+00
 0.000E+00 0.000E+00 0.000E+00 0.000E+00 0.000E+00 0.000E+00 0.000E+00 0.000E+00
 0.000E+00 0.000E+00 0.000E+00 0.000E+00 0.000E+00 0.000E+00 0.000E+00 0.000E+00
 0.000E+00 0.000E+00 0.000E+00 0.000E+00 0.000E+00 0.000E+00 0.000E+00 0.000E+00
 0.000E+00 0.000E+00 0.000E+00 0.000E+00 0.000E+00 0.000E+00 0.000E+00 0.000E+00
 0.000E+00 0.000E+00 0.000E+00 0.000E+00 0.000E+00 0.000E+00 0.000E+00 0.000E+00
 0.000E+00 0.000E+00 0.000E+00 0.000E+00 0.000E+00 0.000E+00 0.000E+00 0.000E+00
 0.000E+00 0.000E+00 0.000E+00 0.000E+00 0.000E+00 0.000E+00 0.000E+00 0.000E+00
 0.000E+00 0.000E+00 0.000E+00 0.000E+00 0.000E+00 0.000E+00 0.000E+00 0.000E+00
 0.000E+00 0.000E+00 0.000E+00 0.000E+00 0.000E+00 0.000E+00 0.000E+00 0.000E+00
 0.000E+00 0.000E+00 0.000E+00 0.000E+00 0.000E+00 0.000E+00 0.000E+00 0.000E+00
 0.000E+00 0.000E+00 0.000E+00 0.000E+00
                                   Total (all groups):  0.000E+00 neutrons/sec-cm**3   .
                               Average Neutron Energy:  0.000E+00 MeV.



 Total (alpha,n) neutron spectrum this target
 0.000E+00 0.000E+00 0.000E+00 0.000E+00 0.000E+00 0.000E+00 0.000E+00 0.000E+00
 0.000E+00 0.000E+00 0.000E+00 0.000E+00 0.000E+00 0.000E+00 0.000E+00 0.000E+00
 0.000E+00 0.000E+00 0.000E+00 0.000E+00 0.000E+00 0.000E+00 0.000E+00 0.000E+00
 0.000E+00 0.000E+00 0.000E+00 0.000E+00 0.000E+00 0.000E+00 0.000E+00 0.000E+00
 0.000E+00 0.000E+00 0.000E+00 0.000E+00 0.000E+00 0.000E+00 0.000E+00 0.000E+00
 0.000E+00 0.000E+00 0.000E+00 0.000E+00 0.000E+00 0.000E+00 0.000E+00 0.000E+00
 0.000E+00 0.000E+00 0.000E+00 0.000E+00 0.000E+00 0.000E+00 0.000E+00 0.000E+00
 0.000E+00 0.000E+00 0.000E+00 0.000E+00 0.000E+00 0.000E+00 0.000E+00 0.000E+00
 0.000E+00 0.000E+00 0.000E+00 0.000E+00 0.000E+00 0.000E+00 0.000E+00 0.000E+00
 0.000E+00 0.000E+00 0.000E+00 0.000E+00 0.000E+00 0.000E+00 0.000E+00 0.000E+00
 1.215E-13 1.494E-12 3.468E-12 7.106E-12 1.185E-11 1.857E-11 2.891E-11 4.478E-11
 6.193E-11 7.781E-11 9.236E-11 1.061E-10 1.243E-10 1.452E-10 1.661E-10 1.766E-10
 1.718E-10 1.533E-10 1.209E-10 6.220E-11
                                   Total (all groups):  1.575E-09 neutrons/sec-cm**3   .
                               Average Neutron Energy:  6.159E-01 MeV.
 

--------------------------------------------------------------------------------
 

--------------------------------------------------------------------------------



 Grand total (alpha,n) neutron spectrum, all targets, all sources
 0.000E+00 0.000E+00 0.000E+00 0.000E+00 0.000E+00 0.000E+00 0.000E+00 0.000E+00
 0.000E+00 0.000E+00 0.000E+00 0.000E+00 0.000E+00 0.000E+00 0.000E+00 0.000E+00
 0.000E+00 0.000E+00 0.000E+00 0.000E+00 0.000E+00 0.000E+00 0.000E+00 0.000E+00
 0.000E+00 0.000E+00 0.000E+00 0.000E+00 0.000E+00 0.000E+00 0.000E+00 0.000E+00
 0.000E+00 0.000E+00 0.000E+00 0.000E+00 0.000E+00 0.000E+00 0.000E+00 0.000E+00
 0.000E+00 0.000E+00 0.000E+00 0.000E+00 0.000E+00 0.000E+00 0.000E+00 0.000E+00
 0.000E+00 0.000E+00 0.000E+00 0.000E+00 0.000E+00 0.000E+00 0.000E+00 0.000E+00
 0.000E+00 0.000E+00 0.000E+00 0.000E+00 0.000E+00 0.000E+00 0.000E+00 0.000E+00
 0.000E+00 0.000E+00 0.000E+00 0.000E+00 0.000E+00 0.000E+00 0.000E+00 0.000E+00
 0.000E+00 0.000E+00 0.000E+00 0.000E+00 0.000E+00 0.000E+00 0.000E+00 0.000E+00
 1.215E-13 1.494E-12 3.468E-12 7.106E-12 1.185E-11 1.857E-11 2.891E-11 4.478E-11
 6.193E-11 7.781E-11 9.236E-11 1.061E-10 1.243E-10 1.452E-10 1.661E-10 1.766E-10
 1.718E-10 1.533E-10 1.209E-10 6.394E-11
                                   Total (all groups):  1.577E-09 neutrons/sec-cm**3   .
                               Average Neutron Energy:  6.153E-01 MeV.
 

--------------------------------------------------------------------------------

--------------------------------------------------------------------------------
 


 S.F. neutrons/cc from  2.95185E+10 at/cc pa231 
 5.536E-18 6.066E-18 6.648E-18 7.277E-18 7.971E-18 8.726E-18 9.553E-18 1.045E-17
 1.144E-17 1.252E-17 1.369E-17 1.497E-17 1.637E-17 1.789E-17 1.955E-17 2.137E-17
 2.334E-17 2.549E-17 2.783E-17 3.039E-17 3.317E-17 3.619E-17 3.948E-17 4.306E-17
 4.695E-17 5.118E-17 5.578E-17 6.077E-17 6.619E-17 7.208E-17 7.846E-17 8.539E-17
 9.289E-17 1.010E-16 1.099E-16 1.194E-16 1.297E-16 1.409E-16 1.530E-16 1.661E-16
 1.802E-16 1.955E-16 2.120E-16 2.297E-16 2.489E-16 2.696E-16 2.918E-16 3.157E-16
 3.415E-16 3.692E-16 3.989E-16 4.308E-16 4.651E-16 5.018E-16 5.411E-16 5.832E-16
 6.282E-16 6.762E-16 7.275E-16 7.822E-16 8.404E-16 9.024E-16 9.682E-16 1.038E-15
 1.112E-15 1.191E-15 1.273E-15 1.361E-15 1.453E-15 1.550E-15 1.651E-15 1.758E-15
 1.869E-15 1.984E-15 2.105E-15 2.229E-15 2.358E-15 2.490E-15 2.626E-15 2.764E-15
 2.903E-15 3.044E-15 3.184E-15 3.323E-15 3.459E-15 3.589E-15 3.712E-15 3.825E-15
 3.925E-15 4.009E-15 4.070E-15 4.105E-15 4.106E-15 4.065E-15 3.971E-15 3.807E-15
 3.553E-15 3.170E-15 2.581E-15 1.480E-15
                                   Total (all groups):  1.138E-13 neutrons/sec-cm**3   .
                               Average Neutron Energy:  1.925E+00 MeV.


 S.F. neutrons/cc from  6.34619E+14 at/cc  u235 
 2.995E-15 3.289E-15 3.613E-15 3.969E-15 4.358E-15 4.783E-15 5.251E-15 5.762E-15
 6.323E-15 6.936E-15 7.608E-15 8.340E-15 9.145E-15 1.002E-14 1.098E-14 1.203E-14
 1.318E-14 1.443E-14 1.580E-14 1.730E-14 1.893E-14 2.071E-14 2.265E-14 2.477E-14
 2.708E-14 2.960E-14 3.234E-14 3.533E-14 3.857E-14 4.211E-14 4.596E-14 5.014E-14
 5.470E-14 5.964E-14 6.501E-14 7.084E-14 7.716E-14 8.403E-14 9.147E-14 9.953E-14
 1.083E-13 1.177E-13 1.279E-13 1.390E-13 1.510E-13 1.639E-13 1.778E-13 1.929E-13
 2.091E-13 2.266E-13 2.454E-13 2.657E-13 2.875E-13 3.109E-13 3.360E-13 3.629E-13
 3.918E-13 4.227E-13 4.558E-13 4.911E-13 5.288E-13 5.691E-13 6.119E-13 6.574E-13
 7.058E-13 7.571E-13 8.114E-13 8.689E-13 9.295E-13 9.934E-13 1.061E-12 1.131E-12
 1.205E-12 1.282E-12 1.362E-12 1.445E-12 1.531E-12 1.620E-12 1.711E-12 1.803E-12
 1.897E-12 1.992E-12 2.087E-12 2.181E-12 2.273E-12 2.362E-12 2.446E-12 2.523E-12
 2.592E-12 2.649E-12 2.692E-12 2.717E-12 2.720E-12 2.694E-12 2.632E-12 2.524E-12
 2.356E-12 2.102E-12 1.710E-12 9.805E-13
                                   Total (all groups):  7.405E-11 neutrons/sec-cm**3   .
                               Average Neutron Energy:  1.890E+00 MeV.

--------------------------------------------------------------------------------



 Total S.F. neutron spectrum
 3.000E-15 3.295E-15 3.620E-15 3.976E-15 4.366E-15 4.791E-15 5.261E-15 5.772E-15
 6.334E-15 6.948E-15 7.621E-15 8.355E-15 9.161E-15 1.004E-14 1.100E-14 1.206E-14
 1.320E-14 1.446E-14 1.583E-14 1.733E-14 1.896E-14 2.075E-14 2.269E-14 2.482E-14
 2.713E-14 2.965E-14 3.239E-14 3.539E-14 3.864E-14 4.218E-14 4.604E-14 5.023E-14
 5.479E-14 5.974E-14 6.512E-14 7.096E-14 7.729E-14 8.417E-14 9.162E-14 9.969E-14
 1.084E-13 1.179E-13 1.282E-13 1.392E-13 1.512E-13 1.642E-13 1.781E-13 1.932E-13
 2.095E-13 2.270E-13 2.458E-13 2.661E-13 2.879E-13 3.114E-13 3.365E-13 3.635E-13
 3.924E-13 4.234E-13 4.565E-13 4.919E-13 5.297E-13 5.700E-13 6.129E-13 6.585E-13
 7.069E-13 7.583E-13 8.127E-13 8.702E-13 9.310E-13 9.949E-13 1.062E-12 1.133E-12
 1.207E-12 1.284E-12 1.364E-12 1.447E-12 1.533E-12 1.622E-12 1.713E-12 1.806E-12
 1.900E-12 1.995E-12 2.090E-12 2.184E-12 2.276E-12 2.365E-12 2.449E-12 2.527E-12
 2.596E-12 2.653E-12 2.696E-12 2.721E-12 2.724E-12 2.698E-12 2.636E-12 2.528E-12
 2.359E-12 2.105E-12 1.713E-12 9.820E-13
                                   Total (all groups):  7.417E-11 neutrons/sec-cm**3   .
                               Average Neutron Energy:  1.890E+00 MeV.
 

--------------------------------------------------------------------------------
 
 

--------------------------------------------------------------------------------




 Total Neutron Spectrum
 3.000E-15 3.295E-15 3.620E-15 3.976E-15 4.366E-15 4.791E-15 5.261E-15 5.772E-15
 6.334E-15 6.948E-15 7.621E-15 8.355E-15 9.161E-15 1.004E-14 1.100E-14 1.206E-14
 1.320E-14 1.446E-14 1.583E-14 1.733E-14 1.896E-14 2.075E-14 2.269E-14 2.482E-14
 2.713E-14 2.965E-14 3.239E-14 3.539E-14 3.864E-14 4.218E-14 4.604E-14 5.023E-14
 5.479E-14 5.974E-14 6.512E-14 7.096E-14 7.729E-14 8.417E-14 9.162E-14 9.969E-14
 1.084E-13 1.179E-13 1.282E-13 1.392E-13 1.512E-13 1.642E-13 1.781E-13 1.932E-13
 2.095E-13 2.270E-13 2.458E-13 2.661E-13 2.879E-13 3.114E-13 3.365E-13 3.635E-13
 3.924E-13 4.234E-13 4.565E-13 4.919E-13 5.297E-13 5.700E-13 6.129E-13 6.585E-13
 7.069E-13 7.583E-13 8.127E-13 8.702E-13 9.310E-13 9.949E-13 1.062E-12 1.133E-12
 1.207E-12 1.284E-12 1.364E-12 1.447E-12 1.533E-12 1.622E-12 1.713E-12 1.806E-12
 2.022E-12 3.490E-12 5.558E-12 9.291E-12 1.413E-11 2.094E-11 3.136E-11 4.730E-11
 6.452E-11 8.046E-11 9.506E-11 1.089E-10 1.270E-10 1.479E-10 1.687E-10 1.792E-10
 1.742E-10 1.554E-10 1.226E-10 6.492E-11
                                   Total (all groups):  1.651E-09 neutrons/sec-cm**3   .
                               Average Neutron Energy:  6.726E-01 MeV.
