SOURCES 4A Calculation
<<<<<<<<<<<>>>>>>>>>>>



                       Absolute Neutron Source Spectra
                       ~~~~~~~~~~~~~~~~~~~~~~~~~~~~~~~

Title: Bulk Copper problem 1ppb U-238 in secular equilibrium                        

 Neutron Multigroup Structure (MeV)
 1.000E+01 9.900E+00 9.800E+00 9.700E+00 9.600E+00 9.500E+00 9.400E+00 9.300E+00
 9.200E+00 9.100E+00 9.000E+00 8.900E+00 8.800E+00 8.700E+00 8.600E+00 8.500E+00
 8.400E+00 8.300E+00 8.200E+00 8.100E+00 8.000E+00 7.900E+00 7.800E+00 7.700E+00
 7.600E+00 7.500E+00 7.400E+00 7.300E+00 7.200E+00 7.100E+00 7.000E+00 6.900E+00
 6.800E+00 6.700E+00 6.600E+00 6.500E+00 6.400E+00 6.300E+00 6.200E+00 6.100E+00
 6.000E+00 5.900E+00 5.800E+00 5.700E+00 5.600E+00 5.500E+00 5.400E+00 5.300E+00
 5.200E+00 5.100E+00 5.000E+00 4.900E+00 4.800E+00 4.700E+00 4.600E+00 4.500E+00
 4.400E+00 4.300E+00 4.200E+00 4.100E+00 4.000E+00 3.900E+00 3.800E+00 3.700E+00
 3.600E+00 3.500E+00 3.400E+00 3.300E+00 3.200E+00 3.100E+00 3.000E+00 2.900E+00
 2.800E+00 2.700E+00 2.600E+00 2.500E+00 2.400E+00 2.300E+00 2.200E+00 2.100E+00
 2.000E+00 1.900E+00 1.800E+00 1.700E+00 1.600E+00 1.500E+00 1.400E+00 1.300E+00
 1.200E+00 1.100E+00 1.000E+00 9.000E-01 8.000E-01 7.000E-01 6.000E-01 5.000E-01
 4.000E-01 3.000E-01 2.000E-01 1.000E-01 0.000E+00

--------------------------------------------------------------------------------


 (a,n) neutrons/sec-cc from  8.46664E-01 at/cc bi214  alphas on cu 63  in target
 0.000E+00 0.000E+00 0.000E+00 0.000E+00 0.000E+00 0.000E+00 0.000E+00 0.000E+00
 0.000E+00 0.000E+00 0.000E+00 0.000E+00 0.000E+00 0.000E+00 0.000E+00 0.000E+00
 0.000E+00 0.000E+00 0.000E+00 0.000E+00 0.000E+00 0.000E+00 0.000E+00 0.000E+00
 0.000E+00 0.000E+00 0.000E+00 0.000E+00 0.000E+00 0.000E+00 0.000E+00 0.000E+00
 0.000E+00 0.000E+00 0.000E+00 0.000E+00 0.000E+00 0.000E+00 0.000E+00 0.000E+00
 0.000E+00 0.000E+00 0.000E+00 0.000E+00 0.000E+00 0.000E+00 0.000E+00 0.000E+00
 0.000E+00 0.000E+00 0.000E+00 0.000E+00 0.000E+00 0.000E+00 0.000E+00 0.000E+00
 0.000E+00 0.000E+00 0.000E+00 0.000E+00 0.000E+00 0.000E+00 0.000E+00 0.000E+00
 0.000E+00 0.000E+00 0.000E+00 0.000E+00 0.000E+00 0.000E+00 0.000E+00 0.000E+00
 0.000E+00 0.000E+00 0.000E+00 0.000E+00 0.000E+00 0.000E+00 0.000E+00 0.000E+00
 0.000E+00 0.000E+00 0.000E+00 0.000E+00 0.000E+00 0.000E+00 0.000E+00 0.000E+00
 0.000E+00 0.000E+00 0.000E+00 0.000E+00 0.000E+00 0.000E+00 0.000E+00 0.000E+00
 9.430E-20 1.098E-18 2.633E-18 2.111E-18
                                   Total (all groups):  5.936E-18 neutrons/sec-cm**3   .
                               Average Neutron Energy:  1.354E-01 MeV.



 Total (alpha,n) neutron spectrum this target
 0.000E+00 0.000E+00 0.000E+00 0.000E+00 0.000E+00 0.000E+00 0.000E+00 0.000E+00
 0.000E+00 0.000E+00 0.000E+00 0.000E+00 0.000E+00 0.000E+00 0.000E+00 0.000E+00
 0.000E+00 0.000E+00 0.000E+00 0.000E+00 0.000E+00 0.000E+00 0.000E+00 0.000E+00
 0.000E+00 0.000E+00 0.000E+00 0.000E+00 0.000E+00 0.000E+00 0.000E+00 0.000E+00
 0.000E+00 0.000E+00 0.000E+00 0.000E+00 0.000E+00 0.000E+00 0.000E+00 0.000E+00
 0.000E+00 0.000E+00 0.000E+00 0.000E+00 0.000E+00 0.000E+00 0.000E+00 0.000E+00
 0.000E+00 0.000E+00 0.000E+00 0.000E+00 0.000E+00 0.000E+00 0.000E+00 0.000E+00
 0.000E+00 0.000E+00 0.000E+00 0.000E+00 0.000E+00 0.000E+00 0.000E+00 0.000E+00
 0.000E+00 0.000E+00 0.000E+00 0.000E+00 0.000E+00 0.000E+00 0.000E+00 0.000E+00
 0.000E+00 0.000E+00 0.000E+00 0.000E+00 0.000E+00 0.000E+00 0.000E+00 0.000E+00
 0.000E+00 0.000E+00 0.000E+00 0.000E+00 0.000E+00 0.000E+00 0.000E+00 0.000E+00
 0.000E+00 0.000E+00 0.000E+00 0.000E+00 0.000E+00 0.000E+00 0.000E+00 0.000E+00
 9.430E-20 1.098E-18 2.633E-18 2.111E-18
                                   Total (all groups):  5.936E-18 neutrons/sec-cm**3   .
                               Average Neutron Energy:  1.354E-01 MeV.
 

--------------------------------------------------------------------------------
 


 (a,n) neutrons/sec-cc from  8.46664E-01 at/cc bi214  alphas on cu 65  in target
 0.000E+00 0.000E+00 0.000E+00 0.000E+00 0.000E+00 0.000E+00 0.000E+00 0.000E+00
 0.000E+00 0.000E+00 0.000E+00 0.000E+00 0.000E+00 0.000E+00 0.000E+00 0.000E+00
 0.000E+00 0.000E+00 0.000E+00 0.000E+00 0.000E+00 0.000E+00 0.000E+00 0.000E+00
 0.000E+00 0.000E+00 0.000E+00 0.000E+00 0.000E+00 0.000E+00 0.000E+00 0.000E+00
 0.000E+00 0.000E+00 0.000E+00 0.000E+00 0.000E+00 0.000E+00 0.000E+00 0.000E+00
 0.000E+00 0.000E+00 0.000E+00 0.000E+00 0.000E+00 0.000E+00 0.000E+00 0.000E+00
 0.000E+00 0.000E+00 0.000E+00 0.000E+00 0.000E+00 0.000E+00 0.000E+00 0.000E+00
 0.000E+00 0.000E+00 0.000E+00 0.000E+00 0.000E+00 0.000E+00 0.000E+00 0.000E+00
 0.000E+00 0.000E+00 0.000E+00 0.000E+00 0.000E+00 0.000E+00 0.000E+00 0.000E+00
 0.000E+00 0.000E+00 0.000E+00 0.000E+00 0.000E+00 0.000E+00 1.958E-20 7.074E-20
 1.634E-19 2.969E-19 4.976E-19 7.784E-19 1.205E-18 1.721E-18 2.212E-18 2.662E-18
 3.015E-18 3.273E-18 3.599E-18 3.931E-18 4.390E-18 4.767E-18 4.820E-18 4.482E-18
 3.952E-18 3.205E-18 2.266E-18 1.064E-18
                                   Total (all groups):  5.239E-17 neutrons/sec-cm**3   .
                               Average Neutron Energy:  7.861E-01 MeV.


 (a,n) neutrons/sec-cc from  1.15878E-07 at/cc po214  alphas on cu 65  in target
 0.000E+00 0.000E+00 0.000E+00 0.000E+00 0.000E+00 0.000E+00 0.000E+00 0.000E+00
 0.000E+00 0.000E+00 0.000E+00 0.000E+00 0.000E+00 0.000E+00 0.000E+00 0.000E+00
 0.000E+00 0.000E+00 0.000E+00 0.000E+00 0.000E+00 0.000E+00 0.000E+00 0.000E+00
 0.000E+00 0.000E+00 0.000E+00 0.000E+00 0.000E+00 0.000E+00 0.000E+00 0.000E+00
 0.000E+00 0.000E+00 0.000E+00 0.000E+00 0.000E+00 0.000E+00 0.000E+00 0.000E+00
 0.000E+00 0.000E+00 0.000E+00 0.000E+00 0.000E+00 0.000E+00 0.000E+00 0.000E+00
 0.000E+00 0.000E+00 0.000E+00 0.000E+00 0.000E+00 0.000E+00 0.000E+00 0.000E+00
 0.000E+00 0.000E+00 0.000E+00 0.000E+00 0.000E+00 0.000E+00 0.000E+00 0.000E+00
 0.000E+00 0.000E+00 0.000E+00 0.000E+00 0.000E+00 0.000E+00 0.000E+00 0.000E+00
 0.000E+00 0.000E+00 0.000E+00 0.000E+00 0.000E+00 0.000E+00 0.000E+00 0.000E+00
 0.000E+00 0.000E+00 0.000E+00 0.000E+00 1.697E-14 5.206E-14 1.173E-13 2.041E-13
 3.143E-13 4.766E-13 7.198E-13 9.928E-13 1.182E-12 1.268E-12 1.321E-12 1.345E-12
 1.281E-12 1.170E-12 1.025E-12 5.620E-13
                                   Total (all groups):  1.205E-11 neutrons/sec-cm**3   .
                               Average Neutron Energy:  5.701E-01 MeV.


 (a,n) neutrons/sec-cc from  1.31629E-01 at/cc po218  alphas on cu 65  in target
 0.000E+00 0.000E+00 0.000E+00 0.000E+00 0.000E+00 0.000E+00 0.000E+00 0.000E+00
 0.000E+00 0.000E+00 0.000E+00 0.000E+00 0.000E+00 0.000E+00 0.000E+00 0.000E+00
 0.000E+00 0.000E+00 0.000E+00 0.000E+00 0.000E+00 0.000E+00 0.000E+00 0.000E+00
 0.000E+00 0.000E+00 0.000E+00 0.000E+00 0.000E+00 0.000E+00 0.000E+00 0.000E+00
 0.000E+00 0.000E+00 0.000E+00 0.000E+00 0.000E+00 0.000E+00 0.000E+00 0.000E+00
 0.000E+00 0.000E+00 0.000E+00 0.000E+00 0.000E+00 0.000E+00 0.000E+00 0.000E+00
 0.000E+00 0.000E+00 0.000E+00 0.000E+00 0.000E+00 0.000E+00 0.000E+00 0.000E+00
 0.000E+00 0.000E+00 0.000E+00 0.000E+00 0.000E+00 0.000E+00 0.000E+00 0.000E+00
 0.000E+00 0.000E+00 0.000E+00 0.000E+00 0.000E+00 0.000E+00 0.000E+00 0.000E+00
 0.000E+00 0.000E+00 0.000E+00 0.000E+00 0.000E+00 0.000E+00 0.000E+00 0.000E+00
 0.000E+00 0.000E+00 0.000E+00 0.000E+00 0.000E+00 0.000E+00 0.000E+00 0.000E+00
 0.000E+00 0.000E+00 0.000E+00 0.000E+00 0.000E+00 0.000E+00 0.000E+00 0.000E+00
 0.000E+00 0.000E+00 0.000E+00 0.000E+00
                                   Total (all groups):  0.000E+00 neutrons/sec-cm**3   .
                               Average Neutron Energy:  0.000E+00 MeV.


 (a,n) neutrons/sec-cc from  2.12568E-07 at/cc at218  alphas on cu 65  in target
 0.000E+00 0.000E+00 0.000E+00 0.000E+00 0.000E+00 0.000E+00 0.000E+00 0.000E+00
 0.000E+00 0.000E+00 0.000E+00 0.000E+00 0.000E+00 0.000E+00 0.000E+00 0.000E+00
 0.000E+00 0.000E+00 0.000E+00 0.000E+00 0.000E+00 0.000E+00 0.000E+00 0.000E+00
 0.000E+00 0.000E+00 0.000E+00 0.000E+00 0.000E+00 0.000E+00 0.000E+00 0.000E+00
 0.000E+00 0.000E+00 0.000E+00 0.000E+00 0.000E+00 0.000E+00 0.000E+00 0.000E+00
 0.000E+00 0.000E+00 0.000E+00 0.000E+00 0.000E+00 0.000E+00 0.000E+00 0.000E+00
 0.000E+00 0.000E+00 0.000E+00 0.000E+00 0.000E+00 0.000E+00 0.000E+00 0.000E+00
 0.000E+00 0.000E+00 0.000E+00 0.000E+00 0.000E+00 0.000E+00 0.000E+00 0.000E+00
 0.000E+00 0.000E+00 0.000E+00 0.000E+00 0.000E+00 0.000E+00 0.000E+00 0.000E+00
 0.000E+00 0.000E+00 0.000E+00 0.000E+00 0.000E+00 0.000E+00 0.000E+00 0.000E+00
 0.000E+00 0.000E+00 0.000E+00 0.000E+00 0.000E+00 0.000E+00 0.000E+00 0.000E+00
 0.000E+00 0.000E+00 0.000E+00 0.000E+00 0.000E+00 2.267E-20 2.206E-18 6.538E-18
 1.226E-17 1.669E-17 1.640E-17 1.077E-17
                                   Total (all groups):  6.489E-17 neutrons/sec-cm**3   .
                               Average Neutron Energy:  2.406E-01 MeV.



 Total (alpha,n) neutron spectrum this target
 0.000E+00 0.000E+00 0.000E+00 0.000E+00 0.000E+00 0.000E+00 0.000E+00 0.000E+00
 0.000E+00 0.000E+00 0.000E+00 0.000E+00 0.000E+00 0.000E+00 0.000E+00 0.000E+00
 0.000E+00 0.000E+00 0.000E+00 0.000E+00 0.000E+00 0.000E+00 0.000E+00 0.000E+00
 0.000E+00 0.000E+00 0.000E+00 0.000E+00 0.000E+00 0.000E+00 0.000E+00 0.000E+00
 0.000E+00 0.000E+00 0.000E+00 0.000E+00 0.000E+00 0.000E+00 0.000E+00 0.000E+00
 0.000E+00 0.000E+00 0.000E+00 0.000E+00 0.000E+00 0.000E+00 0.000E+00 0.000E+00
 0.000E+00 0.000E+00 0.000E+00 0.000E+00 0.000E+00 0.000E+00 0.000E+00 0.000E+00
 0.000E+00 0.000E+00 0.000E+00 0.000E+00 0.000E+00 0.000E+00 0.000E+00 0.000E+00
 0.000E+00 0.000E+00 0.000E+00 0.000E+00 0.000E+00 0.000E+00 0.000E+00 0.000E+00
 0.000E+00 0.000E+00 0.000E+00 0.000E+00 0.000E+00 0.000E+00 1.958E-20 7.074E-20
 1.634E-19 2.969E-19 4.976E-19 7.784E-19 1.697E-14 5.206E-14 1.173E-13 2.041E-13
 3.143E-13 4.766E-13 7.198E-13 9.929E-13 1.182E-12 1.268E-12 1.321E-12 1.345E-12
 1.281E-12 1.170E-12 1.025E-12 5.620E-13
                                   Total (all groups):  1.205E-11 neutrons/sec-cm**3   .
                               Average Neutron Energy:  5.701E-01 MeV.
 

--------------------------------------------------------------------------------
 

--------------------------------------------------------------------------------



 Grand total (alpha,n) neutron spectrum, all targets, all sources
 0.000E+00 0.000E+00 0.000E+00 0.000E+00 0.000E+00 0.000E+00 0.000E+00 0.000E+00
 0.000E+00 0.000E+00 0.000E+00 0.000E+00 0.000E+00 0.000E+00 0.000E+00 0.000E+00
 0.000E+00 0.000E+00 0.000E+00 0.000E+00 0.000E+00 0.000E+00 0.000E+00 0.000E+00
 0.000E+00 0.000E+00 0.000E+00 0.000E+00 0.000E+00 0.000E+00 0.000E+00 0.000E+00
 0.000E+00 0.000E+00 0.000E+00 0.000E+00 0.000E+00 0.000E+00 0.000E+00 0.000E+00
 0.000E+00 0.000E+00 0.000E+00 0.000E+00 0.000E+00 0.000E+00 0.000E+00 0.000E+00
 0.000E+00 0.000E+00 0.000E+00 0.000E+00 0.000E+00 0.000E+00 0.000E+00 0.000E+00
 0.000E+00 0.000E+00 0.000E+00 0.000E+00 0.000E+00 0.000E+00 0.000E+00 0.000E+00
 0.000E+00 0.000E+00 0.000E+00 0.000E+00 0.000E+00 0.000E+00 0.000E+00 0.000E+00
 0.000E+00 0.000E+00 0.000E+00 0.000E+00 0.000E+00 0.000E+00 1.958E-20 7.074E-20
 1.634E-19 2.969E-19 4.976E-19 7.784E-19 1.697E-14 5.206E-14 1.173E-13 2.041E-13
 3.143E-13 4.766E-13 7.198E-13 9.929E-13 1.182E-12 1.268E-12 1.321E-12 1.345E-12
 1.281E-12 1.170E-12 1.025E-12 5.620E-13
                                   Total (all groups):  1.205E-11 neutrons/sec-cm**3   .
                               Average Neutron Energy:  5.701E-01 MeV.
 

--------------------------------------------------------------------------------

--------------------------------------------------------------------------------
 


 S.F. neutrons/cc from  1.68478E+09 at/cc th230 
 7.156E-21 8.003E-21 8.933E-21 9.988E-21 1.112E-20 1.242E-20 1.386E-20 1.546E-20
 1.724E-20 1.922E-20 2.141E-20 2.388E-20 2.658E-20 2.961E-20 3.298E-20 3.669E-20
 4.085E-20 4.545E-20 5.056E-20 5.622E-20 6.249E-20 6.946E-20 7.717E-20 8.571E-20
 9.517E-20 1.057E-19 1.172E-19 1.301E-19 1.442E-19 1.599E-19 1.772E-19 1.963E-19
 2.174E-19 2.407E-19 2.664E-19 2.946E-19 3.258E-19 3.601E-19 3.979E-19 4.395E-19
 4.852E-19 5.354E-19 5.905E-19 6.509E-19 7.173E-19 7.901E-19 8.697E-19 9.569E-19
 1.052E-18 1.157E-18 1.271E-18 1.395E-18 1.530E-18 1.678E-18 1.839E-18 2.014E-18
 2.204E-18 2.410E-18 2.633E-18 2.875E-18 3.137E-18 3.420E-18 3.726E-18 4.055E-18
 4.409E-18 4.789E-18 5.197E-18 5.634E-18 6.101E-18 6.599E-18 7.129E-18 7.692E-18
 8.288E-18 8.918E-18 9.581E-18 1.028E-17 1.101E-17 1.177E-17 1.255E-17 1.337E-17
 1.420E-17 1.505E-17 1.591E-17 1.678E-17 1.763E-17 1.847E-17 1.927E-17 2.002E-17
 2.070E-17 2.129E-17 2.176E-17 2.207E-17 2.218E-17 2.204E-17 2.159E-17 2.074E-17
 1.936E-17 1.726E-17 1.401E-17 8.006E-18
                                   Total (all groups):  5.481E-16 neutrons/sec-cm**3   .
                               Average Neutron Energy:  1.708E+00 MeV.


 S.F. neutrons/cc from  5.48932E+09 at/cc  u234 
 4.256E-19 4.678E-19 5.138E-19 5.648E-19 6.201E-19 6.810E-19 7.478E-19 8.209E-19
 9.007E-19 9.888E-19 1.084E-18 1.190E-18 1.305E-18 1.430E-18 1.568E-18 1.719E-18
 1.883E-18 2.063E-18 2.259E-18 2.473E-18 2.707E-18 2.963E-18 3.242E-18 3.546E-18
 3.877E-18 4.239E-18 4.633E-18 5.062E-18 5.529E-18 6.038E-18 6.592E-18 7.194E-18
 7.848E-18 8.560E-18 9.333E-18 1.017E-17 1.108E-17 1.207E-17 1.315E-17 1.431E-17
 1.557E-17 1.693E-17 1.841E-17 2.000E-17 2.173E-17 2.359E-17 2.561E-17 2.778E-17
 3.012E-17 3.265E-17 3.537E-17 3.830E-17 4.145E-17 4.483E-17 4.846E-17 5.236E-17
 5.654E-17 6.101E-17 6.579E-17 7.091E-17 7.637E-17 8.219E-17 8.839E-17 9.498E-17
 1.020E-16 1.094E-16 1.173E-16 1.256E-16 1.344E-16 1.436E-16 1.534E-16 1.636E-16
 1.742E-16 1.854E-16 1.970E-16 2.091E-16 2.215E-16 2.343E-16 2.475E-16 2.609E-16
 2.745E-16 2.883E-16 3.020E-16 3.156E-16 3.289E-16 3.417E-16 3.538E-16 3.650E-16
 3.749E-16 3.831E-16 3.893E-16 3.928E-16 3.931E-16 3.892E-16 3.802E-16 3.645E-16
 3.401E-16 3.032E-16 2.466E-16 1.413E-16
                                   Total (all groups):  1.070E-14 neutrons/sec-cm**3   .
                               Average Neutron Energy:  1.889E+00 MeV.


 S.F. neutrons/cc from  9.99000E+13 at/cc  u238 
 6.014E-15 6.722E-15 7.521E-15 8.418E-15 9.420E-15 1.052E-14 1.179E-14 1.316E-14
 1.472E-14 1.643E-14 1.837E-14 2.051E-14 2.289E-14 2.557E-14 2.853E-14 3.183E-14
 3.550E-14 3.960E-14 4.412E-14 4.919E-14 5.481E-14 6.105E-14 6.797E-14 7.568E-14
 8.421E-14 9.368E-14 1.042E-13 1.158E-13 1.287E-13 1.430E-13 1.589E-13 1.763E-13
 1.957E-13 2.171E-13 2.408E-13 2.669E-13 2.958E-13 3.276E-13 3.628E-13 4.015E-13
 4.441E-13 4.911E-13 5.428E-13 5.996E-13 6.621E-13 7.307E-13 8.060E-13 8.886E-13
 9.792E-13 1.078E-12 1.187E-12 1.305E-12 1.435E-12 1.577E-12 1.731E-12 1.899E-12
 2.082E-12 2.281E-12 2.498E-12 2.732E-12 2.986E-12 3.262E-12 3.559E-12 3.880E-12
 4.227E-12 4.599E-12 5.000E-12 5.429E-12 5.889E-12 6.380E-12 6.903E-12 7.460E-12
 8.051E-12 8.676E-12 9.336E-12 1.003E-11 1.076E-11 1.151E-11 1.230E-11 1.312E-11
 1.395E-11 1.481E-11 1.567E-11 1.654E-11 1.740E-11 1.824E-11 1.905E-11 1.982E-11
 2.051E-11 2.110E-11 2.158E-11 2.189E-11 2.201E-11 2.188E-11 2.144E-11 2.059E-11
 1.922E-11 1.712E-11 1.389E-11 7.925E-12
                                   Total (all groups):  5.379E-10 neutrons/sec-cm**3   .
                               Average Neutron Energy:  1.688E+00 MeV.

--------------------------------------------------------------------------------



 Total S.F. neutron spectrum
 6.015E-15 6.722E-15 7.522E-15 8.418E-15 9.421E-15 1.052E-14 1.179E-14 1.316E-14
 1.472E-14 1.644E-14 1.837E-14 2.052E-14 2.290E-14 2.557E-14 2.854E-14 3.184E-14
 3.550E-14 3.961E-14 4.413E-14 4.920E-14 5.482E-14 6.105E-14 6.797E-14 7.568E-14
 8.421E-14 9.368E-14 1.042E-13 1.158E-13 1.287E-13 1.430E-13 1.589E-13 1.764E-13
 1.957E-13 2.171E-13 2.408E-13 2.669E-13 2.958E-13 3.277E-13 3.628E-13 4.015E-13
 4.442E-13 4.911E-13 5.428E-13 5.997E-13 6.621E-13 7.307E-13 8.061E-13 8.886E-13
 9.792E-13 1.078E-12 1.187E-12 1.306E-12 1.435E-12 1.577E-12 1.731E-12 1.899E-12
 2.082E-12 2.281E-12 2.498E-12 2.732E-12 2.987E-12 3.262E-12 3.559E-12 3.881E-12
 4.227E-12 4.599E-12 5.000E-12 5.429E-12 5.889E-12 6.380E-12 6.903E-12 7.460E-12
 8.051E-12 8.676E-12 9.336E-12 1.003E-11 1.076E-11 1.151E-11 1.230E-11 1.312E-11
 1.395E-11 1.481E-11 1.567E-11 1.654E-11 1.740E-11 1.824E-11 1.905E-11 1.982E-11
 2.051E-11 2.110E-11 2.158E-11 2.189E-11 2.201E-11 2.188E-11 2.144E-11 2.059E-11
 1.922E-11 1.712E-11 1.389E-11 7.925E-12
                                   Total (all groups):  5.379E-10 neutrons/sec-cm**3   .
                               Average Neutron Energy:  1.688E+00 MeV.
 

--------------------------------------------------------------------------------
 
 

--------------------------------------------------------------------------------




 Total Neutron Spectrum
 6.015E-15 6.722E-15 7.522E-15 8.418E-15 9.421E-15 1.052E-14 1.179E-14 1.316E-14
 1.472E-14 1.644E-14 1.837E-14 2.052E-14 2.290E-14 2.557E-14 2.854E-14 3.184E-14
 3.550E-14 3.961E-14 4.413E-14 4.920E-14 5.482E-14 6.105E-14 6.797E-14 7.568E-14
 8.421E-14 9.368E-14 1.042E-13 1.158E-13 1.287E-13 1.430E-13 1.589E-13 1.764E-13
 1.957E-13 2.171E-13 2.408E-13 2.669E-13 2.958E-13 3.277E-13 3.628E-13 4.015E-13
 4.442E-13 4.911E-13 5.428E-13 5.997E-13 6.621E-13 7.307E-13 8.061E-13 8.886E-13
 9.792E-13 1.078E-12 1.187E-12 1.306E-12 1.435E-12 1.577E-12 1.731E-12 1.899E-12
 2.082E-12 2.281E-12 2.498E-12 2.732E-12 2.987E-12 3.262E-12 3.559E-12 3.881E-12
 4.227E-12 4.599E-12 5.000E-12 5.429E-12 5.889E-12 6.380E-12 6.903E-12 7.460E-12
 8.051E-12 8.676E-12 9.336E-12 1.003E-11 1.076E-11 1.151E-11 1.230E-11 1.312E-11
 1.395E-11 1.481E-11 1.567E-11 1.654E-11 1.742E-11 1.830E-11 1.917E-11 2.002E-11
 2.082E-11 2.158E-11 2.230E-11 2.289E-11 2.320E-11 2.315E-11 2.276E-11 2.193E-11
 2.050E-11 1.829E-11 1.491E-11 8.487E-12
                                   Total (all groups):  5.500E-10 neutrons/sec-cm**3   .
                               Average Neutron Energy:  1.664E+00 MeV.
