SOURCES 4A Calculation
<<<<<<<<<<<>>>>>>>>>>>



                       Absolute Neutron Source Spectra
                       ~~~~~~~~~~~~~~~~~~~~~~~~~~~~~~~

Title: Bulk Copper problem 1ppb Th-232 in secular equilibrium                       

 Neutron Multigroup Structure (MeV)
 1.000E+01 9.900E+00 9.800E+00 9.700E+00 9.600E+00 9.500E+00 9.400E+00 9.300E+00
 9.200E+00 9.100E+00 9.000E+00 8.900E+00 8.800E+00 8.700E+00 8.600E+00 8.500E+00
 8.400E+00 8.300E+00 8.200E+00 8.100E+00 8.000E+00 7.900E+00 7.800E+00 7.700E+00
 7.600E+00 7.500E+00 7.400E+00 7.300E+00 7.200E+00 7.100E+00 7.000E+00 6.900E+00
 6.800E+00 6.700E+00 6.600E+00 6.500E+00 6.400E+00 6.300E+00 6.200E+00 6.100E+00
 6.000E+00 5.900E+00 5.800E+00 5.700E+00 5.600E+00 5.500E+00 5.400E+00 5.300E+00
 5.200E+00 5.100E+00 5.000E+00 4.900E+00 4.800E+00 4.700E+00 4.600E+00 4.500E+00
 4.400E+00 4.300E+00 4.200E+00 4.100E+00 4.000E+00 3.900E+00 3.800E+00 3.700E+00
 3.600E+00 3.500E+00 3.400E+00 3.300E+00 3.200E+00 3.100E+00 3.000E+00 2.900E+00
 2.800E+00 2.700E+00 2.600E+00 2.500E+00 2.400E+00 2.300E+00 2.200E+00 2.100E+00
 2.000E+00 1.900E+00 1.800E+00 1.700E+00 1.600E+00 1.500E+00 1.400E+00 1.300E+00
 1.200E+00 1.100E+00 1.000E+00 9.000E-01 8.000E-01 7.000E-01 6.000E-01 5.000E-01
 4.000E-01 3.000E-01 2.000E-01 1.000E-01 0.000E+00

--------------------------------------------------------------------------------


 (a,n) neutrons/sec-cc from  5.20180E+00 at/cc bi212  alphas on cu 63  in target
 0.000E+00 0.000E+00 0.000E+00 0.000E+00 0.000E+00 0.000E+00 0.000E+00 0.000E+00
 0.000E+00 0.000E+00 0.000E+00 0.000E+00 0.000E+00 0.000E+00 0.000E+00 0.000E+00
 0.000E+00 0.000E+00 0.000E+00 0.000E+00 0.000E+00 0.000E+00 0.000E+00 0.000E+00
 0.000E+00 0.000E+00 0.000E+00 0.000E+00 0.000E+00 0.000E+00 0.000E+00 0.000E+00
 0.000E+00 0.000E+00 0.000E+00 0.000E+00 0.000E+00 0.000E+00 0.000E+00 0.000E+00
 0.000E+00 0.000E+00 0.000E+00 0.000E+00 0.000E+00 0.000E+00 0.000E+00 0.000E+00
 0.000E+00 0.000E+00 0.000E+00 0.000E+00 0.000E+00 0.000E+00 0.000E+00 0.000E+00
 0.000E+00 0.000E+00 0.000E+00 0.000E+00 0.000E+00 0.000E+00 0.000E+00 0.000E+00
 0.000E+00 0.000E+00 0.000E+00 0.000E+00 0.000E+00 0.000E+00 0.000E+00 0.000E+00
 0.000E+00 0.000E+00 0.000E+00 0.000E+00 0.000E+00 0.000E+00 0.000E+00 0.000E+00
 2.906E-18 1.122E-16 4.934E-16 1.109E-15 1.915E-15 3.121E-15 4.644E-15 6.230E-15
 7.964E-15 9.669E-15 1.115E-14 1.229E-14 1.310E-14 1.342E-14 1.309E-14 1.203E-14
 1.051E-14 8.938E-15 6.895E-15 3.534E-15
                                   Total (all groups):  1.402E-13 neutrons/sec-cm**3   .
                               Average Neutron Energy:  7.352E-01 MeV.


 (a,n) neutrons/sec-cc from  2.72844E-10 at/cc po212  alphas on cu 63  in target
 0.000E+00 0.000E+00 0.000E+00 0.000E+00 0.000E+00 0.000E+00 0.000E+00 0.000E+00
 0.000E+00 0.000E+00 0.000E+00 0.000E+00 0.000E+00 0.000E+00 0.000E+00 0.000E+00
 0.000E+00 0.000E+00 0.000E+00 0.000E+00 0.000E+00 0.000E+00 0.000E+00 0.000E+00
 0.000E+00 0.000E+00 0.000E+00 0.000E+00 0.000E+00 0.000E+00 0.000E+00 0.000E+00
 0.000E+00 0.000E+00 0.000E+00 0.000E+00 0.000E+00 0.000E+00 0.000E+00 0.000E+00
 0.000E+00 0.000E+00 0.000E+00 0.000E+00 0.000E+00 0.000E+00 0.000E+00 0.000E+00
 0.000E+00 0.000E+00 0.000E+00 0.000E+00 0.000E+00 0.000E+00 0.000E+00 0.000E+00
 0.000E+00 0.000E+00 0.000E+00 0.000E+00 0.000E+00 0.000E+00 0.000E+00 0.000E+00
 0.000E+00 0.000E+00 0.000E+00 0.000E+00 0.000E+00 0.000E+00 0.000E+00 0.000E+00
 0.000E+00 0.000E+00 0.000E+00 0.000E+00 0.000E+00 0.000E+00 0.000E+00 0.000E+00
 0.000E+00 0.000E+00 0.000E+00 0.000E+00 0.000E+00 0.000E+00 0.000E+00 0.000E+00
 0.000E+00 0.000E+00 9.920E-16 2.808E-13 1.883E-12 4.717E-12 7.927E-12 9.898E-12
 1.155E-11 1.287E-11 1.171E-11 6.654E-12
                                   Total (all groups):  6.748E-11 neutrons/sec-cm**3   .
                               Average Neutron Energy:  3.389E-01 MeV.



 Total (alpha,n) neutron spectrum this target
 0.000E+00 0.000E+00 0.000E+00 0.000E+00 0.000E+00 0.000E+00 0.000E+00 0.000E+00
 0.000E+00 0.000E+00 0.000E+00 0.000E+00 0.000E+00 0.000E+00 0.000E+00 0.000E+00
 0.000E+00 0.000E+00 0.000E+00 0.000E+00 0.000E+00 0.000E+00 0.000E+00 0.000E+00
 0.000E+00 0.000E+00 0.000E+00 0.000E+00 0.000E+00 0.000E+00 0.000E+00 0.000E+00
 0.000E+00 0.000E+00 0.000E+00 0.000E+00 0.000E+00 0.000E+00 0.000E+00 0.000E+00
 0.000E+00 0.000E+00 0.000E+00 0.000E+00 0.000E+00 0.000E+00 0.000E+00 0.000E+00
 0.000E+00 0.000E+00 0.000E+00 0.000E+00 0.000E+00 0.000E+00 0.000E+00 0.000E+00
 0.000E+00 0.000E+00 0.000E+00 0.000E+00 0.000E+00 0.000E+00 0.000E+00 0.000E+00
 0.000E+00 0.000E+00 0.000E+00 0.000E+00 0.000E+00 0.000E+00 0.000E+00 0.000E+00
 0.000E+00 0.000E+00 0.000E+00 0.000E+00 0.000E+00 0.000E+00 0.000E+00 0.000E+00
 2.906E-18 1.122E-16 4.934E-16 1.109E-15 1.915E-15 3.121E-15 4.644E-15 6.230E-15
 7.964E-15 9.669E-15 1.215E-14 2.931E-13 1.896E-12 4.730E-12 7.940E-12 9.910E-12
 1.156E-11 1.287E-11 1.171E-11 6.658E-12
                                   Total (all groups):  6.762E-11 neutrons/sec-cm**3   .
                               Average Neutron Energy:  3.397E-01 MeV.
 

--------------------------------------------------------------------------------
 


 (a,n) neutrons/sec-cc from  5.20180E+00 at/cc bi212  alphas on cu 65  in target
 0.000E+00 0.000E+00 0.000E+00 0.000E+00 0.000E+00 0.000E+00 0.000E+00 0.000E+00
 0.000E+00 0.000E+00 0.000E+00 0.000E+00 0.000E+00 0.000E+00 0.000E+00 0.000E+00
 0.000E+00 0.000E+00 0.000E+00 0.000E+00 0.000E+00 0.000E+00 0.000E+00 0.000E+00
 0.000E+00 0.000E+00 0.000E+00 0.000E+00 0.000E+00 0.000E+00 0.000E+00 0.000E+00
 0.000E+00 0.000E+00 0.000E+00 0.000E+00 0.000E+00 0.000E+00 0.000E+00 0.000E+00
 0.000E+00 0.000E+00 0.000E+00 0.000E+00 0.000E+00 0.000E+00 0.000E+00 0.000E+00
 0.000E+00 0.000E+00 0.000E+00 0.000E+00 0.000E+00 0.000E+00 0.000E+00 0.000E+00
 0.000E+00 0.000E+00 0.000E+00 0.000E+00 0.000E+00 0.000E+00 1.508E-20 1.623E-17
 4.765E-17 1.091E-16 1.917E-16 3.303E-16 5.482E-16 8.913E-16 1.264E-15 1.640E-15
 2.091E-15 2.555E-15 2.954E-15 3.327E-15 3.857E-15 4.530E-15 5.127E-15 5.815E-15
 6.462E-15 6.857E-15 6.891E-15 6.773E-15 6.445E-15 6.058E-15 5.691E-15 5.307E-15
 4.919E-15 4.448E-15 3.906E-15 3.390E-15 2.897E-15 2.476E-15 2.105E-15 1.753E-15
 1.408E-15 1.046E-15 7.004E-16 3.161E-16
                                   Total (all groups):  1.151E-13 neutrons/sec-cm**3   .
                               Average Neutron Energy:  1.656E+00 MeV.


 (a,n) neutrons/sec-cc from  2.72844E-10 at/cc po212  alphas on cu 65  in target
 0.000E+00 0.000E+00 0.000E+00 0.000E+00 0.000E+00 0.000E+00 0.000E+00 0.000E+00
 0.000E+00 0.000E+00 0.000E+00 0.000E+00 0.000E+00 0.000E+00 0.000E+00 0.000E+00
 0.000E+00 0.000E+00 0.000E+00 0.000E+00 0.000E+00 0.000E+00 0.000E+00 0.000E+00
 0.000E+00 0.000E+00 0.000E+00 0.000E+00 0.000E+00 0.000E+00 0.000E+00 0.000E+00
 0.000E+00 0.000E+00 0.000E+00 0.000E+00 0.000E+00 0.000E+00 0.000E+00 0.000E+00
 0.000E+00 0.000E+00 0.000E+00 0.000E+00 0.000E+00 0.000E+00 0.000E+00 0.000E+00
 0.000E+00 0.000E+00 0.000E+00 0.000E+00 0.000E+00 0.000E+00 0.000E+00 0.000E+00
 0.000E+00 0.000E+00 0.000E+00 0.000E+00 0.000E+00 0.000E+00 0.000E+00 0.000E+00
 0.000E+00 0.000E+00 0.000E+00 0.000E+00 0.000E+00 0.000E+00 0.000E+00 0.000E+00
 0.000E+00 2.516E-14 8.365E-14 1.916E-13 3.378E-13 5.654E-13 9.158E-13 1.447E-12
 2.069E-12 2.677E-12 3.345E-12 4.004E-12 4.492E-12 5.143E-12 5.984E-12 6.961E-12
 7.883E-12 8.628E-12 8.983E-12 8.979E-12 8.729E-12 8.185E-12 7.341E-12 6.344E-12
 5.320E-12 4.187E-12 2.870E-12 1.308E-12
                                   Total (all groups):  1.170E-10 neutrons/sec-cm**3   .
                               Average Neutron Energy:  9.987E-01 MeV.


 (a,n) neutrons/sec-cc from  2.07392E-04 at/cc po216  alphas on cu 65  in target
 0.000E+00 0.000E+00 0.000E+00 0.000E+00 0.000E+00 0.000E+00 0.000E+00 0.000E+00
 0.000E+00 0.000E+00 0.000E+00 0.000E+00 0.000E+00 0.000E+00 0.000E+00 0.000E+00
 0.000E+00 0.000E+00 0.000E+00 0.000E+00 0.000E+00 0.000E+00 0.000E+00 0.000E+00
 0.000E+00 0.000E+00 0.000E+00 0.000E+00 0.000E+00 0.000E+00 0.000E+00 0.000E+00
 0.000E+00 0.000E+00 0.000E+00 0.000E+00 0.000E+00 0.000E+00 0.000E+00 0.000E+00
 0.000E+00 0.000E+00 0.000E+00 0.000E+00 0.000E+00 0.000E+00 0.000E+00 0.000E+00
 0.000E+00 0.000E+00 0.000E+00 0.000E+00 0.000E+00 0.000E+00 0.000E+00 0.000E+00
 0.000E+00 0.000E+00 0.000E+00 0.000E+00 0.000E+00 0.000E+00 0.000E+00 0.000E+00
 0.000E+00 0.000E+00 0.000E+00 0.000E+00 0.000E+00 0.000E+00 0.000E+00 0.000E+00
 0.000E+00 0.000E+00 0.000E+00 0.000E+00 0.000E+00 0.000E+00 0.000E+00 0.000E+00
 0.000E+00 0.000E+00 0.000E+00 0.000E+00 0.000E+00 0.000E+00 0.000E+00 0.000E+00
 0.000E+00 0.000E+00 0.000E+00 0.000E+00 0.000E+00 1.445E-14 6.413E-14 1.328E-13
 2.028E-13 2.413E-13 2.648E-13 1.811E-13
                                   Total (all groups):  1.101E-12 neutrons/sec-cm**3   .
                               Average Neutron Energy:  2.580E-01 MeV.


 (a,n) neutrons/sec-cc from  7.94266E-02 at/cc rn220  alphas on cu 65  in target
 0.000E+00 0.000E+00 0.000E+00 0.000E+00 0.000E+00 0.000E+00 0.000E+00 0.000E+00
 0.000E+00 0.000E+00 0.000E+00 0.000E+00 0.000E+00 0.000E+00 0.000E+00 0.000E+00
 0.000E+00 0.000E+00 0.000E+00 0.000E+00 0.000E+00 0.000E+00 0.000E+00 0.000E+00
 0.000E+00 0.000E+00 0.000E+00 0.000E+00 0.000E+00 0.000E+00 0.000E+00 0.000E+00
 0.000E+00 0.000E+00 0.000E+00 0.000E+00 0.000E+00 0.000E+00 0.000E+00 0.000E+00
 0.000E+00 0.000E+00 0.000E+00 0.000E+00 0.000E+00 0.000E+00 0.000E+00 0.000E+00
 0.000E+00 0.000E+00 0.000E+00 0.000E+00 0.000E+00 0.000E+00 0.000E+00 0.000E+00
 0.000E+00 0.000E+00 0.000E+00 0.000E+00 0.000E+00 0.000E+00 0.000E+00 0.000E+00
 0.000E+00 0.000E+00 0.000E+00 0.000E+00 0.000E+00 0.000E+00 0.000E+00 0.000E+00
 0.000E+00 0.000E+00 0.000E+00 0.000E+00 0.000E+00 0.000E+00 0.000E+00 0.000E+00
 0.000E+00 0.000E+00 0.000E+00 0.000E+00 0.000E+00 0.000E+00 0.000E+00 0.000E+00
 0.000E+00 0.000E+00 0.000E+00 0.000E+00 0.000E+00 0.000E+00 0.000E+00 0.000E+00
 0.000E+00 0.000E+00 4.473E-15 1.637E-14
                                   Total (all groups):  2.084E-14 neutrons/sec-cm**3   .
                               Average Neutron Energy:  7.185E-02 MeV.



 Total (alpha,n) neutron spectrum this target
 0.000E+00 0.000E+00 0.000E+00 0.000E+00 0.000E+00 0.000E+00 0.000E+00 0.000E+00
 0.000E+00 0.000E+00 0.000E+00 0.000E+00 0.000E+00 0.000E+00 0.000E+00 0.000E+00
 0.000E+00 0.000E+00 0.000E+00 0.000E+00 0.000E+00 0.000E+00 0.000E+00 0.000E+00
 0.000E+00 0.000E+00 0.000E+00 0.000E+00 0.000E+00 0.000E+00 0.000E+00 0.000E+00
 0.000E+00 0.000E+00 0.000E+00 0.000E+00 0.000E+00 0.000E+00 0.000E+00 0.000E+00
 0.000E+00 0.000E+00 0.000E+00 0.000E+00 0.000E+00 0.000E+00 0.000E+00 0.000E+00
 0.000E+00 0.000E+00 0.000E+00 0.000E+00 0.000E+00 0.000E+00 0.000E+00 0.000E+00
 0.000E+00 0.000E+00 0.000E+00 0.000E+00 0.000E+00 0.000E+00 1.508E-20 1.623E-17
 4.765E-17 1.091E-16 1.917E-16 3.303E-16 5.482E-16 8.913E-16 1.264E-15 1.640E-15
 2.091E-15 2.772E-14 8.660E-14 1.950E-13 3.417E-13 5.699E-13 9.209E-13 1.453E-12
 2.075E-12 2.684E-12 3.352E-12 4.010E-12 4.499E-12 5.149E-12 5.989E-12 6.966E-12
 7.888E-12 8.632E-12 8.987E-12 8.983E-12 8.732E-12 8.202E-12 7.407E-12 6.479E-12
 5.524E-12 4.429E-12 3.139E-12 1.506E-12
                                   Total (all groups):  1.182E-10 neutrons/sec-cm**3   .
                               Average Neutron Energy:  9.923E-01 MeV.
 

--------------------------------------------------------------------------------
 

--------------------------------------------------------------------------------



 Grand total (alpha,n) neutron spectrum, all targets, all sources
 0.000E+00 0.000E+00 0.000E+00 0.000E+00 0.000E+00 0.000E+00 0.000E+00 0.000E+00
 0.000E+00 0.000E+00 0.000E+00 0.000E+00 0.000E+00 0.000E+00 0.000E+00 0.000E+00
 0.000E+00 0.000E+00 0.000E+00 0.000E+00 0.000E+00 0.000E+00 0.000E+00 0.000E+00
 0.000E+00 0.000E+00 0.000E+00 0.000E+00 0.000E+00 0.000E+00 0.000E+00 0.000E+00
 0.000E+00 0.000E+00 0.000E+00 0.000E+00 0.000E+00 0.000E+00 0.000E+00 0.000E+00
 0.000E+00 0.000E+00 0.000E+00 0.000E+00 0.000E+00 0.000E+00 0.000E+00 0.000E+00
 0.000E+00 0.000E+00 0.000E+00 0.000E+00 0.000E+00 0.000E+00 0.000E+00 0.000E+00
 0.000E+00 0.000E+00 0.000E+00 0.000E+00 0.000E+00 0.000E+00 1.508E-20 1.623E-17
 4.765E-17 1.091E-16 1.917E-16 3.303E-16 5.482E-16 8.913E-16 1.264E-15 1.640E-15
 2.091E-15 2.772E-14 8.660E-14 1.950E-13 3.417E-13 5.699E-13 9.209E-13 1.453E-12
 2.075E-12 2.684E-12 3.352E-12 4.011E-12 4.501E-12 5.152E-12 5.994E-12 6.972E-12
 7.896E-12 8.642E-12 8.999E-12 9.276E-12 1.063E-11 1.293E-11 1.535E-11 1.639E-11
 1.709E-11 1.730E-11 1.485E-11 8.163E-12
                                   Total (all groups):  1.859E-10 neutrons/sec-cm**3   .
                               Average Neutron Energy:  7.548E-01 MeV.
 

--------------------------------------------------------------------------------

--------------------------------------------------------------------------------
 


 S.F. neutrons/cc from  6.34619E+14 at/cc th232 
 1.576E-19 1.779E-19 2.019E-19 2.289E-19 2.575E-19 2.922E-19 3.291E-19 3.730E-19
 4.207E-19 4.753E-19 5.364E-19 6.047E-19 6.834E-19 7.706E-19 8.689E-19 9.801E-19
 1.104E-18 1.244E-18 1.402E-18 1.578E-18 1.777E-18 1.999E-18 2.250E-18 2.529E-18
 2.844E-18 3.196E-18 3.592E-18 4.032E-18 4.528E-18 5.081E-18 5.701E-18 6.392E-18
 7.165E-18 8.029E-18 8.993E-18 1.007E-17 1.127E-17 1.260E-17 1.409E-17 1.575E-17
 1.759E-17 1.964E-17 2.192E-17 2.445E-17 2.725E-17 3.036E-17 3.381E-17 3.763E-17
 4.185E-17 4.652E-17 5.168E-17 5.737E-17 6.365E-17 7.057E-17 7.818E-17 8.655E-17
 9.575E-17 1.058E-16 1.169E-16 1.290E-16 1.422E-16 1.567E-16 1.724E-16 1.896E-16
 2.083E-16 2.285E-16 2.504E-16 2.742E-16 2.998E-16 3.273E-16 3.570E-16 3.888E-16
 4.228E-16 4.590E-16 4.976E-16 5.384E-16 5.815E-16 6.268E-16 6.742E-16 7.236E-16
 7.747E-16 8.273E-16 8.809E-16 9.350E-16 9.892E-16 1.043E-15 1.094E-15 1.143E-15
 1.188E-15 1.228E-15 1.260E-15 1.282E-15 1.292E-15 1.287E-15 1.262E-15 1.213E-15
 1.132E-15 1.007E-15 8.144E-16 4.630E-16
                                   Total (all groups):  2.994E-14 neutrons/sec-cm**3   .
                               Average Neutron Energy:  1.597E+00 MeV.
 

--------------------------------------------------------------------------------




 Total Neutron Spectrum
 1.576E-19 1.779E-19 2.019E-19 2.289E-19 2.575E-19 2.922E-19 3.291E-19 3.730E-19
 4.207E-19 4.753E-19 5.364E-19 6.047E-19 6.834E-19 7.706E-19 8.689E-19 9.801E-19
 1.104E-18 1.244E-18 1.402E-18 1.578E-18 1.777E-18 1.999E-18 2.250E-18 2.529E-18
 2.844E-18 3.196E-18 3.592E-18 4.032E-18 4.528E-18 5.081E-18 5.701E-18 6.392E-18
 7.165E-18 8.029E-18 8.993E-18 1.007E-17 1.127E-17 1.260E-17 1.409E-17 1.575E-17
 1.759E-17 1.964E-17 2.192E-17 2.445E-17 2.725E-17 3.036E-17 3.381E-17 3.763E-17
 4.185E-17 4.652E-17 5.168E-17 5.737E-17 6.365E-17 7.057E-17 7.818E-17 8.655E-17
 9.575E-17 1.058E-16 1.169E-16 1.290E-16 1.422E-16 1.567E-16 1.725E-16 2.058E-16
 2.559E-16 3.376E-16 4.422E-16 6.045E-16 8.480E-16 1.219E-15 1.621E-15 2.029E-15
 2.514E-15 2.817E-14 8.710E-14 1.955E-13 3.423E-13 5.706E-13 9.216E-13 1.453E-12
 2.076E-12 2.685E-12 3.353E-12 4.012E-12 4.502E-12 5.153E-12 5.995E-12 6.973E-12
 7.897E-12 8.643E-12 9.000E-12 9.277E-12 1.063E-11 1.293E-11 1.535E-11 1.639E-11
 1.709E-11 1.730E-11 1.485E-11 8.164E-12
                                   Total (all groups):  1.859E-10 neutrons/sec-cm**3   .
                               Average Neutron Energy:  7.550E-01 MeV.
