SOURCES 4A Calculation
<<<<<<<<<<<>>>>>>>>>>>



                       Absolute Neutron Source Spectra
                       ~~~~~~~~~~~~~~~~~~~~~~~~~~~~~~~

Title: Bulk HDPE problem 1ppb Th-232 in secular equilibrium                         

 Neutron Multigroup Structure (MeV)
 1.000E+01 9.900E+00 9.800E+00 9.700E+00 9.600E+00 9.500E+00 9.400E+00 9.300E+00
 9.200E+00 9.100E+00 9.000E+00 8.900E+00 8.800E+00 8.700E+00 8.600E+00 8.500E+00
 8.400E+00 8.300E+00 8.200E+00 8.100E+00 8.000E+00 7.900E+00 7.800E+00 7.700E+00
 7.600E+00 7.500E+00 7.400E+00 7.300E+00 7.200E+00 7.100E+00 7.000E+00 6.900E+00
 6.800E+00 6.700E+00 6.600E+00 6.500E+00 6.400E+00 6.300E+00 6.200E+00 6.100E+00
 6.000E+00 5.900E+00 5.800E+00 5.700E+00 5.600E+00 5.500E+00 5.400E+00 5.300E+00
 5.200E+00 5.100E+00 5.000E+00 4.900E+00 4.800E+00 4.700E+00 4.600E+00 4.500E+00
 4.400E+00 4.300E+00 4.200E+00 4.100E+00 4.000E+00 3.900E+00 3.800E+00 3.700E+00
 3.600E+00 3.500E+00 3.400E+00 3.300E+00 3.200E+00 3.100E+00 3.000E+00 2.900E+00
 2.800E+00 2.700E+00 2.600E+00 2.500E+00 2.400E+00 2.300E+00 2.200E+00 2.100E+00
 2.000E+00 1.900E+00 1.800E+00 1.700E+00 1.600E+00 1.500E+00 1.400E+00 1.300E+00
 1.200E+00 1.100E+00 1.000E+00 9.000E-01 8.000E-01 7.000E-01 6.000E-01 5.000E-01
 4.000E-01 3.000E-01 2.000E-01 1.000E-01 0.000E+00

--------------------------------------------------------------------------------


 (a,n) neutrons/sec-cc from  5.20180E+00 at/cc bi212  alphas on  c 13  in target
 1.649E-16 1.788E-16 1.915E-16 2.071E-16 2.271E-16 2.444E-16 2.607E-16 2.779E-16
 2.946E-16 3.108E-16 3.297E-16 3.496E-16 3.715E-16 3.905E-16 4.058E-16 4.208E-16
 4.381E-16 4.627E-16 4.872E-16 1.960E-15 4.399E-14 1.441E-13 2.193E-13 2.828E-13
 3.213E-13 3.927E-13 4.868E-13 5.680E-13 6.591E-13 7.418E-13 8.323E-13 9.146E-13
 9.694E-13 1.001E-12 1.021E-12 1.039E-12 1.067E-12 1.074E-12 1.084E-12 1.092E-12
 1.095E-12 1.108E-12 1.127E-12 1.132E-12 1.147E-12 1.221E-12 1.321E-12 1.376E-12
 1.417E-12 1.415E-12 1.291E-12 1.219E-12 1.145E-12 1.016E-12 9.035E-13 8.061E-13
 7.546E-13 7.492E-13 7.407E-13 7.333E-13 7.250E-13 7.117E-13 6.921E-13 6.356E-13
 4.832E-13 4.063E-13 3.574E-13 2.972E-13 2.389E-13 1.369E-13 5.343E-14 1.977E-14
 1.115E-14 7.536E-15 4.427E-15 3.101E-15 2.860E-15 3.009E-15 3.144E-15 3.213E-15
 3.257E-15 3.262E-15 3.255E-15 3.252E-15 3.247E-15 3.209E-15 7.495E-15 6.571E-14
 3.012E-13 5.905E-13 7.981E-13 9.621E-13 1.067E-12 1.215E-12 1.429E-12 1.602E-12
 1.750E-12 1.599E-12 1.151E-12 6.859E-13
                                   Total (all groups):  5.372E-11 neutrons/sec-cm**3   .
                               Average Neutron Energy:  4.251E+00 MeV.


 (a,n) neutrons/sec-cc from  2.72844E-10 at/cc po212  alphas on  c 13  in target
 3.352E-13 3.969E-13 4.536E-13 5.231E-13 6.125E-13 6.898E-13 7.625E-13 8.393E-13
 9.135E-13 9.858E-13 1.070E-12 1.159E-12 1.257E-12 1.342E-12 1.410E-12 1.477E-12
 1.554E-12 1.663E-12 1.773E-12 1.929E-12 2.088E-12 2.272E-12 2.411E-12 2.526E-12
 2.596E-12 2.724E-12 2.892E-12 3.037E-12 3.200E-12 3.348E-12 3.510E-12 3.657E-12
 3.755E-12 3.813E-12 3.848E-12 3.825E-12 3.782E-12 3.694E-12 3.607E-12 3.517E-12
 3.386E-12 3.273E-12 3.173E-12 3.052E-12 2.928E-12 2.897E-12 2.950E-12 2.912E-12
 2.792E-12 2.564E-12 2.314E-12 2.181E-12 2.048E-12 1.818E-12 1.616E-12 1.442E-12
 1.349E-12 1.340E-12 1.324E-12 1.311E-12 1.309E-12 1.470E-12 1.791E-12 2.052E-12
 2.148E-12 2.385E-12 2.680E-12 2.961E-12 3.240E-12 3.421E-12 3.788E-12 4.421E-12
 5.012E-12 5.668E-12 6.346E-12 7.002E-12 7.652E-12 8.352E-12 9.045E-12 9.774E-12
 1.049E-11 1.110E-11 1.166E-11 1.222E-11 1.237E-11 1.236E-11 1.236E-11 1.250E-11
 1.251E-11 1.231E-11 1.181E-11 1.107E-11 1.009E-11 9.107E-12 8.359E-12 7.553E-12
 6.441E-12 5.029E-12 3.649E-12 2.108E-12
                                   Total (all groups):  4.175E-10 neutrons/sec-cm**3   .
                               Average Neutron Energy:  3.213E+00 MeV.


 (a,n) neutrons/sec-cc from  2.07392E-04 at/cc po216  alphas on  c 13  in target
 0.000E+00 0.000E+00 0.000E+00 0.000E+00 0.000E+00 0.000E+00 0.000E+00 0.000E+00
 0.000E+00 0.000E+00 0.000E+00 0.000E+00 0.000E+00 3.359E-14 1.331E-13 2.334E-13
 3.494E-13 5.138E-13 6.777E-13 9.127E-13 1.150E-12 1.427E-12 1.634E-12 1.808E-12
 1.912E-12 2.104E-12 2.356E-12 2.574E-12 2.819E-12 3.041E-12 3.283E-12 3.504E-12
 3.651E-12 3.737E-12 3.790E-12 3.839E-12 3.914E-12 3.931E-12 3.958E-12 3.980E-12
 3.989E-12 4.023E-12 4.074E-12 4.088E-12 4.130E-12 4.310E-12 4.425E-12 4.368E-12
 4.188E-12 3.845E-12 3.470E-12 3.272E-12 3.072E-12 2.726E-12 2.424E-12 2.162E-12
 2.024E-12 2.009E-12 1.986E-12 1.966E-12 1.944E-12 1.908E-12 1.855E-12 1.703E-12
 1.294E-12 1.087E-12 9.550E-13 7.929E-13 6.361E-13 3.620E-13 1.377E-13 4.689E-14
 2.333E-14 1.324E-14 4.911E-15 1.024E-15 2.044E-17 0.000E+00 0.000E+00 1.106E-14
 1.516E-13 5.826E-13 1.017E-12 1.483E-12 2.076E-12 2.710E-12 3.390E-12 4.290E-12
 5.051E-12 5.851E-12 6.460E-12 7.067E-12 7.508E-12 8.026E-12 8.166E-12 7.893E-12
 7.161E-12 5.919E-12 4.812E-12 3.041E-12
                                   Total (all groups):  2.333E-10 neutrons/sec-cm**3   .
                               Average Neutron Energy:  3.776E+00 MeV.


 (a,n) neutrons/sec-cc from  7.94266E-02 at/cc rn220  alphas on  c 13  in target
 0.000E+00 0.000E+00 0.000E+00 0.000E+00 0.000E+00 0.000E+00 0.000E+00 0.000E+00
 0.000E+00 0.000E+00 0.000E+00 0.000E+00 0.000E+00 0.000E+00 0.000E+00 0.000E+00
 0.000E+00 3.075E-15 1.164E-13 3.591E-13 6.043E-13 8.900E-13 1.104E-12 1.284E-12
 1.391E-12 1.589E-12 1.850E-12 2.075E-12 2.328E-12 2.557E-12 2.808E-12 3.036E-12
 3.188E-12 3.277E-12 3.332E-12 3.382E-12 3.459E-12 3.477E-12 3.505E-12 3.528E-12
 3.537E-12 3.573E-12 3.625E-12 3.640E-12 3.682E-12 3.888E-12 4.164E-12 4.318E-12
 4.323E-12 3.972E-12 3.586E-12 3.380E-12 3.174E-12 2.817E-12 2.504E-12 2.234E-12
 2.091E-12 2.076E-12 2.052E-12 2.031E-12 2.008E-12 1.971E-12 1.917E-12 1.760E-12
 1.336E-12 1.122E-12 9.866E-13 8.191E-13 6.572E-13 3.739E-13 1.422E-13 4.836E-14
 2.402E-14 1.359E-14 5.090E-15 1.068E-15 2.112E-17 0.000E+00 0.000E+00 0.000E+00
 0.000E+00 0.000E+00 0.000E+00 0.000E+00 2.387E-14 2.620E-13 9.488E-13 1.878E-12
 2.664E-12 3.490E-12 4.082E-12 4.544E-12 4.840E-12 5.248E-12 5.843E-12 6.307E-12
 6.069E-12 4.715E-12 3.551E-12 2.247E-12
                                   Total (all groups):  1.837E-10 neutrons/sec-cm**3   .
                               Average Neutron Energy:  4.068E+00 MeV.


 (a,n) neutrons/sec-cc from  4.46916E+02 at/cc ra224  alphas on  c 13  in target
 0.000E+00 0.000E+00 0.000E+00 0.000E+00 0.000E+00 0.000E+00 0.000E+00 0.000E+00
 0.000E+00 0.000E+00 0.000E+00 0.000E+00 0.000E+00 0.000E+00 0.000E+00 0.000E+00
 0.000E+00 0.000E+00 0.000E+00 0.000E+00 0.000E+00 0.000E+00 0.000E+00 1.510E-14
 1.033E-13 2.904E-13 5.453E-13 7.679E-13 1.018E-12 1.245E-12 1.493E-12 1.719E-12
 1.869E-12 1.957E-12 2.011E-12 2.060E-12 2.137E-12 2.155E-12 2.183E-12 2.205E-12
 2.214E-12 2.249E-12 2.301E-12 2.316E-12 2.358E-12 2.561E-12 2.835E-12 2.986E-12
 3.099E-12 3.171E-12 3.239E-12 3.313E-12 3.136E-12 2.787E-12 2.478E-12 2.210E-12
 2.069E-12 2.054E-12 2.030E-12 2.010E-12 1.987E-12 1.950E-12 1.896E-12 1.741E-12
 1.322E-12 1.111E-12 9.761E-13 8.104E-13 6.502E-13 3.700E-13 1.407E-13 4.787E-14
 2.377E-14 1.342E-14 5.038E-15 1.058E-15 2.089E-17 0.000E+00 0.000E+00 0.000E+00
 0.000E+00 0.000E+00 0.000E+00 0.000E+00 0.000E+00 0.000E+00 0.000E+00 0.000E+00
 0.000E+00 0.000E+00 6.892E-15 7.135E-14 3.139E-13 7.009E-13 1.273E-12 1.748E-12
 2.171E-12 2.569E-12 2.835E-12 1.869E-12
                                   Total (all groups):  1.018E-10 neutrons/sec-cm**3   .
                               Average Neutron Energy:  4.577E+00 MeV.


 (a,n) neutrons/sec-cc from  8.61085E+04 at/cc th228  alphas on  c 13  in target
 0.000E+00 0.000E+00 0.000E+00 0.000E+00 0.000E+00 0.000E+00 0.000E+00 0.000E+00
 0.000E+00 0.000E+00 0.000E+00 0.000E+00 0.000E+00 0.000E+00 0.000E+00 0.000E+00
 0.000E+00 0.000E+00 0.000E+00 0.000E+00 0.000E+00 0.000E+00 0.000E+00 0.000E+00
 0.000E+00 8.659E-16 1.067E-13 3.167E-13 5.681E-13 7.971E-13 1.048E-12 1.275E-12
 1.427E-12 1.516E-12 1.571E-12 1.620E-12 1.698E-12 1.716E-12 1.744E-12 1.767E-12
 1.775E-12 1.811E-12 1.863E-12 1.878E-12 1.921E-12 2.126E-12 2.402E-12 2.555E-12
 2.669E-12 2.741E-12 2.810E-12 2.921E-12 2.992E-12 2.810E-12 2.501E-12 2.231E-12
 2.088E-12 2.073E-12 2.049E-12 2.028E-12 2.005E-12 1.968E-12 1.914E-12 1.757E-12
 1.334E-12 1.121E-12 9.852E-13 8.180E-13 6.563E-13 3.735E-13 1.421E-13 4.845E-14
 2.413E-14 1.369E-14 5.101E-15 1.071E-15 2.108E-17 0.000E+00 0.000E+00 0.000E+00
 0.000E+00 0.000E+00 0.000E+00 0.000E+00 0.000E+00 0.000E+00 0.000E+00 0.000E+00
 0.000E+00 0.000E+00 0.000E+00 0.000E+00 0.000E+00 1.749E-14 1.341E-13 4.823E-13
 8.986E-13 1.298E-12 1.627E-12 1.485E-12
                                   Total (all groups):  8.252E-11 neutrons/sec-cm**3   .
                               Average Neutron Energy:  4.736E+00 MeV.


 (a,n) neutrons/sec-cc from  6.34619E+14 at/cc th232  alphas on  c 13  in target
 0.000E+00 0.000E+00 0.000E+00 0.000E+00 0.000E+00 0.000E+00 0.000E+00 0.000E+00
 0.000E+00 0.000E+00 0.000E+00 0.000E+00 0.000E+00 0.000E+00 0.000E+00 0.000E+00
 0.000E+00 0.000E+00 0.000E+00 0.000E+00 0.000E+00 0.000E+00 0.000E+00 0.000E+00
 0.000E+00 0.000E+00 0.000E+00 0.000E+00 0.000E+00 0.000E+00 0.000E+00 0.000E+00
 0.000E+00 0.000E+00 0.000E+00 0.000E+00 0.000E+00 0.000E+00 0.000E+00 3.301E-15
 1.133E-14 4.680E-14 9.964E-14 1.141E-13 1.570E-13 3.629E-13 6.399E-13 7.934E-13
 9.076E-13 9.805E-13 1.049E-12 1.161E-12 1.244E-12 1.316E-12 1.434E-12 1.592E-12
 1.760E-12 1.878E-12 1.963E-12 1.999E-12 2.011E-12 1.975E-12 1.920E-12 1.763E-12
 1.339E-12 1.125E-12 9.885E-13 8.207E-13 6.585E-13 3.747E-13 1.424E-13 4.845E-14
 2.406E-14 1.358E-14 5.102E-15 1.071E-15 2.116E-17 0.000E+00 0.000E+00 0.000E+00
 0.000E+00 0.000E+00 0.000E+00 0.000E+00 0.000E+00 0.000E+00 0.000E+00 0.000E+00
 0.000E+00 0.000E+00 0.000E+00 0.000E+00 0.000E+00 0.000E+00 0.000E+00 0.000E+00
 0.000E+00 0.000E+00 0.000E+00 0.000E+00
                                   Total (all groups):  3.272E-11 neutrons/sec-cm**3   .
                               Average Neutron Energy:  4.207E+00 MeV.



 Total (alpha,n) neutron spectrum this target
 3.353E-13 3.971E-13 4.538E-13 5.233E-13 6.127E-13 6.901E-13 7.628E-13 8.396E-13
 9.138E-13 9.861E-13 1.070E-12 1.160E-12 1.257E-12 1.376E-12 1.543E-12 1.710E-12
 1.904E-12 2.181E-12 2.567E-12 3.203E-12 3.886E-12 4.733E-12 5.369E-12 5.916E-12
 6.324E-12 7.101E-12 8.237E-12 9.339E-12 1.059E-11 1.173E-11 1.297E-11 1.411E-11
 1.486E-11 1.530E-11 1.557E-11 1.577E-11 1.606E-11 1.605E-11 1.608E-11 1.609E-11
 1.601E-11 1.608E-11 1.626E-11 1.622E-11 1.632E-11 1.737E-11 1.874E-11 1.931E-11
 1.939E-11 1.869E-11 1.776E-11 1.745E-11 1.681E-11 1.529E-11 1.386E-11 1.268E-11
 1.214E-11 1.218E-11 1.215E-11 1.208E-11 1.199E-11 1.195E-11 1.198E-11 1.141E-11
 9.257E-12 8.356E-12 7.928E-12 7.319E-12 6.737E-12 5.412E-12 4.546E-12 4.680E-12
 5.143E-12 5.743E-12 6.375E-12 7.011E-12 7.655E-12 8.355E-12 9.048E-12 9.789E-12
 1.065E-11 1.168E-11 1.268E-11 1.371E-11 1.448E-11 1.534E-11 1.671E-11 1.873E-11
 2.052E-11 2.224E-11 2.316E-11 2.371E-11 2.382E-11 2.431E-11 2.520E-11 2.558E-11
 2.449E-11 2.113E-11 1.763E-11 1.144E-11
                                   Total (all groups):  1.105E-09 neutrons/sec-cm**3   .
                               Average Neutron Energy:  3.793E+00 MeV.
 

--------------------------------------------------------------------------------
 

--------------------------------------------------------------------------------



 Grand total (alpha,n) neutron spectrum, all targets, all sources
 3.353E-13 3.971E-13 4.538E-13 5.233E-13 6.127E-13 6.901E-13 7.628E-13 8.396E-13
 9.138E-13 9.861E-13 1.070E-12 1.160E-12 1.257E-12 1.376E-12 1.543E-12 1.710E-12
 1.904E-12 2.181E-12 2.567E-12 3.203E-12 3.886E-12 4.733E-12 5.369E-12 5.916E-12
 6.324E-12 7.101E-12 8.237E-12 9.339E-12 1.059E-11 1.173E-11 1.297E-11 1.411E-11
 1.486E-11 1.530E-11 1.557E-11 1.577E-11 1.606E-11 1.605E-11 1.608E-11 1.609E-11
 1.601E-11 1.608E-11 1.626E-11 1.622E-11 1.632E-11 1.737E-11 1.874E-11 1.931E-11
 1.939E-11 1.869E-11 1.776E-11 1.745E-11 1.681E-11 1.529E-11 1.386E-11 1.268E-11
 1.214E-11 1.218E-11 1.215E-11 1.208E-11 1.199E-11 1.195E-11 1.198E-11 1.141E-11
 9.257E-12 8.356E-12 7.928E-12 7.319E-12 6.737E-12 5.412E-12 4.546E-12 4.680E-12
 5.143E-12 5.743E-12 6.375E-12 7.011E-12 7.655E-12 8.355E-12 9.048E-12 9.789E-12
 1.065E-11 1.168E-11 1.268E-11 1.371E-11 1.448E-11 1.534E-11 1.671E-11 1.873E-11
 2.052E-11 2.224E-11 2.316E-11 2.371E-11 2.382E-11 2.431E-11 2.520E-11 2.558E-11
 2.449E-11 2.113E-11 1.763E-11 1.144E-11
                                   Total (all groups):  1.105E-09 neutrons/sec-cm**3   .
                               Average Neutron Energy:  3.793E+00 MeV.
 

--------------------------------------------------------------------------------

--------------------------------------------------------------------------------
 


 S.F. neutrons/cc from  6.34619E+14 at/cc th232 
 1.576E-19 1.779E-19 2.019E-19 2.289E-19 2.575E-19 2.922E-19 3.291E-19 3.730E-19
 4.207E-19 4.753E-19 5.364E-19 6.047E-19 6.834E-19 7.706E-19 8.689E-19 9.801E-19
 1.104E-18 1.244E-18 1.402E-18 1.578E-18 1.777E-18 1.999E-18 2.250E-18 2.529E-18
 2.844E-18 3.196E-18 3.592E-18 4.032E-18 4.528E-18 5.081E-18 5.701E-18 6.392E-18
 7.165E-18 8.029E-18 8.993E-18 1.007E-17 1.127E-17 1.260E-17 1.409E-17 1.575E-17
 1.759E-17 1.964E-17 2.192E-17 2.445E-17 2.725E-17 3.036E-17 3.381E-17 3.763E-17
 4.185E-17 4.652E-17 5.168E-17 5.737E-17 6.365E-17 7.057E-17 7.818E-17 8.655E-17
 9.575E-17 1.058E-16 1.169E-16 1.290E-16 1.422E-16 1.567E-16 1.724E-16 1.896E-16
 2.083E-16 2.285E-16 2.504E-16 2.742E-16 2.998E-16 3.273E-16 3.570E-16 3.888E-16
 4.228E-16 4.590E-16 4.976E-16 5.384E-16 5.815E-16 6.268E-16 6.742E-16 7.236E-16
 7.747E-16 8.273E-16 8.809E-16 9.350E-16 9.892E-16 1.043E-15 1.094E-15 1.143E-15
 1.188E-15 1.228E-15 1.260E-15 1.282E-15 1.292E-15 1.287E-15 1.262E-15 1.213E-15
 1.132E-15 1.007E-15 8.144E-16 4.630E-16
                                   Total (all groups):  2.994E-14 neutrons/sec-cm**3   .
                               Average Neutron Energy:  1.597E+00 MeV.
 

--------------------------------------------------------------------------------




 Total Neutron Spectrum
 3.353E-13 3.971E-13 4.538E-13 5.233E-13 6.127E-13 6.901E-13 7.628E-13 8.396E-13
 9.138E-13 9.861E-13 1.070E-12 1.160E-12 1.257E-12 1.376E-12 1.543E-12 1.710E-12
 1.904E-12 2.181E-12 2.567E-12 3.203E-12 3.886E-12 4.733E-12 5.369E-12 5.916E-12
 6.324E-12 7.101E-12 8.237E-12 9.339E-12 1.059E-11 1.173E-11 1.297E-11 1.411E-11
 1.486E-11 1.530E-11 1.557E-11 1.577E-11 1.606E-11 1.605E-11 1.608E-11 1.609E-11
 1.601E-11 1.608E-11 1.626E-11 1.622E-11 1.632E-11 1.737E-11 1.874E-11 1.931E-11
 1.939E-11 1.869E-11 1.776E-11 1.745E-11 1.681E-11 1.529E-11 1.386E-11 1.268E-11
 1.214E-11 1.218E-11 1.215E-11 1.208E-11 1.199E-11 1.196E-11 1.199E-11 1.141E-11
 9.257E-12 8.357E-12 7.929E-12 7.319E-12 6.737E-12 5.413E-12 4.547E-12 4.681E-12
 5.143E-12 5.744E-12 6.376E-12 7.011E-12 7.656E-12 8.356E-12 9.049E-12 9.789E-12
 1.065E-11 1.168E-11 1.268E-11 1.371E-11 1.448E-11 1.534E-11 1.671E-11 1.873E-11
 2.052E-11 2.224E-11 2.316E-11 2.371E-11 2.383E-11 2.432E-11 2.521E-11 2.559E-11
 2.449E-11 2.113E-11 1.763E-11 1.144E-11
                                   Total (all groups):  1.105E-09 neutrons/sec-cm**3   .
                               Average Neutron Energy:  3.793E+00 MeV.
