Energy	   (a,n)	   S.F.	   tot
1.0000e+01 2.0250e-13 3.0000e-15 2.0550e-13
9.9000e+00 2.7830e-13 3.2950e-15 2.8160e-13
9.8000e+00 4.1290e-13 3.6200e-15 4.1650e-13
9.7000e+00 5.5900e-13 3.9760e-15 5.6300e-13
9.6000e+00 7.1020e-13 4.3660e-15 7.1460e-13
9.5000e+00 8.6710e-13 4.7910e-15 8.7190e-13
9.4000e+00 1.0280e-12 5.2610e-15 1.0330e-12
9.2000e+00 1.4400e-12 6.3340e-15 1.4460e-12
9.1000e+00 1.6980e-12 6.9480e-15 1.7050e-12
9.0000e+00 1.9880e-12 7.6210e-15 1.9950e-12
8.9000e+00 2.2880e-12 8.3550e-15 2.2960e-12
8.8000e+00 2.5970e-12 9.1610e-15 2.6060e-12
8.7000e+00 2.9230e-12 1.0040e-14 2.9330e-12
8.6000e+00 3.3840e-12 1.1000e-14 3.3950e-12
8.4000e+00 4.4920e-12 1.3200e-14 4.5060e-12
8.3000e+00 5.0780e-12 1.4460e-14 5.0930e-12
8.2000e+00 5.7710e-12 1.5830e-14 5.7860e-12
8.1000e+00 6.5530e-12 1.7330e-14 6.5700e-12
8.0000e+00 7.6070e-12 1.8960e-14 7.6260e-12
7.9000e+00 8.7630e-12 2.0750e-14 8.7840e-12
7.8000e+00 9.9680e-12 2.2690e-14 9.9910e-12
7.6000e+00 1.2550e-11 2.7130e-14 1.2570e-11
7.5000e+00 1.3910e-11 2.9650e-14 1.3940e-11
7.4000e+00 1.5460e-11 3.2390e-14 1.5490e-11
7.3000e+00 1.7080e-11 3.5390e-14 1.7110e-11
7.2000e+00 1.8970e-11 3.8640e-14 1.9010e-11
7.1000e+00 2.1060e-11 4.2180e-14 2.1100e-11
7.0000e+00 2.3160e-11 4.6040e-14 2.3210e-11
6.8000e+00 2.7980e-11 5.4790e-14 2.8040e-11
6.7000e+00 3.0630e-11 5.9740e-14 3.0690e-11
6.6000e+00 3.3420e-11 6.5120e-14 3.3490e-11
6.5000e+00 3.6580e-11 7.0960e-14 3.6650e-11
6.4000e+00 4.0440e-11 7.7290e-14 4.0510e-11
6.3000e+00 4.5110e-11 8.4170e-14 4.5190e-11
6.2000e+00 5.0770e-11 9.1620e-14 5.0860e-11
6.0000e+00 6.4030e-11 1.0840e-13 6.4140e-11
5.9000e+00 7.1780e-11 1.1790e-13 7.1900e-11
5.8000e+00 8.0560e-11 1.2820e-13 8.0690e-11
5.7000e+00 9.0260e-11 1.3920e-13 9.0400e-11
5.6000e+00 1.0250e-10 1.5120e-13 1.0270e-10
5.5000e+00 1.1780e-10 1.6420e-13 1.1790e-10
5.4000e+00 1.3350e-10 1.7810e-13 1.3370e-10
5.2000e+00 1.6750e-10 2.0950e-13 1.6770e-10
5.1000e+00 1.8680e-10 2.2700e-13 1.8700e-10
5.0000e+00 2.0950e-10 2.4580e-13 2.0980e-10
4.9000e+00 2.3210e-10 2.6610e-13 2.3240e-10
4.8000e+00 2.5430e-10 2.8790e-13 2.5460e-10
4.7000e+00 2.8100e-10 3.1140e-13 2.8130e-10
4.6000e+00 3.1030e-10 3.3650e-13 3.1060e-10
4.4000e+00 3.9190e-10 3.9240e-13 3.9220e-10
4.3000e+00 4.4890e-10 4.2340e-13 4.4930e-10
4.2000e+00 5.1430e-10 4.5650e-13 5.1470e-10
4.1000e+00 5.8370e-10 4.9190e-13 5.8420e-10
4.0000e+00 6.5300e-10 5.2970e-13 6.5350e-10
3.9000e+00 7.4310e-10 5.7000e-13 7.4370e-10
3.8000e+00 8.3650e-10 6.1290e-13 8.3710e-10
3.6000e+00 1.0600e-09 7.0690e-13 1.0600e-09
3.5000e+00 1.1950e-09 7.5830e-13 1.1960e-09
3.4000e+00 1.3550e-09 8.1270e-13 1.3560e-09
3.3000e+00 1.5250e-09 8.7020e-13 1.5260e-09
3.2000e+00 1.7040e-09 9.3100e-13 1.7040e-09
3.1000e+00 1.8840e-09 9.9490e-13 1.8850e-09
3.0000e+00 2.0590e-09 1.0620e-12 2.0600e-09
2.8000e+00 2.4350e-09 1.2070e-12 2.4360e-09
2.7000e+00 2.6530e-09 1.2840e-12 2.6540e-09
2.6000e+00 2.8710e-09 1.3640e-12 2.8730e-09
2.5000e+00 3.0450e-09 1.4470e-12 3.0470e-09
2.4000e+00 3.1790e-09 1.5330e-12 3.1800e-09
2.3000e+00 3.3230e-09 1.6220e-12 3.3240e-09
2.2000e+00 3.4750e-09 1.7130e-12 3.4760e-09
2.0000e+00 3.7340e-09 1.9000e-12 3.7360e-09
1.9000e+00 3.8640e-09 1.9950e-12 3.8660e-09
1.8000e+00 3.9660e-09 2.0900e-12 3.9680e-09
1.7000e+00 4.0830e-09 2.1840e-12 4.0850e-09
1.6000e+00 4.2120e-09 2.2760e-12 4.2140e-09
1.5000e+00 4.3380e-09 2.3650e-12 4.3410e-09
1.4000e+00 4.4670e-09 2.4490e-12 4.4700e-09
1.2000e+00 4.6510e-09 2.5960e-12 4.6540e-09
1.1000e+00 4.7040e-09 2.6530e-12 4.7070e-09
1.0000e+00 4.7420e-09 2.6960e-12 4.7450e-09
9.0000e-01 4.7810e-09 2.7210e-12 4.7840e-09
8.0000e-01 4.7760e-09 2.7240e-12 4.7780e-09
7.0000e-01 4.6960e-09 2.6980e-12 4.6980e-09
6.0000e-01 4.5300e-09 2.6360e-12 4.5330e-09
4.0000e-01 3.7500e-09 2.3590e-12 3.7530e-09
3.0000e-01 3.1100e-09 2.1050e-12 3.1120e-09
2.0000e-01 2.2770e-09 1.7130e-12 2.2790e-09
