#DataThief /mnt/offtank/git/n-elec-scattering/data_files/COSINE/fig7T.png Friday 24-Jan-2025 4:53:32 PM
3.5415, 0.0501
3.5343, 0.0522
3.527, 0.0545
3.5198, 0.0569
3.5126, 0.0594
3.5053, 0.062
3.4982, 0.0647
3.4909, 0.0675
3.4837, 0.0704
3.4765, 0.0735
3.4693, 0.0767
3.4621, 0.0801
3.4548, 0.0836
3.4476, 0.0872
3.4404, 0.091
3.4332, 0.095
3.4259, 0.0992
3.4187, 0.1035
3.4115, 0.108
3.4043, 0.1127
3.3971, 0.1176
7.282, 0.1228
7.2748, 0.128
7.2675, 0.1337
7.2603, 0.1395
7.253, 0.1456
7.2459, 0.152
7.2387, 0.1586
7.2314, 0.1656
7.2242, 0.1728
7.217, 0.1803
3.3176, 0.1882
-0.5817, 0.1964
-0.5745, 0.1882
-0.5673, 0.1803
-0.5601, 0.1728
-0.5529, 0.1655
-0.5455, 0.1586
-0.5384, 0.152
-0.5312, 0.1456
-0.524, 0.1395
-0.5167, 0.1337
-0.5095, 0.128
-0.5023, 0.1228
-0.495, 0.1176
-0.4879, 0.1127
-0.4806, 0.108
-0.4734, 0.1035
-0.4662, 0.0991
-0.459, 0.095
-0.4518, 0.091
-0.4445, 0.0872
-0.4373, 0.0836
-0.4301, 0.0801
-0.4229, 0.0767
-0.4157, 0.0735
-0.4083, 0.0704
-0.4012, 0.0675
-0.394, 0.0647
-0.3868, 0.062
-0.3795, 0.0594
-0.3723, 0.0569
-0.3651, 0.0545
-0.3578, 0.0522
-0.3507, 0.0501
-0.3434, 0.048
3.5558, 0.046
3.5631, 0.044
3.5704, 0.0422
3.5776, 0.0404
-0.3073, 0.0387
-0.3001, 0.0371
-0.3073, 0.0387
-0.3146, 0.0404
-0.3218, 0.0422
-0.329, 0.044
3.5631, 0.044
7.4553, 0.044
7.4481, 0.046
3.5558, 0.046
-0.3362, 0.046
3.5487, 0.048
#DataThief /mnt/offtank/git/n-elec-scattering/data_files/COSINE/fig7T.png Friday 24-Jan-2025 4:54:10 PM
11.0514, 0.2538
11.0442, 0.2649
14.9291, 0.2764
14.9219, 0.2885
14.9146, 0.3011
14.9074, 0.3142
14.9002, 0.3279
14.893, 0.3422
18.7779, 0.3572
22.67, 0.3572
26.5622, 0.3572
30.4543, 0.3572
34.3465, 0.3572
38.2386, 0.3572
42.1236, 0.3728
46.0157, 0.3728
49.9079, 0.3728
53.8, 0.3728
57.6921, 0.3728
61.5843, 0.3728
65.4764, 0.3728
69.3686, 0.3728
73.2607, 0.3728
77.1529, 0.3728
81.0523, 0.3573
84.9444, 0.3573
88.8437, 0.3423
92.7359, 0.3423
96.628, 0.3423
96.6353, 0.328
96.6425, 0.3143
100.5346, 0.3143
104.4268, 0.3143
108.3262, 0.3012
112.2183, 0.3012
116.1177, 0.2886
120.0098, 0.2886
123.9092, 0.2765
127.8013, 0.2765
131.7006, 0.265
135.5929, 0.265
139.4922, 0.2539
143.3844, 0.2539
147.2837, 0.2433
151.1759, 0.2433
155.0753, 0.2331
158.9746, 0.2234
162.8668, 0.2234
166.7661, 0.214
170.6583, 0.214
174.5575, 0.2051
178.457, 0.1965
182.3564, 0.1883
186.2485, 0.1883
190.1479, 0.1804
194.0473, 0.1729
197.9394, 0.1729
201.8388, 0.1656
205.7381, 0.1587
209.6375, 0.1521
213.5369, 0.1457
217.429, 0.1457
221.3284, 0.1396
225.2278, 0.1338
229.1271, 0.1282
233.0265, 0.1228
236.9259, 0.1177
240.8252, 0.1128
244.7246, 0.1081
248.624, 0.1036
252.5232, 0.0992
256.4227, 0.0951
260.3221, 0.0911
264.2142, 0.0911
264.2214, 0.0873
268.1136, 0.0873
268.1208, 0.0836
268.128, 0.0801
272.0274, 0.0768
272.0346, 0.0735
275.934, 0.0705
279.8334, 0.0676
283.7327, 0.0647
283.7399, 0.062
287.6393, 0.0594
291.5387, 0.0569
291.5459, 0.0546
295.4453, 0.0523
299.3446, 0.0501
299.3519, 0.048
303.2511, 0.046
303.2585, 0.0441
307.1578, 0.0422
311.0572, 0.0405
311.0644, 0.0388
314.9638, 0.0372
314.971, 0.0356
318.8704, 0.0341
318.8776, 0.0327
322.777, 0.0313
326.6763, 0.03
326.6835, 0.0288
330.5829, 0.0276
330.5901, 0.0264
334.4895, 0.0253
334.4967, 0.0242
338.3961, 0.0232
338.4033, 0.0223
342.3027, 0.0213
342.3099, 0.0204
346.2093, 0.0196
346.2165, 0.0188
350.1159, 0.018
354.0152, 0.0172
354.0224, 0.0165
357.9218, 0.0158
357.929, 0.0152
361.8284, 0.0145
361.8356, 0.0139
365.7349, 0.0133
369.6343, 0.0128
369.6416, 0.0122
373.5409, 0.0117
377.4403, 0.0112
377.4475, 0.0108
381.3469, 0.0103
385.2463, 9.8838e-3
389.1456, 9.4706e-3
393.045, 9.0746e-3
396.9372, 9.0747e-3
400.8365, 8.6953e-3
404.7359, 8.3318e-3
408.628, 8.3319e-3
412.5202, 8.332e-3
416.4123, 8.3321e-3
420.3045, 8.3321e-3
424.1966, 8.3322e-3
428.0888, 8.3323e-3
431.9809, 8.3324e-3
435.8658, 8.6962e-3
439.758, 8.6963e-3
443.6501, 8.6964e-3
447.5351, 9.0761e-3
451.42, 9.4723e-3
451.4128, 9.8857e-3
455.2977, 0.0103
455.2905, 0.0108
455.2833, 0.0112
459.1682, 0.0117
459.161, 0.0122
463.0531, 0.0122
463.0459, 0.0128
463.0387, 0.0133
463.0314, 0.0139
466.9163, 0.0145
466.9091, 0.0152
470.7941, 0.0158
470.7868, 0.0165
470.7795, 0.0172
474.6646, 0.018
474.6573, 0.0188
478.5423, 0.0196
478.535, 0.0204
478.5278, 0.0213
482.4127, 0.0223
482.4055, 0.0232
486.2904, 0.0242
486.2832, 0.0253
486.276, 0.0264
490.1609, 0.0276
490.1537, 0.0288
494.0386, 0.03
494.0314, 0.0313
497.9163, 0.0327
497.9091, 0.0341
497.9019, 0.0356
497.8947, 0.0372
501.7795, 0.0388
501.7724, 0.0405
505.6644, 0.0405
505.6573, 0.0423
509.5422, 0.0441
513.4272, 0.046
513.4199, 0.048
513.4127, 0.0501
517.3049, 0.0501
521.1898, 0.0523
521.1826, 0.0546
521.1753, 0.057
525.0603, 0.0594
528.9452, 0.0621
532.83, 0.0648
536.7151, 0.0676
540.6072, 0.0676
544.4993, 0.0676
548.3915, 0.0676
552.2764, 0.0706
556.1686, 0.0706
560.0535, 0.0735
563.9456, 0.0735
567.8378, 0.0735
571.7299, 0.0735
575.6221, 0.0735
579.5142, 0.0735
583.4136, 0.0706
587.3057, 0.0706
591.2051, 0.0676
595.0973, 0.0676
598.9966, 0.0648
602.896, 0.0621
606.7953, 0.0594
606.8026, 0.057
610.7019, 0.0546
614.6013, 0.0523
614.6085, 0.0501
618.5079, 0.048
618.5151, 0.046
622.4144, 0.0441
622.4217, 0.0423
626.3211, 0.0405
626.3283, 0.0388
630.2277, 0.0372
630.2349, 0.0356
634.1343, 0.0341
634.1415, 0.0327
638.0408, 0.0313
638.0481, 0.03
638.0553, 0.0288
641.9546, 0.0276
641.9619, 0.0264
645.8612, 0.0253
645.8685, 0.0243
649.7678, 0.0232
649.7751, 0.0223
649.7823, 0.0213
653.6816, 0.0204
653.6888, 0.0196
657.5882, 0.0188
657.5955, 0.018
661.4948, 0.0172
661.502, 0.0165
661.5093, 0.0158
665.4086, 0.0152
665.4159, 0.0145
669.3152, 0.0139
673.2146, 0.0133
673.2218, 0.0128
677.1212, 0.0122
681.0205, 0.0117
684.9199, 0.0112
688.8121, 0.0112
692.7042, 0.0112
692.7114, 0.0108
696.6036, 0.0108
696.5964, 0.0112
700.4813, 0.0117
704.3734, 0.0117
704.3806, 0.0112
700.4885, 0.0112
696.5964, 0.0112
696.5891, 0.0117
700.4741, 0.0122
704.3662, 0.0122
708.2584, 0.0122
708.2511, 0.0128
712.136, 0.0133
712.1288, 0.0139
716.0138, 0.0145
716.0065, 0.0152
715.9992, 0.0158
715.9921, 0.0165
715.9849, 0.0172
715.9777, 0.018
719.8626, 0.0188
719.8554, 0.0196
719.8481, 0.0205
723.733, 0.0213
723.7258, 0.0223
723.7186, 0.0232
723.7114, 0.0243
727.5963, 0.0253
727.5891, 0.0264
727.5819, 0.0276
731.4668, 0.0288
731.4596, 0.03
731.4524, 0.0314
731.4451, 0.0327
735.3301, 0.0342
735.3229, 0.0356
735.3155, 0.0372
735.3084, 0.0388
739.1933, 0.0405
739.1861, 0.0423
739.1789, 0.0441
739.1717, 0.0461
743.0566, 0.0481
743.0493, 0.0502
743.0422, 0.0524
746.9271, 0.0546
746.9199, 0.057
746.9125, 0.0594
746.9054, 0.0621
750.7903, 0.0648
750.7831, 0.0677
750.7759, 0.0706
750.7687, 0.0737
754.6536, 0.0769
754.6463, 0.0803
754.6392, 0.0838
754.6319, 0.0874
758.5169, 0.0912
758.5097, 0.0952
758.5024, 0.0994
762.3874, 0.1037
762.3801, 0.1082
762.3729, 0.113
762.3657, 0.1179
766.2506, 0.123
766.2434, 0.1284
766.2362, 0.134
766.229, 0.1399
770.1139, 0.146
770.1067, 0.1522
770.0994, 0.159
773.9844, 0.1659
773.9771, 0.1732
773.9699, 0.1807
773.9627, 0.1886
777.8476, 0.1968
777.8404, 0.2054
777.8332, 0.2144
781.7181, 0.2238
781.7109, 0.2335
781.7037, 0.2437
785.5886, 0.2544
789.4735, 0.2655
789.4663, 0.2771
789.4591, 0.2891
789.4519, 0.3018
789.4445, 0.3149
793.3296, 0.3287
793.3223, 0.343
793.3151, 0.358
797.2, 0.3736
797.1928, 0.3899
797.1856, 0.407
801.0705, 0.4247
801.0633, 0.4433
804.9482, 0.4626
804.9409, 0.4828
804.9338, 0.5039
808.8258, 0.5039
812.7109, 0.5259
812.7036, 0.5488
812.6964, 0.5728
812.6892, 0.5977
812.682, 0.6239
816.5669, 0.6511
820.4518, 0.6795
820.4445, 0.7092
820.4374, 0.7401
824.3223, 0.7725
828.2072, 0.8062
832.0922, 0.8414
832.0849, 0.878
832.0777, 0.9163
835.9699, 0.9163
839.8548, 0.9564
839.8476, 0.9982
839.8404, 1.0418
843.7325, 1.0418
847.6174, 1.0872
851.5024, 1.1347
851.495, 1.1842
851.4879, 1.2359
855.3728, 1.2899
859.265, 1.2899
863.1499, 1.3462
867.0348, 1.405
870.927, 1.405
874.8119, 1.4663
878.7041, 1.4664
878.6968, 1.5304
882.589, 1.5304
886.4811, 1.5304
890.3733, 1.5304
894.2654, 1.5304
898.1503, 1.5972
902.0352, 1.667
905.9202, 1.7397
909.8123, 1.7398
913.7045, 1.7398
917.5966, 1.7398
921.4888, 1.7398
925.3809, 1.7398
929.2731, 1.7399
933.1652, 1.7399
937.0574, 1.7399
940.9495, 1.7399
944.8417, 1.7399
948.7338, 1.74
952.626, 1.74
956.5181, 1.74
960.4102, 1.74
964.3024, 1.74
968.1945, 1.7401
972.0867, 1.7401
975.9788, 1.7401
979.871, 1.7401
983.7631, 1.7401
987.6553, 1.7402
991.5474, 1.7402
995.4396, 1.7402
999.3317, 1.7402
1003.2239, 1.7402
1007.116, 1.7403
1011.0082, 1.7403
1014.9003, 1.7403
1018.7925, 1.7403
1022.6846, 1.7403
1026.5767, 1.7404
1030.4689, 1.7404
1034.361, 1.7404
1038.2532, 1.7404
1042.1453, 1.7404
1046.0375, 1.7405
1049.9296, 1.7405
1053.8218, 1.7405
1057.721, 1.6677
1061.6133, 1.6677
1065.5053, 1.6678
1069.3976, 1.6678
1073.2897, 1.6678
1077.1819, 1.6678
1081.074, 1.6678
1084.9662, 1.6679
1088.8582, 1.6679
1092.7505, 1.6679
1096.6425, 1.6679
1100.5348, 1.6679
1104.4269, 1.668
1108.3191, 1.668
1112.2112, 1.668
1116.1033, 1.668
1119.9955, 1.668
1123.8876, 1.6681
1127.7798, 1.6681
1131.6719, 1.6681
1135.5641, 1.6681
1139.4562, 1.6681
1143.3556, 1.5984
1147.2477, 1.5984
1151.1399, 1.5984
1155.032, 1.5984
1158.9242, 1.5985
1162.8163, 1.5985
1166.7085, 1.5985
1170.6006, 1.5985
1174.4928, 1.5985
1178.3849, 1.5985
1182.2771, 1.5986
1186.1692, 1.5986
1190.0614, 1.5986
1193.9535, 1.5986
1197.8457, 1.5986
1201.7378, 1.5987
1205.6299, 1.5987
1209.5221, 1.5987
1213.4142, 1.5987
1217.3064, 1.5987
1221.2058, 1.5319
1225.0979, 1.5319
1228.99, 1.5319
1232.8822, 1.5319
1236.7743, 1.532
1240.6665, 1.532
1244.5586, 1.532
1248.4508, 1.532
1252.3429, 1.532
1256.2351, 1.532
1260.1272, 1.5321
1264.0194, 1.5321
1267.9115, 1.5321
1271.8037, 1.5321
1275.6958, 1.5321
1279.588, 1.5322
1283.4801, 1.5322
1287.3721, 1.5322
1291.2644, 1.5322
1295.1565, 1.5322
1299.0487, 1.5322
1302.9481, 1.4682
1306.8401, 1.4682
1310.7324, 1.4682
1314.6245, 1.4682
1318.5166, 1.4682
1322.4088, 1.4683
1326.3009, 1.4683
1330.1931, 1.4683
1334.0852, 1.4683
1337.9774, 1.4683
1341.8695, 1.4683
1345.7617, 1.4684
1349.6538, 1.4684
1353.546, 1.4684
1357.4381, 1.4684
1361.3303, 1.4684
1365.2224, 1.4684
1369.1146, 1.4685
1373.0139, 1.4071
1376.9061, 1.4071
1380.7982, 1.4071
1384.6904, 1.4071
1388.5825, 1.4071
1392.4819, 1.3483
1396.374, 1.3483
1400.2662, 1.3483
1404.1583, 1.3483
1408.0505, 1.3484
1411.9426, 1.3484
1415.8348, 1.3484
1419.7269, 1.3484
1423.6191, 1.3484
1427.5112, 1.3484
1431.4033, 1.3485
1435.2955, 1.3485
1439.1876, 1.3485
1443.0798, 1.3485
1446.9719, 1.3485
1450.8641, 1.3485
1454.7562, 1.3485
1458.6484, 1.3486
1462.5405, 1.3486
1466.4327, 1.3486
1470.3248, 1.3486
1474.217, 1.3486
1478.1091, 1.3486
1482.0013, 1.3487
1485.8934, 1.3487
1489.7854, 1.3487
1493.6777, 1.3487
1497.5626, 1.4076
1501.4548, 1.4076
1505.3469, 1.4076
1509.2391, 1.4076
1513.1384, 1.3488
1517.0306, 1.3488
1520.9299, 1.2924
1524.8221, 1.2924
1528.7142, 1.2924
1532.6064, 1.2924
1536.4985, 1.2925
1540.3907, 1.2925
1544.2828, 1.2925
1548.175, 1.2925
1552.0671, 1.2925
1555.9593, 1.2925
1559.8514, 1.2925
1563.7436, 1.2926
1567.6357, 1.2926
1571.5279, 1.2926
1575.42, 1.2926
1579.3121, 1.2926
1583.2043, 1.2926
1587.1037, 1.2386
1590.9958, 1.2386
1594.888, 1.2386
1598.7801, 1.2386
1602.6722, 1.2387
1606.5644, 1.2387
1610.4565, 1.2387
1614.3487, 1.2387
1618.2408, 1.2387
1622.133, 1.2387
1626.0251, 1.2387
1629.9173, 1.2387
1633.8094, 1.2388
1637.7016, 1.2388
1641.5937, 1.2388
1645.4859, 1.2388
1649.378, 1.2388
1653.2774, 1.187
1657.1695, 1.187
1661.0617, 1.1871
1664.9538, 1.1871
1668.846, 1.1871
1672.7381, 1.1871
1676.6303, 1.1871
1680.5224, 1.1871
1684.4146, 1.1871
1688.3067, 1.1871
1692.1988, 1.1872
1696.091, 1.1872
1699.983, 1.1872
1703.8753, 1.1872
1707.7673, 1.1872
1711.6596, 1.1872
1715.5516, 1.1872
1719.4439, 1.1873
1723.336, 1.1873
1727.2282, 1.1873
1731.1203, 1.1873
1735.0125, 1.1873
1738.9045, 1.1873
1742.7968, 1.1873
1746.6888, 1.1874
1750.581, 1.1874
1754.4732, 1.1874
1758.3653, 1.1874
1762.2575, 1.1874
1766.1496, 1.1874
1770.0418, 1.1874
1773.9339, 1.1874
1777.826, 1.1875
1781.7182, 1.1875
1785.6104, 1.1875
1789.5025, 1.1875
1793.3947, 1.1875
1797.2868, 1.1875
1801.179, 1.1875
1805.0711, 1.1876
1808.9632, 1.1876
1812.8554, 1.1876
1816.7475, 1.1876
1820.6397, 1.1876
1824.5318, 1.1876
1828.424, 1.1876
1832.3161, 1.1877
1836.2083, 1.1877
1840.1004, 1.1877
1843.9926, 1.1877
1847.8847, 1.1877
1851.7769, 1.1877
1855.669, 1.1877
1859.5612, 1.1877
1863.4533, 1.1878
1867.3455, 1.1878
1871.2376, 1.1878
1875.1297, 1.1878
1879.0219, 1.1878
1882.914, 1.1878
1886.8062, 1.1878
1890.6983, 1.1879
1894.5905, 1.1879
1898.4898, 1.1381
1902.382, 1.1381
1906.2741, 1.1381
1910.1663, 1.1381
1914.0584, 1.1383
1917.9506, 1.1383
1921.8427, 1.1383
1925.7349, 1.1383
1929.627, 1.1383
1933.5264, 1.0907
1937.4184, 1.0907
1941.3107, 1.0907
1945.2028, 1.0908
1945.21, 1.0451
1945.2173, 1.0014
1945.2245, 0.9596
1945.2317, 0.9194
1949.1311, 0.881
1949.1383, 0.8441
1949.1455, 0.8088
1949.1527, 0.775
1953.0521, 0.7426
1953.0593, 0.7116
1953.0666, 0.6818
1953.0738, 0.6533
1953.081, 0.626
1953.0882, 0.5998
1953.0954, 0.5747
1956.9876, 0.5747
1956.9948, 0.5507
1960.8942, 0.5276
1960.9014, 0.5056
1960.9085, 0.4844
1960.9158, 0.4642
1964.8152, 0.4447
1964.8224, 0.4262
1964.8296, 0.4083
1964.8369, 0.3913
1968.7362, 0.3749
1968.7435, 0.3592
1968.7507, 0.3442
1968.7579, 0.3298
1968.7651, 0.316
1972.6644, 0.3028
1972.6717, 0.2901
1972.6789, 0.278
1972.6862, 0.2664
1972.6934, 0.2551
1972.7006, 0.2446
1976.6, 0.2343
1976.6072, 0.2245
1976.6143, 0.2152
1976.6216, 0.2062
1976.6288, 0.1975
1976.636, 0.1893
1976.6433, 0.1814
1976.6505, 0.1738
1976.6577, 0.1665
1980.5571, 0.1595
1980.5643, 0.1529
1980.5715, 0.1465
1980.5788, 0.1404
1980.5859, 0.1345
1980.5932, 0.1289
1980.6004, 0.1235
1980.6076, 0.1183
1980.6149, 0.1134
1980.6221, 0.1086
1980.6293, 0.1041
1980.6364, 0.0997
1980.6438, 0.0956
1984.5431, 0.0916
1984.5503, 0.0877
1984.5575, 0.0841
1984.5648, 0.0805
1984.572, 0.0772
1984.5792, 0.074
1984.5864, 0.0709
1984.5937, 0.0679
1984.6009, 0.0651
1984.608, 0.0623
1984.6153, 0.0597
1984.6225, 0.0572
1984.6298, 0.0548
1988.5291, 0.0525
1988.5364, 0.0503
1988.5436, 0.0482
1988.5508, 0.0462
1988.558, 0.0443
1988.5652, 0.0424
1988.5725, 0.0407
1988.5796, 0.039
1988.5869, 0.0373
1988.5941, 0.0358
1992.4863, 0.0358
1992.4935, 0.0343
1992.5007, 0.0328
1992.5079, 0.0315
1992.5152, 0.0302
1992.5224, 0.0289
1992.5295, 0.0277
1992.5368, 0.0265
1992.544, 0.0254
1992.5513, 0.0244
1992.5585, 0.0233
1992.5657, 0.0224
1992.5729, 0.0214
1992.58, 0.0205
1992.5874, 0.0197
1992.5946, 0.0188
1992.6018, 0.0181
1992.609, 0.0173
1992.6162, 0.0166
1992.6235, 0.0159
1992.6307, 0.0152
1992.6379, 0.0146
1992.6451, 0.014
1992.6524, 0.0134
1992.6596, 0.0128
1996.5589, 0.0123
1996.5662, 0.0118
1996.5734, 0.0113
1996.5806, 0.0108
1996.5878, 0.0104
2000.4872, 9.9307e-3
2000.4944, 9.5154e-3
2000.5016, 9.1175e-3
#DataThief /mnt/offtank/git/n-elec-scattering/data_files/COSINE/fig7T.png Friday 24-Jan-2025 4:55:14 PM
2015.8464, 0.0343
2015.8392, 0.0358
2015.8319, 0.0373
2015.8247, 0.039
2015.8175, 0.0407
2015.8103, 0.0424
2015.8031, 0.0443
2015.7957, 0.0462
2015.7886, 0.0482
2015.7814, 0.0504
2015.7742, 0.0525
2015.7669, 0.0548
2015.7597, 0.0572
2015.7525, 0.0597
2015.7452, 0.0623
2015.7381, 0.0651
2019.623, 0.0679
2019.6158, 0.0709
2019.6085, 0.074
2019.6013, 0.0772
2019.5941, 0.0806
2019.5869, 0.0841
2019.5796, 0.0877
2019.5724, 0.0916
2023.4574, 0.0956
2023.4501, 0.0997
2023.4429, 0.1041
2027.3277, 0.1086
2027.3206, 0.1134
2027.3134, 0.1183
2027.3062, 0.1235
2027.299, 0.1289
2027.2917, 0.1345
2027.2845, 0.1404
2027.2772, 0.1465
2027.2701, 0.1529
2031.1694, 0.1465
2031.1767, 0.1404
2027.2845, 0.1404
2023.3852, 0.1465
2023.3924, 0.1404
2023.3996, 0.1345
2027.2917, 0.1345
2031.1839, 0.1345
2031.1911, 0.1289
2031.1983, 0.1235
2031.2056, 0.1183
2031.2128, 0.1134
2031.22, 0.1086
2031.2272, 0.1041
2031.2344, 0.0997
2031.2417, 0.0956
2031.2489, 0.0916
2031.2561, 0.0877
2031.2633, 0.0841
2035.1627, 0.0806
2035.1699, 0.0772
2035.1771, 0.074
2035.1844, 0.0709
2035.1916, 0.0679
2035.1988, 0.0651
2035.206, 0.0623
2035.2132, 0.0597
2035.2205, 0.0572
2035.2277, 0.0548
2035.2349, 0.0526
2035.2421, 0.0504
2035.2493, 0.0482
2035.2566, 0.0462
2035.2638, 0.0443
2035.271, 0.0424
2035.2782, 0.0407
2035.2854, 0.039
2035.2927, 0.0373
2035.2999, 0.0358
2039.1993, 0.0343
2039.2065, 0.0328
2039.2137, 0.0315
2039.2209, 0.0302
2039.2281, 0.0289
2039.2354, 0.0277
2039.2426, 0.0265
2013.9436, 0.0265
2014.0195, 0.0169
2012.1492, 0.0108
2008.3365, 6.7611e-3
2008.3942, 4.8039e-3
#DataThief /mnt/offtank/git/n-elec-scattering/data_files/COSINE/fig7T.png Friday 24-Jan-2025 4:56:00 PM
2043.1708, 0.0214
2039.2859, 0.0205
2039.2931, 0.0197
2039.3004, 0.0189
2039.3075, 0.0181
2039.3148, 0.0173
2039.322, 0.0166
2039.3292, 0.0159
2039.3365, 0.0152
2043.2358, 0.0146
2043.2429, 0.014
2043.2503, 0.0134
2043.2575, 0.0128
2043.2647, 0.0123
2043.2719, 0.0118
2043.2792, 0.0113
2043.2864, 0.0108
2043.2936, 0.0104
2043.3008, 9.932e-3
2043.308, 9.5166e-3
2043.3153, 9.1186e-3
2043.3225, 8.7373e-3
2043.3296, 8.3719e-3
2043.3369, 8.0218e-3
2043.3441, 7.6863e-3
2043.3514, 7.3649e-3
2043.3586, 7.0569e-3
2043.3658, 6.7618e-3
2043.373, 6.479e-3
2043.3801, 6.208e-3
2047.2796, 5.9485e-3
2047.2868, 5.6997e-3
2047.2941, 5.4613e-3
2047.3013, 5.233e-3
2047.3085, 5.0141e-3
2047.3157, 4.8044e-3
2047.3229, 4.6035e-3
2047.3302, 4.411e-3
2047.3374, 4.2265e-3
2047.3446, 4.0498e-3
2047.3518, 3.8804e-3
2047.359, 3.7181e-3
2047.3663, 3.5626e-3
2047.3735, 3.4136e-3
2047.3807, 3.2709e-3
2047.3879, 3.1341e-3
2047.3952, 3.003e-3
2047.4024, 2.8774e-3
2051.3017, 2.7571e-3
2051.309, 2.6418e-3
2051.3162, 2.5314e-3
2051.3234, 2.4255e-3
2051.3306, 2.3241e-3
2055.23, 2.2269e-3
2055.2372, 2.1338e-3
2059.1294, 2.1338e-3
2063.0287, 2.0446e-3
2066.9209, 2.0446e-3
2070.8202, 1.9591e-3
2074.7124, 1.9591e-3
2078.6045, 1.9592e-3
2082.4967, 1.9592e-3
2082.4895, 2.0447e-3
2086.3744, 2.134e-3
2086.3672, 2.2271e-3
2086.3599, 2.3243e-3
2086.3527, 2.4257e-3
2086.3455, 2.5316e-3
2086.3383, 2.6421e-3
2090.2232, 2.7575e-3
2090.216, 2.8778e-3
2090.2088, 3.0034e-3
2090.2015, 3.1345e-3
2090.1943, 3.2713e-3
2090.1871, 3.4141e-3
2090.1799, 3.5631e-3
2090.1727, 3.7186e-3
2090.1654, 3.8809e-3
2094.0504, 4.0503e-3
2094.0431, 4.2271e-3
2094.0359, 4.4116e-3
2094.0287, 4.6041e-3
2094.0215, 4.8051e-3
2094.0143, 5.0148e-3
2094.007, 5.2337e-3
2097.892, 5.4622e-3
2097.8847, 5.7006e-3
2097.8775, 5.9494e-3
2097.8702, 6.209e-3
2097.8631, 6.48e-3
2101.748, 6.7629e-3
2105.6402, 6.763e-3
2105.6474, 6.4802e-3
2101.7551, 6.4801e-3
2105.6545, 6.2092e-3
2101.7624, 6.2091e-3
2105.6618, 5.9495e-3
2109.554, 5.9496e-3
2109.5612, 5.7008e-3
2109.5684, 5.4623e-3
2109.5756, 5.2339e-3
2109.5828, 5.015e-3
2113.4822, 4.8054e-3
2113.4894, 4.6044e-3
2113.4967, 4.4118e-3
2113.5039, 4.2273e-3
2113.511, 4.0506e-3
2113.5183, 3.8812e-3
2113.5255, 3.7188e-3
2113.5328, 3.5633e-3
2113.54, 3.4143e-3
2113.5472, 3.2715e-3
2113.5544, 3.1347e-3
2117.4538, 3.0036e-3
2117.461, 2.878e-3
2117.4682, 2.7577e-3
2117.4755, 2.6424e-3
2117.4827, 2.5318e-3
2117.4899, 2.426e-3
2117.4971, 2.3245e-3
2117.5043, 2.2273e-3
2117.5116, 2.1342e-3
2121.4109, 2.0449e-3
2121.4182, 1.9594e-3
2121.4254, 1.8775e-3
2121.4325, 1.799e-3
2121.4398, 1.7237e-3
2121.447, 1.6516e-3
2125.3464, 1.5826e-3
2125.3536, 1.5164e-3
2125.3608, 1.453e-3
2125.3681, 1.3922e-3
2129.2674, 1.334e-3
2129.2747, 1.2782e-3
2133.174, 1.2248e-3
2137.0734, 1.1736e-3
2140.9727, 1.1245e-3
2144.8721, 1.0775e-3
2148.7715, 1.0324e-3
2152.6709, 9.8928e-4
2156.5702, 9.4792e-4
2160.4696, 9.0829e-4
2164.369, 8.7031e-4
2168.2683, 8.3393e-4
2172.1677, 7.9906e-4
2176.0671, 7.6565e-4
2179.9664, 7.3364e-4
2183.8658, 7.0297e-4
2187.758, 7.0298e-4
2191.6501, 7.0298e-4
2191.6573, 6.7359e-4
2195.5495, 6.7359e-4
2199.4487, 6.4543e-4
2203.3482, 6.1845e-4
2207.2476, 5.9259e-4
2211.1469, 5.6781e-4
2215.0463, 5.4407e-4
2218.9457, 5.2133e-4
2218.9529, 4.9953e-4
2218.9601, 4.7864e-4
2222.8523, 4.7864e-4
2222.8595, 4.5862e-4
2226.7516, 4.5863e-4
2230.651, 4.3945e-4
2234.5504, 4.2108e-4
2238.4425, 4.2109e-4
2242.3418, 4.0348e-4
2242.3491, 3.8661e-4
2246.2412, 3.8661e-4
2250.1334, 3.8662e-4
2254.0255, 3.8662e-4
2257.9249, 3.7046e-4
2261.8171, 3.7046e-4
2265.7092, 3.7046e-4
2269.6014, 3.7047e-4
2273.4863, 3.8664e-4
2277.3784, 3.8665e-4
2281.2706, 3.8665e-4
2285.1555, 4.0353e-4
2289.0476, 4.0354e-4
2292.9325, 4.2115e-4
2296.8247, 4.2116e-4
2300.7096, 4.3954e-4
2304.6018, 4.3955e-4
2308.4867, 4.5874e-4
2312.3789, 4.5874e-4
2316.2638, 4.7877e-4
2320.1559, 4.7878e-4
2324.0481, 4.7878e-4
2327.933, 4.9968e-4
2331.8252, 4.9969e-4
2335.7173, 4.997e-4
2339.6021, 5.2151e-4
2343.4944, 5.2152e-4
2347.3865, 5.2152e-4
2351.2787, 5.2153e-4
2355.1636, 5.443e-4
2359.0557, 5.443e-4
2362.9479, 5.4431e-4
2366.8399, 5.4432e-4
2370.7322, 5.4432e-4
2374.6242, 5.4433e-4
2378.5165, 5.4434e-4
2382.4086, 5.4434e-4
2386.3008, 5.4435e-4
2390.1857, 5.6811e-4
2394.0778, 5.6812e-4
2397.97, 5.6813e-4
2401.862, 5.6813e-4
2405.7471, 5.9293e-4
2409.6392, 5.9294e-4
2413.5241, 6.1883e-4
2417.4163, 6.1883e-4
2421.3012, 6.4585e-4
2425.1861, 6.7405e-4
2429.0783, 6.7405e-4
2432.9704, 6.7406e-4
2432.9632, 7.0348e-4
2436.8481, 7.3419e-4
2440.7403, 7.342e-4
2440.733, 7.6625e-4
2444.6252, 7.6626e-4
2448.5173, 7.6626e-4
2452.4095, 7.6627e-4
2456.2944, 7.9973e-4
2460.1865, 7.9974e-4
2464.0715, 8.3465e-4
2467.9564, 8.7109e-4
2471.8486, 8.711e-4
2475.7407, 8.7111e-4
2479.6256, 9.0914e-4
2483.5178, 9.0915e-4
2487.4099, 9.0916e-4
2491.2949, 9.4885e-4
2495.187, 9.4886e-4
2499.0792, 9.4887e-4
2502.9713, 9.4888e-4
2506.8634, 9.4889e-4
2510.7484, 9.9032e-4
2514.6404, 9.9033e-4
2518.5253, 1.0336e-3
2518.5182, 1.0787e-3
2522.4031, 1.1258e-3
2522.3959, 1.1749e-3
2522.3887, 1.2262e-3
2522.3815, 1.2797e-3
2526.2664, 1.3356e-3
2526.2591, 1.3939e-3
2526.252, 1.4547e-3
2526.2447, 1.5182e-3
2526.2375, 1.5844e-3
2526.2303, 1.6536e-3
2530.1152, 1.7258e-3
2530.108, 1.8011e-3
2530.1008, 1.8797e-3
2530.0936, 1.9618e-3
2530.0863, 2.0474e-3
2530.0791, 2.1367e-3
2533.9641, 2.23e-3
2533.9567, 2.3274e-3
2533.9496, 2.4289e-3
2533.9424, 2.5349e-3
2533.9352, 2.6456e-3
2533.9279, 2.761e-3
2533.9207, 2.8816e-3
2533.9135, 3.0073e-3
2537.7984, 3.1386e-3
2537.7912, 3.2756e-3
2537.784, 3.4186e-3
2537.7768, 3.5678e-3
2537.7694, 3.7235e-3
2537.7623, 3.886e-3
2541.6472, 4.0556e-3
2541.64, 4.2326e-3
2541.6328, 4.4174e-3
2541.6256, 4.6102e-3
2541.6183, 4.8114e-3
2541.6111, 5.0214e-3
2541.6038, 5.2405e-3
2541.5967, 5.4693e-3
2545.4888, 5.4693e-3
2545.4816, 5.708e-3
2545.4744, 5.9572e-3
2545.4672, 6.2172e-3
2545.46, 6.4885e-3
2545.4527, 6.7717e-3
2545.4455, 7.0673e-3
2549.3304, 7.3758e-3
2549.3232, 7.6977e-3
2549.316, 8.0337e-3
2549.3088, 8.3843e-3
2549.3016, 8.7503e-3
2549.2943, 9.1322e-3
2553.1793, 9.5308e-3
2553.172, 9.9468e-3
2553.1648, 0.0104
2553.1576, 0.0108
2557.0425, 0.0113
2557.0352, 0.0118
2557.0281, 0.0123
2560.913, 0.0129
2560.9058, 0.0134
2564.7979, 0.0134
2568.6901, 0.0134
2572.5895, 0.0129
2568.6973, 0.0129
2564.8052, 0.0129
2568.6973, 0.0129
2572.5967, 0.0123
2576.496, 0.0118
2576.5032, 0.0113
2572.6038, 0.0118
2572.6111, 0.0113
2576.5105, 0.0108
2580.4099, 0.0104
2580.4171, 9.9476e-3
2580.4243, 9.5316e-3
2580.4315, 9.133e-3
2580.4386, 8.7511e-3
2580.446, 8.3851e-3
2584.3453, 8.0345e-3
2584.3525, 7.6985e-3
2584.3598, 7.3766e-3
2584.367, 7.0681e-3
2584.3742, 6.7725e-3
2584.3814, 6.4893e-3
2588.2808, 6.218e-3
2588.288, 5.9579e-3
2588.2952, 5.7088e-3
2588.3025, 5.47e-3
2588.3096, 5.2413e-3
2588.3169, 5.0221e-3
2588.3241, 4.8121e-3
2592.2235, 4.6109e-3
2592.2307, 4.418e-3
2592.2379, 4.2333e-3
2592.2452, 4.0562e-3
2592.2524, 3.8866e-3
2592.2596, 3.7241e-3
2592.2668, 3.5683e-3
2596.1662, 3.4191e-3
2596.1734, 3.2762e-3
2596.1806, 3.1391e-3
2596.1879, 3.0079e-3
2596.1951, 2.8821e-3
2596.2023, 2.7615e-3
2596.2095, 2.6461e-3
2596.2167, 2.5354e-3
2600.1161, 2.4294e-3
2600.1233, 2.3278e-3
2600.1305, 2.2305e-3
2600.1378, 2.1372e-3
2600.145, 2.0478e-3
2600.1522, 1.9622e-3
2600.1594, 1.8801e-3
2604.0588, 1.8015e-3
2604.066, 1.7262e-3
2604.0732, 1.654e-3
2604.0805, 1.5848e-3
2604.0877, 1.5185e-3
2604.0949, 1.455e-3
2607.9943, 1.3942e-3
2608.0015, 1.3359e-3
2608.0087, 1.28e-3
2608.0159, 1.2265e-3
2608.0232, 1.1752e-3
2608.0304, 1.126e-3
2611.9297, 1.079e-3
2611.937, 1.0338e-3
2611.9442, 9.9061e-4
2615.8436, 9.492e-4
2615.8508, 9.095e-4
2619.7501, 8.7148e-4
2623.6495, 8.3504e-4
2627.5417, 8.3505e-4
2631.441, 8.0014e-4
2635.3332, 8.0015e-4
2639.2253, 8.0016e-4
2643.1247, 7.667e-4
2647.0168, 7.6671e-4
2650.909, 7.6672e-4
2654.8083, 7.3466e-4
2658.7005, 7.3467e-4
2662.5926, 7.3468e-4
2666.4848, 7.3469e-4
2670.3841, 7.0397e-4
2674.2763, 7.0398e-4
2678.1685, 7.0399e-4
2682.0678, 6.7455e-4
2685.96, 6.7456e-4
2689.8521, 6.7457e-4
2693.7515, 6.4637e-4
2697.6436, 6.4637e-4
2701.5358, 6.4638e-4
2705.4351, 6.1936e-4
2709.3273, 6.1936e-4
2713.2194, 6.1937e-4
2717.1116, 6.1938e-4
2721.0037, 6.1939e-4
2724.9031, 5.9349e-4
2728.7952, 5.935e-4
2732.6874, 5.935e-4
2736.5795, 5.9351e-4
2740.4717, 5.9352e-4
2744.3638, 5.9352e-4
2748.256, 5.9353e-4
2752.1481, 5.9354e-4
2756.0475, 5.6872e-4
2759.9396, 5.6873e-4
2763.8317, 5.6873e-4
2767.7239, 5.6874e-4
2771.616, 5.6875e-4
2775.5082, 5.6875e-4
2779.4003, 5.6876e-4
2783.2925, 5.6877e-4
2787.1847, 5.6877e-4
2791.0768, 5.6878e-4
2794.9689, 5.6879e-4
2798.8611, 5.6879e-4
2802.7532, 5.688e-4
2806.6454, 5.6881e-4
2810.5375, 5.6881e-4
2814.4297, 5.6882e-4
2818.3218, 5.6883e-4
2822.214, 5.6883e-4
2826.1061, 5.6884e-4
2829.991, 5.9367e-4
2833.8832, 5.9368e-4
2837.7681, 6.196e-4
2841.6531, 6.4665e-4
2845.538, 6.7488e-4
2849.4229, 7.0434e-4
2853.3078, 7.3509e-4
2853.3006, 7.6717e-4
2857.1855, 8.0067e-4
2861.0705, 8.3562e-4
2864.9554, 8.721e-4
2864.9482, 9.1017e-4
2868.8331, 9.499e-4
2872.718, 9.9137e-4
2876.6029, 1.0347e-3
2876.5957, 1.0798e-3
2880.4879, 1.0798e-3
2880.4807, 1.1269e-3
2884.3656, 1.1761e-3
2888.2505, 1.2275e-3
2892.1354, 1.2811e-3
2896.0276, 1.2811e-3
2899.9125, 1.337e-3
2903.7974, 1.3954e-3
2907.6896, 1.3954e-3
2911.5817, 1.3954e-3
2915.4739, 1.3954e-3
2919.3588, 1.4564e-3
2923.2509, 1.4564e-3
2927.1359, 1.52e-3
2931.028, 1.52e-3
2934.9129, 1.5863e-3
2938.8051, 1.5864e-3
2942.69, 1.6556e-3
2946.5822, 1.6556e-3
2950.4743, 1.6557e-3
2954.3592, 1.7279e-3
2958.2514, 1.728e-3
2962.1363, 1.8034e-3
2966.0285, 1.8034e-3
2969.9205, 1.8034e-3
2973.8054, 1.8822e-3
2977.6977, 1.8822e-3
2981.5897, 1.8822e-3
2985.4747, 1.9644e-3
2989.3669, 1.9644e-3
2993.259, 1.9644e-3
2997.144, 2.0502e-3
3001.0361, 2.0502e-3
3004.9283, 2.0502e-3
3008.8204, 2.0503e-3
3012.7126, 2.0503e-3
3016.5975, 2.1398e-3
3020.4896, 2.1398e-3
3024.3818, 2.1398e-3
3028.2739, 2.1399e-3
3032.1661, 2.1399e-3
3036.0582, 2.1399e-3
3039.9504, 2.1399e-3
3043.8497, 2.0505e-3
3047.7419, 2.0505e-3
3051.634, 2.0505e-3
3055.5262, 2.0505e-3
3059.4183, 2.0506e-3
3063.3105, 2.0506e-3
3067.2026, 2.0506e-3
3071.0948, 2.0506e-3
3074.9941, 1.9649e-3
3078.8862, 1.9649e-3
3082.7784, 1.9649e-3
3086.6705, 1.965e-3
3090.5627, 1.965e-3
3094.4549, 1.965e-3
3098.347, 1.965e-3
3102.2391, 1.9651e-3
3106.1241, 2.0508e-3
3110.0162, 2.0509e-3
3113.9011, 2.1404e-3
3117.7861, 2.2338e-3
3117.7789, 2.3313e-3
3121.6638, 2.4331e-3
3125.5487, 2.5393e-3
3125.5415, 2.6502e-3
3129.4264, 2.7659e-3
3129.4192, 2.8866e-3
3133.3041, 3.0126e-3
3133.2969, 3.1441e-3
3133.2897, 3.2813e-3
3133.2824, 3.4245e-3
3137.1674, 3.574e-3
3137.1602, 3.73e-3
3141.0451, 3.8929e-3
3141.0379, 4.0628e-3
3144.9228, 4.2401e-3
3144.9156, 4.4252e-3
3148.8005, 4.6184e-3
3148.7933, 4.82e-3
3152.6782, 5.0304e-3
3156.5631, 5.25e-3
3156.5558, 5.4791e-3
3160.4408, 5.7183e-3
3164.3258, 5.968e-3
3164.3185, 6.2285e-3
3168.2035, 6.5004e-3
3172.0884, 6.7842e-3
3175.9733, 7.0803e-3
3179.8582, 7.3895e-3
3183.7504, 7.3895e-3
3187.6353, 7.7121e-3
3191.5274, 7.7122e-3
3195.4123, 8.0489e-3
3199.3045, 8.049e-3
3203.1967, 8.0491e-3
3207.0888, 8.0492e-3
3210.9809, 8.0493e-3
3214.8731, 8.0494e-3
3218.758, 8.4008e-3
3222.6502, 8.4009e-3
3226.5423, 8.401e-3
3230.4344, 8.4011e-3
3234.3266, 8.4012e-3
3238.2187, 8.4013e-3
3242.1181, 8.05e-3
3246.0103, 8.0501e-3
3249.9024, 8.0502e-3
3253.7946, 8.0503e-3
3257.6939, 7.7137e-3
3261.5861, 7.7138e-3
3265.4782, 7.7139e-3
3269.3776, 7.3914e-3
3273.2698, 7.3915e-3
3277.1691, 7.0824e-3
3281.0613, 7.0825e-3
3284.9606, 6.7864e-3
3288.8528, 6.7865e-3
3292.7522, 6.5028e-3
3296.6442, 6.5028e-3
3300.5436, 6.231e-3
3304.443, 5.9704e-3
3308.3424, 5.7208e-3
3312.2418, 5.4816e-3
3316.1411, 5.2525e-3
3320.0405, 5.0329e-3
#DataThief /mnt/offtank/git/n-elec-scattering/data_files/COSINE/fig7T.png Friday 24-Jan-2025 4:56:19 PM
3339.5229, 4.4277e-3
3339.5301, 4.2426e-3
3339.5373, 4.0651e-3
3339.5446, 3.8951e-3
3343.4439, 3.7323e-3
3347.3433, 3.5762e-3
3347.3505, 3.4267e-3
3351.2499, 3.2834e-3
3355.1493, 3.1461e-3
3359.0486, 3.0146e-3
3359.0558, 2.8885e-3
3362.9552, 2.7678e-3
3362.9624, 2.652e-3
3366.8618, 2.5411e-3
3366.869, 2.4349e-3
3370.7684, 2.3331e-3
3374.6678, 2.2355e-3
3374.675, 2.142e-3
3378.5744, 2.0525e-3
3378.5816, 1.9666e-3
3378.5888, 1.8844e-3
3382.4882, 1.8056e-3
3382.4954, 1.7301e-3
3386.3948, 1.6578e-3
3386.402, 1.5884e-3
3390.3013, 1.522e-3
3390.3086, 1.4584e-3
3394.2079, 1.3974e-3
3394.2151, 1.339e-3
3394.2224, 1.283e-3
3398.1217, 1.2293e-3
3398.129, 1.1779e-3
3398.1362, 1.1287e-3
3402.0355, 1.0815e-3
3402.0428, 1.0362e-3
3402.05, 9.9291e-4
3405.9494, 9.514e-4
3405.9566, 9.1161e-4
3405.9638, 8.7349e-4
3409.8632, 8.3697e-4
3409.8704, 8.0197e-4
3413.7698, 7.6844e-4
3413.777, 7.363e-4
#DataThief /mnt/offtank/git/n-elec-scattering/data_files/COSINE/fig7T.png Friday 24-Jan-2025 4:56:31 PM
3417.698, 6.2065e-4
3417.7052, 5.947e-4
3417.7125, 5.6983e-4
3421.6118, 5.46e-4
3421.619, 5.2317e-4
3421.6263, 5.0129e-4
3421.6335, 4.8033e-4
3425.5329, 4.6024e-4
3425.5401, 4.41e-4
3425.5473, 4.2255e-4
3425.5545, 4.0488e-4
3429.4539, 3.8796e-4
3429.4611, 3.7173e-4
3429.4683, 3.5619e-4
3429.4755, 3.4129e-4
3429.4828, 3.2702e-4
3433.382, 3.1334e-4
3433.3894, 3.0024e-4
3433.3966, 2.8768e-4
3433.4038, 2.7565e-4
3437.3032, 2.6413e-4
3437.3104, 2.5308e-4
3437.3176, 2.425e-4
3437.3248, 2.3236e-4
3437.332, 2.2264e-4
3441.2314, 2.1333e-4
3441.2386, 2.0441e-4
3441.2459, 1.9586e-4
3441.253, 1.8767e-4
3441.2603, 1.7982e-4
3445.1597, 1.723e-4
3445.1669, 1.651e-4
3445.1741, 1.5819e-4
3445.1813, 1.5158e-4
3445.1886, 1.4524e-4
3445.1958, 1.3917e-4
3449.0951, 1.3335e-4
3449.1024, 1.2777e-4
3449.1096, 1.2243e-4
3449.1168, 1.1731e-4
3449.124, 1.124e-4
3449.1312, 1.077e-4
3453.0306, 1.032e-4
3453.0378, 9.8883e-5
3453.0451, 9.4747e-5
3453.0523, 9.0785e-5
3453.0594, 8.6988e-5
3456.9588, 8.3351e-5
3456.9661, 7.9866e-5
3456.9733, 7.6526e-5
3456.9805, 7.3325e-5
3456.9878, 7.0259e-5
3456.995, 6.7321e-5
3457.0022, 6.4505e-5
3460.9016, 6.1808e-5
3460.9088, 5.9224e-5
3460.916, 5.6747e-5
3460.9232, 5.4374e-5
3460.9304, 5.21e-5
#DataThief /mnt/offtank/git/n-elec-scattering/data_files/COSINE/fig7T.png Friday 24-Jan-2025 4:56:46 PM
3417.698, 6.2065e-4
3417.7052, 5.947e-4
3417.7125, 5.6983e-4
3421.6118, 5.46e-4
3421.619, 5.2317e-4
3421.6263, 5.0129e-4
3421.6335, 4.8033e-4
3425.5329, 4.6024e-4
3425.5401, 4.41e-4
3425.5473, 4.2255e-4
3425.5545, 4.0488e-4
3429.4539, 3.8796e-4
3429.4611, 3.7173e-4
3429.4683, 3.5619e-4
3429.4755, 3.4129e-4
3429.4828, 3.2702e-4
3433.382, 3.1334e-4
3433.3894, 3.0024e-4
3433.3966, 2.8768e-4
3433.4038, 2.7565e-4
3437.3032, 2.6413e-4
3437.3104, 2.5308e-4
3437.3176, 2.425e-4
3437.3248, 2.3236e-4
3437.332, 2.2264e-4
3441.2314, 2.1333e-4
3441.2386, 2.0441e-4
3441.2459, 1.9586e-4
3441.253, 1.8767e-4
3441.2603, 1.7982e-4
3445.1597, 1.723e-4
3445.1669, 1.651e-4
3445.1741, 1.5819e-4
3445.1813, 1.5158e-4
3445.1886, 1.4524e-4
3445.1958, 1.3917e-4
3449.0951, 1.3335e-4
3449.1024, 1.2777e-4
3449.1096, 1.2243e-4
3449.1168, 1.1731e-4
3449.124, 1.124e-4
3449.1312, 1.077e-4
3453.0306, 1.032e-4
3453.0378, 9.8883e-5
3453.0451, 9.4747e-5
3453.0523, 9.0785e-5
3453.0594, 8.6988e-5
3456.9588, 8.3351e-5
3456.9661, 7.9866e-5
3456.9733, 7.6526e-5
3456.9805, 7.3325e-5
3456.9878, 7.0259e-5
3456.995, 6.7321e-5
3457.0022, 6.4505e-5
3460.9016, 6.1808e-5
3460.9088, 5.9224e-5
3460.916, 5.6747e-5
3460.9232, 5.4374e-5
3460.9304, 5.21e-5
