-0.9139, 1.4014
#DataThief /mnt/offtank/git/n-elec-scattering/data_files/COSINE/fig7T.png Friday 24-Jan-2025 5:09:09 PM
2.9638, 1.5264
2.971, 1.4626
6.8487, 1.5931
10.6614, 2.5487
10.6686, 2.4421
10.6759, 2.34
10.6831, 2.2421
10.6903, 2.1484
10.6975, 2.0585
10.7048, 1.9724
10.712, 1.89
10.7409, 1.5931
14.5103, 3.2934
14.5175, 3.1557
14.5247, 3.0237
14.5319, 2.8972
14.5391, 2.7761
14.5464, 2.66
14.6114, 1.8109
14.6186, 1.7351
14.6258, 1.6625
14.633, 1.5931
18.3952, 3.4372
22.2873, 3.4372
26.1795, 3.4372
30.0716, 3.4373
33.9638, 3.4373
37.8487, 3.5874
41.7408, 3.5874
45.633, 3.5875
49.5251, 3.5875
53.4173, 3.5876
57.3094, 3.5876
61.2088, 3.4376
65.1082, 3.2939
69.0075, 3.1562
72.9069, 3.0242
76.7991, 3.0242
80.6984, 2.8978
84.5906, 2.8978
88.4827, 2.8979
92.382, 2.7767
96.2742, 2.7767
100.1663, 2.7768
104.0585, 2.7768
107.9579, 2.6606
111.85, 2.6606
115.7422, 2.6608
119.6343, 2.6608
123.5265, 2.6608
127.4186, 2.6609
131.3108, 2.6609
135.2029, 2.6609
139.1023, 2.5497
142.9944, 2.5497
146.8866, 2.5497
150.7787, 2.5497
154.6709, 2.5497
158.563, 2.5497
162.4552, 2.5497
166.3545, 2.4432
170.2467, 2.4433
174.1388, 2.4433
178.031, 2.4433
181.9231, 2.4434
185.8153, 2.4434
189.7074, 2.4434
193.5996, 2.4434
197.4917, 2.4435
201.3839, 2.4435
205.276, 2.4435
209.1681, 2.4435
213.0675, 2.3414
216.9597, 2.3414
220.8518, 2.3414
224.744, 2.3415
228.636, 2.3415
232.5283, 2.3415
236.4203, 2.3415
240.3125, 2.3416
244.2119, 2.2437
248.1041, 2.2437
251.9962, 2.2437
255.8883, 2.2437
259.7805, 2.2438
263.6726, 2.2438
267.572, 2.15
271.4642, 2.15
275.3563, 2.15
279.2557, 2.0601
283.1478, 2.0602
287.04, 2.0602
290.9393, 1.9741
294.8315, 1.9741
298.7236, 1.9741
302.6158, 1.9741
306.5151, 1.8916
310.4073, 1.8916
314.2993, 1.8916
318.1916, 1.8917
322.0836, 1.8917
325.9759, 1.8917
329.8752, 1.8126
333.7673, 1.8126
337.6595, 1.8127
341.5516, 1.8127
345.4438, 1.8127
349.3432, 1.7368
353.2353, 1.7368
357.1275, 1.7368
361.0196, 1.737
364.9118, 1.737
368.8112, 1.6644
372.7033, 1.6644
376.5955, 1.6644
380.4876, 1.6644
384.387, 1.5948
388.2791, 1.5949
392.1713, 1.5949
396.0634, 1.5949
399.9556, 1.5949
403.8477, 1.5949
407.7471, 1.5282
411.6392, 1.5283
415.5314, 1.5283
419.4235, 1.5283
423.3157, 1.5283
427.2078, 1.5283
431.0999, 1.5283
434.9992, 1.4644
438.8915, 1.4645
442.7835, 1.4645
446.6758, 1.4645
450.5678, 1.4645
454.4601, 1.4645
458.3522, 1.4645
462.2443, 1.4646
466.1437, 1.4033
470.0359, 1.4033
473.928, 1.4034
477.8202, 1.4034
481.7123, 1.4034
485.6044, 1.4034
489.4966, 1.4034
493.3887, 1.4034
497.2809, 1.4035
501.173, 1.4035
505.0652, 1.4035
508.9573, 1.4035
512.8495, 1.4035
516.7416, 1.4035
520.6338, 1.4036
524.5259, 1.4036
528.4181, 1.4036
532.3102, 1.4036
536.2024, 1.4036
540.0945, 1.4036
543.9866, 1.4037
547.8788, 1.4037
551.7709, 1.4037
555.6631, 1.4037
559.5552, 1.4037
563.4474, 1.4037
567.3395, 1.4037
571.2389, 1.3451
575.131, 1.3451
579.0232, 1.3451
582.9153, 1.3451
586.8075, 1.3451
590.6996, 1.3451
594.5918, 1.3452
598.491, 1.2889
602.3833, 1.2889
606.2753, 1.2889
610.1676, 1.289
614.0597, 1.289
617.9519, 1.289
621.8439, 1.289
625.7362, 1.289
629.6282, 1.289
633.5205, 1.289
637.4126, 1.2891
641.3048, 1.2891
645.2041, 1.2352
649.0963, 1.2352
652.9884, 1.2352
656.8806, 1.2352
660.7727, 1.2352
664.6649, 1.2352
668.557, 1.2353
672.4492, 1.2353
676.3341, 1.2892
680.2262, 1.2892
684.1184, 1.2892
688.0105, 1.2893
691.9026, 1.2893
695.7948, 1.2893
699.687, 1.2893
703.5791, 1.2893
707.4713, 1.2893
711.3634, 1.2893
715.2556, 1.2894
719.1477, 1.2894
723.0398, 1.2894
726.932, 1.2894
730.8241, 1.2894
734.7163, 1.2894
738.6084, 1.2894
742.5006, 1.2894
746.3927, 1.2894
750.2777, 1.3458
754.1698, 1.3458
758.0619, 1.3458
761.9541, 1.3458
765.8462, 1.3458
769.7311, 1.4046
773.6233, 1.4046
777.5154, 1.4046
781.4076, 1.4046
785.2998, 1.4046
789.1847, 1.466
793.0695, 1.53
796.9545, 1.5968
800.8467, 1.5968
804.7388, 1.5968
808.6237, 1.6665
808.631, 1.5968
812.5087, 1.7393
816.3936, 1.8152
820.2857, 1.8152
824.1707, 1.8944
824.1779, 1.8152
828.0556, 1.9771
831.9477, 1.9771
835.8399, 1.9771
839.7176, 2.1536
839.7248, 2.0635
843.6025, 2.2476
843.6097, 2.1536
847.4874, 2.3457
851.3796, 2.3458
855.2717, 2.3458
859.1567, 2.4482
863.0416, 2.5551
866.9264, 2.6665
870.8114, 2.7831
874.6964, 2.9045
878.5813, 3.0314
882.4662, 3.1637
886.3511, 3.3018
890.2361, 3.446
894.1138, 3.7534
894.121, 3.5964
898.0059, 3.7534
901.8836, 4.0882
901.8909, 3.9173
905.7612, 4.4529
905.7686, 4.2667
909.6463, 4.6474
913.524, 5.0619
913.5312, 4.8502
917.4017, 5.5135
917.4089, 5.2829
921.2866, 5.7542
921.2938, 5.5135
925.1571, 6.5411
925.1643, 6.2675
925.1715, 6.0054
929.042, 6.8266
932.9268, 7.1247
932.9342, 6.8267
936.8046, 7.7602
936.8119, 7.4357
936.8191, 7.1247
940.6896, 8.099
944.5673, 8.8215
944.5745, 8.4526
948.4522, 9.2066
952.3371, 9.6086
956.222, 10.0281
960.107, 10.4659
963.9919, 10.9228
967.8768, 11.3996
971.7617, 11.8973
975.6467, 12.4167
979.5388, 12.4168
983.4237, 12.9588
987.3159, 12.959
991.1936, 14.1151
991.2008, 13.5248
995.0857, 14.1153
998.9779, 14.1154
1002.8628, 14.7317
1006.755, 14.7318
1010.6399, 15.375
1014.532, 15.3752
1018.4242, 15.3753
1022.3163, 15.3755
1026.2085, 15.3757
1030.0934, 16.0469
1033.9855, 16.0471
1037.8777, 16.0473
1041.7698, 16.0475
1045.662, 16.0477
1049.5541, 16.0479
1053.4463, 16.048
1057.3384, 16.0482
1061.2306, 16.0484
1065.1299, 15.3774
1069.0221, 15.3776
1072.9142, 15.3778
1076.8064, 15.378
1080.7058, 14.7349
1084.5979, 14.7351
1088.49, 14.7354
1092.3894, 14.1193
1096.2816, 14.1195
1100.1737, 14.1196
1104.0731, 13.5293
1107.9651, 13.5293
1111.8646, 12.9638
1115.7567, 12.9639
1119.6561, 12.4219
1123.5483, 12.4221
1127.4476, 11.9026
1131.3397, 11.9029
1135.2391, 11.4052
1139.1385, 10.9284
1143.0306, 10.9285
1146.93, 10.4716
1150.8222, 10.4717
1154.7215, 10.0339
1158.6137, 10.034
1162.513, 9.6145
1166.4052, 9.6146
1170.3046, 9.2126
1174.1967, 9.2127
1178.0961, 8.8276
1181.9954, 8.4585
1185.8876, 8.4586
1189.787, 8.1049
1193.6791, 8.105
1197.5785, 7.7662
1201.4778, 7.4415
1205.37, 7.4416
1209.2694, 7.1304
1213.1615, 7.1305
1217.0609, 6.8324
1220.9529, 6.8325
1224.8524, 6.5468
1228.7518, 6.2731
1232.6439, 6.2732
1236.5433, 6.0109
1240.4354, 6.011
1244.3348, 5.7597
1248.2341, 5.5188
1252.1263, 5.5189
1256.0257, 5.2882
1259.9178, 5.2882
1263.8172, 5.0671
1267.7093, 5.0672
1271.6087, 4.8553
1275.5008, 4.8554
1279.4002, 4.6524
1283.2924, 4.6524
1287.1917, 4.4579
1291.0839, 4.458
1294.9832, 4.2716
1298.8754, 4.2716
1302.7748, 4.0931
1306.6669, 4.0931
1310.5663, 3.922
1314.4584, 3.922
1318.3506, 3.9221
1322.2499, 3.7581
1326.1421, 3.7581
1330.0342, 3.7582
1333.9336, 3.601
1337.8256, 3.6011
1341.7179, 3.6011
1345.6173, 3.4506
1349.5093, 3.4506
1353.4015, 3.4506
1357.2937, 3.4506
1361.1931, 3.3064
1365.0852, 3.3065
1368.9774, 3.3065
1372.8695, 3.3065
1376.7616, 3.3066
1380.661, 3.1683
1384.5532, 3.1684
1388.4453, 3.1684
1392.3375, 3.1684
1396.2296, 3.1685
1400.129, 3.036
1404.0211, 3.036
1407.9133, 3.0361
1411.8054, 3.0361
1415.6976, 3.0361
1419.5897, 3.0362
1423.4819, 3.0362
1427.374, 3.0362
1431.2661, 3.0363
1435.1583, 3.0363
1439.0504, 3.0363
1442.9426, 3.0364
1446.8347, 3.0364
1450.7269, 3.0364
1454.619, 3.0365
1458.5112, 3.0365
1462.4033, 3.0366
1466.2955, 3.0366
1470.1876, 3.0366
1474.0798, 3.0367
1477.9719, 3.0367
1481.8641, 3.0367
1485.7562, 3.0368
1489.6482, 3.0368
1493.5405, 3.0368
1497.4254, 3.1694
1501.3176, 3.1694
1505.2097, 3.1695
1509.1019, 3.1695
1512.994, 3.1696
1516.8862, 3.1696
1520.7783, 3.1696
1524.6703, 3.1697
1528.5554, 3.308
1532.4475, 3.3081
1536.3397, 3.3081
1540.2318, 3.3082
1544.124, 3.3082
1548.0161, 3.3082
1551.901, 3.4527
1555.7932, 3.4527
1559.6853, 3.4527
1563.5775, 3.4527
1567.4696, 3.4527
1571.3545, 3.6036
1575.2467, 3.6036
1579.1388, 3.6036
1583.031, 3.6037
1586.9231, 3.6037
1590.8081, 3.761
1594.7002, 3.761
1598.5924, 3.761
1602.4845, 3.7612
1606.3766, 3.7612
1610.2688, 3.7612
1614.1537, 3.9255
1618.0459, 3.9255
1621.938, 3.9256
1625.8302, 3.9256
1629.7223, 3.9256
1633.6145, 3.9257
1637.5066, 3.9257
1641.3987, 3.9258
1645.2909, 3.9258
1649.183, 3.9259
1653.0752, 3.9259
1656.9673, 3.926
1660.8595, 3.926
1664.7516, 3.926
1668.6438, 3.9261
1672.5359, 3.9261
1676.4281, 3.9262
1680.3202, 3.9262
1684.2124, 3.9263
1688.1045, 3.9263
1691.9967, 3.9264
1695.8888, 3.9264
1699.7809, 3.9264
1703.6731, 3.9264
1707.5652, 3.9264
1711.4574, 3.9266
1715.3495, 3.9266
1719.2417, 3.9266
1723.1338, 3.9266
1727.026, 3.9268
1730.9253, 3.7626
1734.8175, 3.7626
1738.7096, 3.7627
1742.6018, 3.7627
1746.4939, 3.7628
1750.386, 3.7628
1754.2782, 3.7628
1758.1703, 3.7629
1762.0697, 3.6056
1765.9619, 3.6056
1769.854, 3.6057
1773.7462, 3.6057
1777.6383, 3.6057
1781.5305, 3.6058
1785.4226, 3.6058
1789.322, 3.4551
1793.2141, 3.4551
1797.1063, 3.4551
1800.9984, 3.4552
1804.8906, 3.4552
1808.7827, 3.4553
1812.6749, 3.4553
1816.567, 3.4553
1820.4664, 3.3109
1824.3585, 3.3109
1828.2507, 3.3109
1832.1428, 3.311
1836.035, 3.311
1839.9271, 3.3111
1843.8193, 3.3111
1847.7114, 3.3111
1851.6036, 3.3112
1855.4957, 3.3112
1859.3879, 3.3112
1863.28, 3.3113
1867.1721, 3.3113
1871.0643, 3.3114
1874.9564, 3.3114
1878.8486, 3.3114
1882.7407, 3.3115
1886.6329, 3.3115
1890.525, 3.3115
1894.4172, 3.3115
1898.3093, 3.3115
1902.2086, 3.1732
1906.1008, 3.1732
1909.9929, 3.1732
1913.8851, 3.1733
1917.7772, 3.1733
1921.6694, 3.1734
1925.5615, 3.1734
1929.4537, 3.1734
1933.3458, 3.1735
1937.238, 3.1735
1941.1302, 3.1735
1945.0295, 3.0409
1945.0367, 2.9137
1945.044, 2.7917
1945.0512, 2.6751
1945.0584, 2.5632
1948.9578, 2.456
1948.9649, 2.3533
1952.8643, 2.2549
1952.8716, 2.1606
1956.771, 2.0703
1960.6703, 1.9837
1964.5625, 1.9838
1964.5697, 1.9008
1968.4618, 1.9008
1972.354, 1.9009
1976.2534, 1.8214
1980.1455, 1.8214
1984.0449, 1.7452
1987.937, 1.7452
1991.8292, 1.7452
1995.7285, 1.6723
1999.6207, 1.6723
1999.6279, 1.6024
2003.52, 1.6024
2007.4194, 1.5354
2011.3115, 1.5354
2011.3188, 1.4712
2015.2037, 1.5354
2019.0886, 1.6025
2022.9736, 1.6724
2026.8657, 1.6724
2030.7651, 1.6025
2030.7723, 1.5354
2034.6644, 1.5354
2034.6717, 1.4713
2038.571, 1.4098
2042.4632, 1.4098
2046.3553, 1.4098
2050.2402, 1.4714
2054.1324, 1.4714
2058.0318, 1.4099
2061.9239, 1.4099
2061.9311, 1.351
2065.8233, 1.351
2065.8305, 1.2945
2065.8377, 1.2403
2069.7299, 1.2403
2069.737, 1.1885
2073.6292, 1.1885
2077.5213, 1.1885
2081.4135, 1.1885
2085.3129, 1.1388
2089.205, 1.1388
2093.0972, 1.1389
2093.1044, 1.0912
2093.1116, 1.0456
2093.1188, 1.0019
2093.1261, 0.96
2093.1333, 0.9198
2093.1405, 0.8814
2093.1477, 0.8445
2093.155, 0.8092
2093.1622, 0.7753
2097.0615, 0.7429
2097.0688, 0.7119
2097.076, 0.6821
2100.9754, 0.6536
2100.9826, 0.6261
2100.9898, 0.6
2100.9969, 0.575
2104.8963, 0.5509
2108.7885, 0.5509
2112.6879, 0.5279
2116.58, 0.5279
2120.4722, 0.5279
2124.3716, 0.5058
2128.2637, 0.5058
2132.1559, 0.5058
2136.048, 0.5058
2139.9401, 0.5059
2143.8323, 0.5059
2147.7244, 0.5059
2151.6166, 0.5059
2155.5087, 0.5059
2159.4009, 0.5059
2163.293, 0.5059
2167.1852, 0.5059
2171.0845, 0.4847
2174.9767, 0.4847
2178.8688, 0.4848
2182.761, 0.4848
2186.6604, 0.4645
2190.5525, 0.4645
2194.4445, 0.4645
2198.3368, 0.4645
2202.2217, 0.4848
2206.1066, 0.5059
2209.9988, 0.506
2213.8909, 0.506
2217.7831, 0.506
2221.6752, 0.506
2225.5746, 0.4848
2225.5817, 0.4645
2229.4812, 0.4451
2233.3806, 0.4264
2237.2799, 0.4087
2241.1793, 0.3916
2245.0714, 0.3916
2248.9708, 0.3752
2252.863, 0.3752
2256.7551, 0.3752
2260.6545, 0.3595
2264.5466, 0.3595
2268.4388, 0.3596
2272.3309, 0.3596
2276.2231, 0.3596
2280.1152, 0.3596
2284.0073, 0.3596
2287.8995, 0.3596
2291.7915, 0.3596
2295.6838, 0.3596
2299.5758, 0.3596
2303.4753, 0.3446
2307.3675, 0.3446
2311.2596, 0.3446
2315.1517, 0.3446
2319.0439, 0.3446
2322.9433, 0.3302
2326.8354, 0.3302
2330.7348, 0.3164
2334.6269, 0.3164
2338.5263, 0.3031
2342.4184, 0.3031
2346.3178, 0.2905
2350.21, 0.2905
2354.1021, 0.2905
2357.9942, 0.2905
2361.8792, 0.3032
2365.7713, 0.3032
2369.6562, 0.3164
2373.5484, 0.3164
2377.4405, 0.3164
2381.3327, 0.3164
2385.2248, 0.3164
2389.1242, 0.3032
2393.0163, 0.3032
2396.9157, 0.2905
2400.8151, 0.2784
2404.7144, 0.2667
2408.6138, 0.2556
2412.5131, 0.2449
2416.4126, 0.2347
2416.4198, 0.2248
2420.3191, 0.2154
2424.2185, 0.2064
2424.2257, 0.1978
2428.1251, 0.1895
2432.0245, 0.1816
2432.0317, 0.174
2435.9311, 0.1667
2439.8304, 0.1598
2443.7298, 0.1531
2447.6292, 0.1467
2451.5285, 0.1406
2455.4207, 0.1406
2459.32, 0.1347
2463.2122, 0.1347
2467.1043, 0.1347
2470.9965, 0.1347
2474.8885, 0.1347
2478.7736, 0.1406
2482.6657, 0.1406
2486.5577, 0.1406
2490.45, 0.1406
2494.3494, 0.1347
2498.2487, 0.1291
2498.256, 0.1237
2502.1553, 0.1185
2506.0547, 0.1135
2506.0619, 0.1088
2509.9613, 0.1042
2513.8606, 0.0999
2513.8679, 0.0957
2517.7671, 0.0917
2521.6665, 0.0879
2525.5659, 0.0842
2529.4581, 0.0842
2533.3575, 0.0807
2537.2496, 0.0807
2541.1418, 0.0807
2545.0411, 0.0773
2548.9333, 0.0773
2552.8254, 0.0773
2556.7176, 0.0773
2560.617, 0.0741
2564.5091, 0.0741
2568.4085, 0.071
2572.3078, 0.068
2576.2072, 0.0652
2580.0993, 0.0652
2580.1066, 0.0624
2583.9987, 0.0624
2587.8981, 0.0598
2591.7902, 0.0598
2595.6824, 0.0598
2599.5673, 0.0624
2603.4522, 0.0652
2607.3372, 0.068
2607.3444, 0.0652
2607.3444, 0.0652
2607.3516, 0.0624
2611.2149, 0.0741
2611.2221, 0.071
2615.107, 0.0741
2618.9775, 0.0842
2618.9847, 0.0807
2618.9919, 0.0773
2622.8552, 0.0917
2622.8624, 0.0879
2626.7185, 0.1088
2626.7257, 0.1043
2626.7328, 0.0999
2626.7401, 0.0957
2626.7473, 0.0917
2630.6034, 0.1136
2634.4739, 0.1291
2634.4811, 0.1237
2634.4883, 0.1185
2638.3444, 0.1468
2638.3516, 0.1406
2638.3588, 0.1347
2642.2076, 0.1741
2642.2147, 0.1668
2642.2221, 0.1599
2642.2293, 0.1532
2646.0637, 0.2156
2646.0709, 0.2066
2646.0781, 0.1979
2646.0853, 0.1896
2646.0925, 0.1817
2649.9485, 0.225
2653.8335, 0.2348
2657.7184, 0.2451
2661.5889, 0.2786
2661.6034, 0.2558
2665.4811, 0.2786
2665.4883, 0.2669
2665.4883, 0.2669
2669.3732, 0.2786
2669.3804, 0.2669
2669.3804, 0.2669
2669.3877, 0.2558
2669.3877, 0.2558
2673.2726, 0.2669
2673.2798, 0.2558
2673.287, 0.2451
2677.1792, 0.2451
2677.1864, 0.2348
2681.0713, 0.2451
2681.0785, 0.2348
2681.0858, 0.225
2681.093, 0.2156
2681.1002, 0.2066
2681.1074, 0.1979
2681.1146, 0.1897
2681.1219, 0.1817
2685.0212, 0.1741
2685.0285, 0.1669
2685.0357, 0.1599
2685.0429, 0.1532
2685.0501, 0.1468
2688.9495, 0.1406
2688.9567, 0.1348
2688.9639, 0.1291
2688.971, 0.1237
2688.9784, 0.1186
2692.8777, 0.1136
2692.885, 0.1088
2692.8921, 0.1043
2692.8994, 0.0999
2692.9066, 0.0958
2696.806, 0.0918
2696.8132, 0.0879
2696.8204, 0.0842
2696.8276, 0.0807
2696.8349, 0.0773
2696.842, 0.0741
2700.7415, 0.071
2700.7487, 0.068
2700.7559, 0.0652
2700.7631, 0.0625
2704.6625, 0.0599
2704.6697, 0.0574
2704.6768, 0.055
2704.6842, 0.0527
2708.5835, 0.0505
2708.5907, 0.0483
2708.5979, 0.0463
2712.4973, 0.0444
2716.3967, 0.0425
2720.2961, 0.0408
2724.1882, 0.0408
2728.0804, 0.0408
2731.9725, 0.0408
2735.8647, 0.0408
2739.7568, 0.0408
2743.6489, 0.0408
2747.5411, 0.0408
2751.4332, 0.0408
2755.3326, 0.0391
2759.2248, 0.0391
2763.1241, 0.0374
2767.0163, 0.0374
2770.9012, 0.0391
2774.7933, 0.0391
2778.6783, 0.0408
2782.5704, 0.0408
2786.4409, 0.0463
2786.4481, 0.0444
2786.4553, 0.0425
2790.3114, 0.0527
2790.3186, 0.0505
2790.3258, 0.0484
2794.1385, 0.0774
2794.1458, 0.0741
2794.153, 0.071
2794.1602, 0.0681
2794.1674, 0.0652
2794.1746, 0.0625
2794.1819, 0.0599
2794.1891, 0.0574
2794.1963, 0.055
2798.0018, 0.0918
2798.009, 0.0879
2798.0162, 0.0843
2798.0235, 0.0807
2801.8651, 0.1089
2801.8723, 0.1043
2801.8795, 0.1
2801.8867, 0.0958
2805.7283, 0.1292
2805.7355, 0.1238
2805.7428, 0.1186
2805.75, 0.1136
2809.6059, 0.1407
2809.6133, 0.1348
2813.491, 0.1468
2817.3614, 0.1669
2817.3759, 0.1533
2821.2536, 0.1669
2821.2608, 0.1599
2821.2608, 0.1599
2825.1457, 0.1669
2825.153, 0.1599
2825.153, 0.1599
2825.1602, 0.1533
2825.1602, 0.1533
2829.0451, 0.1599
2829.0523, 0.1533
2829.0594, 0.1468
2832.9517, 0.1468
2836.8511, 0.1407
2840.7431, 0.1407
2840.7504, 0.1348
2840.7576, 0.1292
2840.7649, 0.1238
2840.7721, 0.1186
2840.7793, 0.1136
2844.6787, 0.1089
2844.6859, 0.1043
2844.6931, 0.1
2844.7003, 0.0958
2848.5997, 0.0918
2848.6069, 0.088
2848.6141, 0.0843
2848.6214, 0.0808
2852.5207, 0.0774
2852.528, 0.0741
2852.5352, 0.071
2852.5424, 0.0681
2856.4418, 0.0652
2856.449, 0.0625
2856.4562, 0.0599
2856.4634, 0.0574
2860.3628, 0.055
2860.37, 0.0527
2860.3772, 0.0505
2860.3845, 0.0484
2864.2838, 0.0463
2864.2911, 0.0444
2864.2983, 0.0425
2868.1976, 0.0408
2868.2049, 0.0391
2868.2121, 0.0374
2872.1115, 0.0359
2872.1187, 0.0344
2872.1259, 0.0329
2876.0253, 0.0316
2876.0325, 0.0302
2879.9319, 0.029
2879.9391, 0.0278
2883.8384, 0.0266
2883.8457, 0.0255
2883.8529, 0.0244
2887.7523, 0.0234
2887.7595, 0.0224
2887.7667, 0.0215
2891.6661, 0.0206
2891.6733, 0.0197
2895.5727, 0.0189
2895.5798, 0.0181
2895.5871, 0.0174
2899.4865, 0.0166
2899.4937, 0.0159
2903.3931, 0.0153
2903.4003, 0.0146
2903.4075, 0.014
2907.3069, 0.0134
2911.2062, 0.0129
2911.2134, 0.0123
2915.1128, 0.0118
2919.0122, 0.0113
2922.9116, 0.0108
2926.8037, 0.0108
2930.7031, 0.0104
2934.5952, 0.0104
2938.4874, 0.0104
2942.3795, 0.0104
2946.2717, 0.0104
2950.1638, 0.0104
2954.0559, 0.0104
2957.9481, 0.0104
2961.8401, 0.0104
2965.7252, 0.0108
2969.6173, 0.0108
2973.5022, 0.0113
2977.3872, 0.0118
2981.2721, 0.0123
2985.1642, 0.0123
2989.0492, 0.0129
2992.9196, 0.0146
2992.9268, 0.014
2992.9341, 0.0134
2996.7901, 0.0166
2996.7974, 0.0159
2996.8046, 0.0153
3000.6751, 0.0174
3004.5455, 0.0197
3004.5528, 0.0189
3004.56, 0.0181
3008.4304, 0.0206
3012.3082, 0.0224
3012.3154, 0.0215
3016.1931, 0.0234
3020.0708, 0.0255
3020.078, 0.0244
3023.9557, 0.0266
3027.8334, 0.029
3027.8407, 0.0278
3031.7111, 0.0316
3031.7184, 0.0302
3035.5888, 0.0344
3035.596, 0.0329
3039.4593, 0.0391
3039.4665, 0.0374
3039.4738, 0.0359
3043.3443, 0.0408
3047.2364, 0.0408
3051.1285, 0.0408
3055.0135, 0.0426
3058.9056, 0.0426
3062.7905, 0.0444
3062.7978, 0.0426
3062.7978, 0.0426
3066.6971, 0.0408
3070.5893, 0.0408
3070.5965, 0.0391
3074.4886, 0.0391
3074.4959, 0.0375
3074.503, 0.0359
3078.3952, 0.0359
3078.4025, 0.0344
3078.4097, 0.0329
3078.4169, 0.0316
3078.4241, 0.0303
3078.4313, 0.029
3078.4386, 0.0278
3082.3378, 0.0266
3082.3452, 0.0255
3082.3524, 0.0244
3082.3596, 0.0234
3086.259, 0.0224
3086.2662, 0.0215
3086.2734, 0.0206
3090.1728, 0.0197
3090.18, 0.0189
3090.1872, 0.0181
3094.0866, 0.0174
3094.0937, 0.0166
3094.101, 0.0159
3094.1082, 0.0153
3098.0076, 0.0146
3098.0148, 0.014
3101.9142, 0.0134
3101.9214, 0.0129
3101.9285, 0.0123
3105.8279, 0.0118
3105.8352, 0.0113
3109.7346, 0.0109
3113.634, 0.0104
3113.6412, 9.9632e-3
3117.5406, 9.5466e-3
3121.4327, 9.5467e-3
3125.3249, 9.5468e-3
3129.2242, 9.1477e-3
3129.2314, 8.7651e-3
3133.1091, 9.5471e-3
3133.1091, 9.5471e-3
3133.1164, 9.1478e-3
3133.1236, 8.7652e-3
3136.9941, 9.9639e-3
3137.0085, 9.1479e-3
3140.8862, 9.964e-3
3140.8862, 9.964e-3
3140.8934, 9.5473e-3
3144.7567, 0.0113
3144.7639, 0.0109
3144.7711, 0.0104
3148.6343, 0.0123
3148.6416, 0.0118
3152.5049, 0.014
3152.5121, 0.0134
3152.5192, 0.0129
3156.3898, 0.0146
3160.2675, 0.0159
3160.2747, 0.0153
3164.1452, 0.0174
3164.1524, 0.0166
3168.0229, 0.0189
3168.0301, 0.0181
3171.9005, 0.0206
3171.9079, 0.0197
3175.7856, 0.0215
3179.6705, 0.0224
3183.5554, 0.0234
3187.4476, 0.0234
3191.3397, 0.0234
3195.2246, 0.0244
3199.1168, 0.0244
3203.0089, 0.0244
3206.9011, 0.0244
3210.7932, 0.0244
3214.6854, 0.0244
3218.5703, 0.0255
3222.4552, 0.0266
3226.3401, 0.0278
3230.2323, 0.0278
3234.1172, 0.029
3237.9949, 0.0316
3238.0021, 0.0303
3241.8654, 0.0359
3241.8726, 0.0344
3241.8798, 0.033
3245.7431, 0.0391
3245.7503, 0.0375
3249.6208, 0.0426
3249.628, 0.0408
3253.5057, 0.0445
3253.513, 0.0426
3257.3907, 0.0464
3261.2756, 0.0484
3265.1605, 0.0505
3269.0527, 0.0505
3272.9447, 0.0505
3276.837, 0.0505
3276.8441, 0.0484
3280.729, 0.0505
3280.7363, 0.0484
3280.7435, 0.0464
3284.6357, 0.0464
3284.6429, 0.0445
3284.6501, 0.0426
3288.5423, 0.0426
3288.5495, 0.0408
3288.5567, 0.0391
3292.4489, 0.0391
3292.4561, 0.0375
3292.4633, 0.0359
3292.4705, 0.0344
3292.4778, 0.033
3296.3771, 0.0316
3296.3843, 0.0303
3296.3916, 0.029
3300.2909, 0.0278
3300.2982, 0.0266
3300.3054, 0.0255
3304.2046, 0.0244
3304.212, 0.0234
3304.2192, 0.0224
3304.2264, 0.0215
3308.1258, 0.0206
3308.133, 0.0197
3308.1402, 0.0189
3308.1474, 0.0181
3312.0468, 0.0174
3312.054, 0.0166
3312.0612, 0.0159
3312.0685, 0.0153
3315.9678, 0.0146
3315.975, 0.014
3315.9823, 0.0134
3319.8816, 0.0129
3319.8889, 0.0123
3319.8961, 0.0118
3319.9033, 0.0113
3319.9104, 0.0109
3323.8098, 0.0104
3323.8171, 9.9693e-3
3323.8243, 9.5524e-3
3323.8316, 9.1529e-3
3327.7309, 8.7702e-3
3327.7381, 8.4035e-3
3327.7454, 8.052e-3
3327.7526, 7.7153e-3
3331.652, 7.3927e-3
3331.6592, 7.0836e-3
3331.6663, 6.7873e-3
3335.5657, 6.5036e-3
3335.573, 6.2316e-3
3339.4724, 5.9711e-3
3339.4796, 5.7213e-3
3339.4868, 5.4821e-3
3343.3862, 5.2529e-3
3343.3934, 5.0332e-3
3347.2928, 4.8228e-3
3347.3, 4.6211e-3
3351.1993, 4.4279e-3
3355.0987, 4.2428e-3
3358.9981, 4.0654e-3
3359.0053, 3.8954e-3
3362.9047, 3.7325e-3
3366.804, 3.5764e-3
3366.8113, 3.4269e-3
3370.7106, 3.2836e-3
3374.6099, 3.1463e-3
3374.6172, 3.0147e-3
3378.5166, 2.8887e-3
3382.416, 2.7679e-3
3382.4232, 2.6522e-3
3386.3225, 2.5413e-3
3390.2219, 2.435e-3
3390.2291, 2.3332e-3
3394.1285, 2.2357e-3
3394.1357, 2.1422e-3
3394.1429, 2.0526e-3
3398.0423, 1.9668e-3
3401.9417, 1.8845e-3
3401.9489, 1.8057e-3
3405.8483, 1.7302e-3
3405.8555, 1.6579e-3
3409.7549, 1.5886e-3
3413.6542, 1.5221e-3
3413.6614, 1.4585e-3
3413.6686, 1.3975e-3
3417.568, 1.3391e-3
3417.5753, 1.2831e-3
3421.4746, 1.2294e-3
3421.4818, 1.178e-3
3425.3812, 1.1288e-3
3425.3884, 1.0815e-3
3429.2878, 1.0363e-3
3429.295, 9.9299e-4
3433.1944, 9.5147e-4
3433.2016, 9.1168e-4
3437.101, 8.7357e-4
3437.1082, 8.3703e-4
3441.0076, 8.0204e-4
3441.0148, 7.685e-4
3444.9142, 7.3637e-4
3444.9214, 7.0557e-4
3448.8207, 6.7607e-4
3448.8279, 6.478e-4
3452.7273, 6.2072e-4
3456.6267, 5.9476e-4
3460.5261, 5.699e-4
3464.4254, 5.4607e-4
3468.3248, 5.2324e-4
3472.2169, 5.2325e-4
3476.1163, 5.0137e-4
3480.0085, 5.0138e-4
3483.9005, 5.0138e-4
3487.7928, 5.0139e-4
3491.6848, 5.0139e-4
3495.5771, 5.014e-4
3499.4764, 4.8044e-4
3503.3686, 4.8044e-4
3507.2607, 4.8045e-4
3511.1529, 4.8045e-4
3515.0522, 4.6036e-4
3518.9444, 4.6037e-4
3522.8365, 4.6038e-4
3526.7287, 4.6038e-4
3530.6208, 4.6039e-4
3534.5057, 4.8048e-4
3538.3907, 5.0146e-4
3542.2756, 5.2335e-4
3546.1677, 5.2336e-4
3550.0527, 5.4621e-4
3553.9304, 5.9493e-4
3553.9376, 5.7005e-4
3557.8081, 6.4801e-4
3557.8153, 6.2091e-4
3561.6641, 8.0232e-4
3561.6713, 7.6877e-4
3561.6785, 7.3662e-4
3561.6858, 7.0581e-4
3561.693, 6.763e-4
3565.549, 8.3735e-4
3569.434, 8.7391e-4
3573.3189, 9.1206e-4
3577.2038, 9.5188e-4
3581.0887, 9.9343e-4
3584.9809, 9.9344e-4
3588.873, 9.9345e-4
3592.7652, 9.9347e-4
3596.6501, 1.0368e-3
3596.6573, 9.9348e-4
3596.6573, 9.9348e-4
3600.5567, 9.5194e-4
3604.4561, 9.1214e-4
3604.4633, 8.74e-4
3608.3482, 9.1215e-4
3608.3627, 8.3745e-4
3612.2548, 8.3746e-4
3612.262, 8.0244e-4
3612.2692, 7.6888e-4
3612.2765, 7.3673e-4
3612.2837, 7.0592e-4
3616.1831, 6.764e-4
3616.1903, 6.4812e-4
3616.1975, 6.2101e-4
3620.0969, 5.9505e-4
3620.1041, 5.7016e-4
3620.1113, 5.4632e-4
3624.0107, 5.2348e-4
3624.0179, 5.0159e-4
3624.0251, 4.8061e-4
3624.0323, 4.6051e-4
3627.9317, 4.4126e-4
3627.9388, 4.228e-4
3627.9461, 4.0512e-4
3631.8455, 3.8819e-4
3631.8527, 3.7195e-4
3631.8599, 3.564e-4
3631.8672, 3.4149e-4
3635.7665, 3.2721e-4
3635.7738, 3.1353e-4
3635.781, 3.0042e-4
3639.6804, 2.8786e-4
3639.6876, 2.7582e-4
3639.6947, 2.6429e-4
3639.702, 2.5323e-4
3643.6014, 2.4265e-4
3643.6086, 2.325e-4
3643.6158, 2.2278e-4
3643.6231, 2.1346e-4
3647.5224, 2.0453e-4
3647.5295, 1.9598e-4
3647.5369, 1.8778e-4
3651.4362, 1.7993e-4
3651.4434, 1.7241e-4
3651.4506, 1.652e-4
3651.4579, 1.5829e-4
3655.3573, 1.5167e-4
3655.3645, 1.4533e-4
3659.2638, 1.3925e-4
3659.2711, 1.3343e-4
3663.1703, 1.2785e-4
3667.0698, 1.2251e-4
3670.962, 1.2251e-4
3670.9691, 1.1738e-4
3670.9691, 1.1738e-4
3670.9764, 1.1247e-4
3670.9764, 1.1247e-4
3670.9836, 1.0777e-4
3674.854, 1.2251e-4
3674.8613, 1.1739e-4
3674.8685, 1.1248e-4
3674.8758, 1.0777e-4
3678.7462, 1.2251e-4
3678.7534, 1.1739e-4
3678.7607, 1.1248e-4
3678.7679, 1.0777e-4
3682.6383, 1.2251e-4
3682.6528, 1.1248e-4
3686.5305, 1.2251e-4
3690.4227, 1.2251e-4
3694.2932, 1.3927e-4
3694.3004, 1.3344e-4
3694.3075, 1.2786e-4
3698.1709, 1.5169e-4
3698.1781, 1.4535e-4
3702.0486, 1.6522e-4
3702.0558, 1.5831e-4
3705.9335, 1.7244e-4
3705.9407, 1.6523e-4
3709.8184, 1.7996e-4
3713.7034, 1.8782e-4
3717.5883, 1.9602e-4
3721.4732, 2.0458e-4
3725.3654, 2.0458e-4
3729.2575, 2.0458e-4
3733.1496, 2.0459e-4
3737.0418, 2.0459e-4
3740.9339, 2.0459e-4
3744.8333, 1.9604e-4
3744.8405, 1.8784e-4
3748.7255, 1.9604e-4
3748.7327, 1.8784e-4
3748.7399, 1.7999e-4
3752.6393, 1.7246e-4
3752.6465, 1.6525e-4
3752.6537, 1.5834e-4
3756.5531, 1.5172e-4
3756.5603, 1.4537e-4
3760.4597, 1.3929e-4
3760.4668, 1.3347e-4
3760.4741, 1.2789e-4
3764.3735, 1.2254e-4
3764.3807, 1.1742e-4
3768.2801, 1.1251e-4
3768.2873, 1.078e-4
3768.2945, 1.0329e-4
3772.1939, 9.8975e-5
3772.2011, 9.4836e-5
3772.2083, 9.087e-5
3776.1077, 8.7071e-5
3776.1149, 8.3429e-5
3780.0143, 7.9941e-5
3780.0215, 7.6598e-5
3780.0287, 7.3395e-5
3783.9281, 7.0326e-5
3783.9353, 6.7385e-5
3787.8347, 6.4568e-5
3787.8418, 6.1868e-5
3791.7412, 5.9281e-5
3791.7485, 5.6802e-5
3795.6406, 5.6803e-5
3795.6479, 5.4427e-5
3799.5472, 5.2152e-5
