SOURCES 4A Calculation
<<<<<<<<<<<>>>>>>>>>>>



                Neutron Source Spectra by Nuclide Energy Level
                ~~~~~~~~~~~~~~~~~~~~~~~~~~~~~~~~~~~~~~~~~~~~~~

Title: U238 (0.992742ppb), U235 (0.007204ppb), carbon (1.00 g/cm**3)                

 Neutron Multigroup Structure (MeV)
 1.000E+01 9.900E+00 9.800E+00 9.700E+00 9.600E+00 9.500E+00 9.400E+00 9.300E+00
 9.200E+00 9.100E+00 9.000E+00 8.900E+00 8.800E+00 8.700E+00 8.600E+00 8.500E+00
 8.400E+00 8.300E+00 8.200E+00 8.100E+00 8.000E+00 7.900E+00 7.800E+00 7.700E+00
 7.600E+00 7.500E+00 7.400E+00 7.300E+00 7.200E+00 7.100E+00 7.000E+00 6.900E+00
 6.800E+00 6.700E+00 6.600E+00 6.500E+00 6.400E+00 6.300E+00 6.200E+00 6.100E+00
 6.000E+00 5.900E+00 5.800E+00 5.700E+00 5.600E+00 5.500E+00 5.400E+00 5.300E+00
 5.200E+00 5.100E+00 5.000E+00 4.900E+00 4.800E+00 4.700E+00 4.600E+00 4.500E+00
 4.400E+00 4.300E+00 4.200E+00 4.100E+00 4.000E+00 3.900E+00 3.800E+00 3.700E+00
 3.600E+00 3.500E+00 3.400E+00 3.300E+00 3.200E+00 3.100E+00 3.000E+00 2.900E+00
 2.800E+00 2.700E+00 2.600E+00 2.500E+00 2.400E+00 2.300E+00 2.200E+00 2.100E+00
 2.000E+00 1.900E+00 1.800E+00 1.700E+00 1.600E+00 1.500E+00 1.400E+00 1.300E+00
 1.200E+00 1.100E+00 1.000E+00 9.000E-01 8.000E-01 7.000E-01 6.000E-01 5.000E-01
 4.000E-01 3.000E-01 2.000E-01 1.000E-01 0.000E+00

--------------------------------------------------------------------------------


 Neutron spectrum from bi211  alphas on  c 13  via the   0.00-MeV product level
 0.000E+00 0.000E+00 0.000E+00 0.000E+00 0.000E+00 0.000E+00 0.000E+00 0.000E+00
 0.000E+00 0.000E+00 0.000E+00 0.000E+00 0.000E+00 0.000E+00 4.219E-18 8.109E-17
 1.924E-16 3.452E-16 5.188E-16 7.413E-16 1.002E-15 1.243E-15 1.454E-15 1.650E-15
 1.759E-15 1.907E-15 2.156E-15 2.367E-15 2.582E-15 2.796E-15 2.969E-15 3.058E-15
 3.108E-15 3.155E-15 3.207E-15 3.233E-15 3.296E-15 3.311E-15 3.326E-15 3.342E-15
 3.347E-15 3.350E-15 3.364E-15 3.375E-15 3.401E-15 3.519E-15 3.658E-15 3.575E-15
 3.362E-15 2.997E-15 2.622E-15 2.370E-15 2.183E-15 1.834E-15 1.535E-15 1.346E-15
 1.350E-15 1.350E-15 1.337E-15 1.318E-15 1.305E-15 1.303E-15 1.287E-15 1.198E-15
 9.389E-16 7.981E-16 7.075E-16 5.877E-16 4.748E-16 2.748E-16 1.064E-16 3.612E-17
 1.799E-17 1.027E-17 3.912E-18 8.457E-19 1.820E-20 0.000E+00 0.000E+00 0.000E+00
 0.000E+00 0.000E+00 0.000E+00 0.000E+00 0.000E+00 0.000E+00 0.000E+00 0.000E+00
 0.000E+00 0.000E+00 0.000E+00 0.000E+00 0.000E+00 0.000E+00 0.000E+00 0.000E+00
 0.000E+00 0.000E+00 0.000E+00 0.000E+00
                                   Total (all groups):  1.130E-13 neutrons/sec-cm**3   .
                               Average Neutron Energy:  5.852E+00 MeV.


 Neutron spectrum from bi211  alphas on  c 13  via the   6.05-MeV product level
 0.000E+00 0.000E+00 0.000E+00 0.000E+00 0.000E+00 0.000E+00 0.000E+00 0.000E+00
 0.000E+00 0.000E+00 0.000E+00 0.000E+00 0.000E+00 0.000E+00 0.000E+00 0.000E+00
 0.000E+00 0.000E+00 0.000E+00 0.000E+00 0.000E+00 0.000E+00 0.000E+00 0.000E+00
 0.000E+00 0.000E+00 0.000E+00 0.000E+00 0.000E+00 0.000E+00 0.000E+00 0.000E+00
 0.000E+00 0.000E+00 0.000E+00 0.000E+00 0.000E+00 0.000E+00 0.000E+00 0.000E+00
 0.000E+00 0.000E+00 0.000E+00 0.000E+00 0.000E+00 0.000E+00 0.000E+00 0.000E+00
 0.000E+00 0.000E+00 0.000E+00 0.000E+00 0.000E+00 0.000E+00 0.000E+00 0.000E+00
 0.000E+00 0.000E+00 0.000E+00 0.000E+00 0.000E+00 0.000E+00 0.000E+00 0.000E+00
 0.000E+00 0.000E+00 0.000E+00 0.000E+00 0.000E+00 0.000E+00 0.000E+00 0.000E+00
 0.000E+00 0.000E+00 0.000E+00 0.000E+00 0.000E+00 0.000E+00 0.000E+00 0.000E+00
 1.166E-20 2.989E-17 8.950E-17 1.631E-16 2.565E-16 3.506E-16 4.914E-16 5.997E-16
 7.193E-16 8.104E-16 8.941E-16 9.383E-16 9.858E-16 1.073E-15 1.092E-15 9.988E-16
 8.244E-16 6.180E-16 4.506E-16 2.490E-16
                                   Total (all groups):  1.163E-14 neutrons/sec-cm**3   .
                               Average Neutron Energy:  7.851E-01 MeV.


 Neutron spectrum from bi211  alphas on  c 13  via the   6.13-MeV product level
 0.000E+00 0.000E+00 0.000E+00 0.000E+00 0.000E+00 0.000E+00 0.000E+00 0.000E+00
 0.000E+00 0.000E+00 0.000E+00 0.000E+00 0.000E+00 0.000E+00 0.000E+00 0.000E+00
 0.000E+00 0.000E+00 0.000E+00 0.000E+00 0.000E+00 0.000E+00 0.000E+00 0.000E+00
 0.000E+00 0.000E+00 0.000E+00 0.000E+00 0.000E+00 0.000E+00 0.000E+00 0.000E+00
 0.000E+00 0.000E+00 0.000E+00 0.000E+00 0.000E+00 0.000E+00 0.000E+00 0.000E+00
 0.000E+00 0.000E+00 0.000E+00 0.000E+00 0.000E+00 0.000E+00 0.000E+00 0.000E+00
 0.000E+00 0.000E+00 0.000E+00 0.000E+00 0.000E+00 0.000E+00 0.000E+00 0.000E+00
 0.000E+00 0.000E+00 0.000E+00 0.000E+00 0.000E+00 0.000E+00 0.000E+00 0.000E+00
 0.000E+00 0.000E+00 0.000E+00 0.000E+00 0.000E+00 0.000E+00 0.000E+00 0.000E+00
 0.000E+00 0.000E+00 0.000E+00 0.000E+00 0.000E+00 0.000E+00 0.000E+00 0.000E+00
 0.000E+00 4.176E-19 2.074E-16 5.920E-16 1.044E-15 1.599E-15 2.147E-15 2.952E-15
 3.567E-15 4.236E-15 4.740E-15 5.208E-15 5.456E-15 5.689E-15 6.045E-15 5.751E-15
 4.924E-15 3.595E-15 2.434E-15 1.417E-15
                                   Total (all groups):  6.160E-14 neutrons/sec-cm**3   .
                               Average Neutron Energy:  7.484E-01 MeV.


 Neutron spectrum from bi211  alphas on  c 13  via the   6.92-MeV product level
 0.000E+00 0.000E+00 0.000E+00 0.000E+00 0.000E+00 0.000E+00 0.000E+00 0.000E+00
 0.000E+00 0.000E+00 0.000E+00 0.000E+00 0.000E+00 0.000E+00 0.000E+00 0.000E+00
 0.000E+00 0.000E+00 0.000E+00 0.000E+00 0.000E+00 0.000E+00 0.000E+00 0.000E+00
 0.000E+00 0.000E+00 0.000E+00 0.000E+00 0.000E+00 0.000E+00 0.000E+00 0.000E+00
 0.000E+00 0.000E+00 0.000E+00 0.000E+00 0.000E+00 0.000E+00 0.000E+00 0.000E+00
 0.000E+00 0.000E+00 0.000E+00 0.000E+00 0.000E+00 0.000E+00 0.000E+00 0.000E+00
 0.000E+00 0.000E+00 0.000E+00 0.000E+00 0.000E+00 0.000E+00 0.000E+00 0.000E+00
 0.000E+00 0.000E+00 0.000E+00 0.000E+00 0.000E+00 0.000E+00 0.000E+00 0.000E+00
 0.000E+00 0.000E+00 0.000E+00 0.000E+00 0.000E+00 0.000E+00 0.000E+00 0.000E+00
 0.000E+00 0.000E+00 0.000E+00 0.000E+00 0.000E+00 0.000E+00 0.000E+00 0.000E+00
 0.000E+00 0.000E+00 0.000E+00 0.000E+00 0.000E+00 0.000E+00 0.000E+00 0.000E+00
 0.000E+00 0.000E+00 0.000E+00 0.000E+00 5.973E-17 2.125E-16 3.691E-16 5.622E-16
 7.631E-16 9.414E-16 1.092E-15 8.856E-16
                                   Total (all groups):  4.886E-15 neutrons/sec-cm**3   .
                               Average Neutron Energy:  2.757E-01 MeV.


 Neutron spectrum from bi211  alphas on  c 13  via the   7.12-MeV product level
 0.000E+00 0.000E+00 0.000E+00 0.000E+00 0.000E+00 0.000E+00 0.000E+00 0.000E+00
 0.000E+00 0.000E+00 0.000E+00 0.000E+00 0.000E+00 0.000E+00 0.000E+00 0.000E+00
 0.000E+00 0.000E+00 0.000E+00 0.000E+00 0.000E+00 0.000E+00 0.000E+00 0.000E+00
 0.000E+00 0.000E+00 0.000E+00 0.000E+00 0.000E+00 0.000E+00 0.000E+00 0.000E+00
 0.000E+00 0.000E+00 0.000E+00 0.000E+00 0.000E+00 0.000E+00 0.000E+00 0.000E+00
 0.000E+00 0.000E+00 0.000E+00 0.000E+00 0.000E+00 0.000E+00 0.000E+00 0.000E+00
 0.000E+00 0.000E+00 0.000E+00 0.000E+00 0.000E+00 0.000E+00 0.000E+00 0.000E+00
 0.000E+00 0.000E+00 0.000E+00 0.000E+00 0.000E+00 0.000E+00 0.000E+00 0.000E+00
 0.000E+00 0.000E+00 0.000E+00 0.000E+00 0.000E+00 0.000E+00 0.000E+00 0.000E+00
 0.000E+00 0.000E+00 0.000E+00 0.000E+00 0.000E+00 0.000E+00 0.000E+00 0.000E+00
 0.000E+00 0.000E+00 0.000E+00 0.000E+00 0.000E+00 0.000E+00 0.000E+00 0.000E+00
 0.000E+00 0.000E+00 0.000E+00 0.000E+00 0.000E+00 0.000E+00 0.000E+00 2.657E-17
 1.003E-16 1.655E-16 2.027E-16 1.949E-16
                                   Total (all groups):  6.900E-16 neutrons/sec-cm**3   .
                               Average Neutron Energy:  1.846E-01 MeV.


 Neutron spectrum from po210  alphas on  c 13  via the   0.00-MeV product level
 0.000E+00 0.000E+00 0.000E+00 0.000E+00 0.000E+00 0.000E+00 0.000E+00 0.000E+00
 0.000E+00 0.000E+00 0.000E+00 0.000E+00 0.000E+00 0.000E+00 0.000E+00 0.000E+00
 0.000E+00 0.000E+00 0.000E+00 0.000E+00 0.000E+00 0.000E+00 0.000E+00 0.000E+00
 0.000E+00 0.000E+00 0.000E+00 2.040E-15 6.691E-15 1.132E-14 1.508E-14 1.700E-14
 1.809E-14 1.911E-14 2.024E-14 2.079E-14 2.216E-14 2.249E-14 2.280E-14 2.316E-14
 2.327E-14 2.333E-14 2.363E-14 2.386E-14 2.442E-14 2.699E-14 3.066E-14 3.285E-14
 3.445E-14 3.552E-14 3.648E-14 3.823E-14 3.951E-14 3.914E-14 3.325E-14 2.916E-14
 2.925E-14 2.925E-14 2.897E-14 2.856E-14 2.827E-14 2.824E-14 2.788E-14 2.594E-14
 2.034E-14 1.729E-14 1.532E-14 1.273E-14 1.028E-14 5.949E-15 2.302E-15 7.791E-16
 3.864E-16 2.194E-16 8.482E-17 1.852E-17 3.943E-19 0.000E+00 0.000E+00 0.000E+00
 0.000E+00 0.000E+00 0.000E+00 0.000E+00 0.000E+00 0.000E+00 0.000E+00 0.000E+00
 0.000E+00 0.000E+00 0.000E+00 0.000E+00 0.000E+00 0.000E+00 0.000E+00 0.000E+00
 0.000E+00 0.000E+00 0.000E+00 0.000E+00
                                   Total (all groups):  1.028E-12 neutrons/sec-cm**3   .
                               Average Neutron Energy:  5.033E+00 MeV.


 Neutron spectrum from po210  alphas on  c 13  via the   6.05-MeV product level
 0.000E+00 0.000E+00 0.000E+00 0.000E+00 0.000E+00 0.000E+00 0.000E+00 0.000E+00
 0.000E+00 0.000E+00 0.000E+00 0.000E+00 0.000E+00 0.000E+00 0.000E+00 0.000E+00
 0.000E+00 0.000E+00 0.000E+00 0.000E+00 0.000E+00 0.000E+00 0.000E+00 0.000E+00
 0.000E+00 0.000E+00 0.000E+00 0.000E+00 0.000E+00 0.000E+00 0.000E+00 0.000E+00
 0.000E+00 0.000E+00 0.000E+00 0.000E+00 0.000E+00 0.000E+00 0.000E+00 0.000E+00
 0.000E+00 0.000E+00 0.000E+00 0.000E+00 0.000E+00 0.000E+00 0.000E+00 0.000E+00
 0.000E+00 0.000E+00 0.000E+00 0.000E+00 0.000E+00 0.000E+00 0.000E+00 0.000E+00
 0.000E+00 0.000E+00 0.000E+00 0.000E+00 0.000E+00 0.000E+00 0.000E+00 0.000E+00
 0.000E+00 0.000E+00 0.000E+00 0.000E+00 0.000E+00 0.000E+00 0.000E+00 0.000E+00
 0.000E+00 0.000E+00 0.000E+00 0.000E+00 0.000E+00 0.000E+00 0.000E+00 0.000E+00
 0.000E+00 0.000E+00 0.000E+00 0.000E+00 0.000E+00 0.000E+00 0.000E+00 0.000E+00
 0.000E+00 0.000E+00 0.000E+00 0.000E+00 0.000E+00 0.000E+00 7.358E-17 1.172E-15
 2.496E-15 3.763E-15 4.466E-15 4.121E-15
                                   Total (all groups):  1.609E-14 neutrons/sec-cm**3   .
                               Average Neutron Energy:  2.015E-01 MeV.


 Neutron spectrum from po210  alphas on  c 13  via the   6.13-MeV product level
 0.000E+00 0.000E+00 0.000E+00 0.000E+00 0.000E+00 0.000E+00 0.000E+00 0.000E+00
 0.000E+00 0.000E+00 0.000E+00 0.000E+00 0.000E+00 0.000E+00 0.000E+00 0.000E+00
 0.000E+00 0.000E+00 0.000E+00 0.000E+00 0.000E+00 0.000E+00 0.000E+00 0.000E+00
 0.000E+00 0.000E+00 0.000E+00 0.000E+00 0.000E+00 0.000E+00 0.000E+00 0.000E+00
 0.000E+00 0.000E+00 0.000E+00 0.000E+00 0.000E+00 0.000E+00 0.000E+00 0.000E+00
 0.000E+00 0.000E+00 0.000E+00 0.000E+00 0.000E+00 0.000E+00 0.000E+00 0.000E+00
 0.000E+00 0.000E+00 0.000E+00 0.000E+00 0.000E+00 0.000E+00 0.000E+00 0.000E+00
 0.000E+00 0.000E+00 0.000E+00 0.000E+00 0.000E+00 0.000E+00 0.000E+00 0.000E+00
 0.000E+00 0.000E+00 0.000E+00 0.000E+00 0.000E+00 0.000E+00 0.000E+00 0.000E+00
 0.000E+00 0.000E+00 0.000E+00 0.000E+00 0.000E+00 0.000E+00 0.000E+00 0.000E+00
 0.000E+00 0.000E+00 0.000E+00 0.000E+00 0.000E+00 0.000E+00 0.000E+00 0.000E+00
 0.000E+00 0.000E+00 0.000E+00 0.000E+00 0.000E+00 0.000E+00 0.000E+00 9.948E-18
 4.118E-15 1.022E-14 1.491E-14 1.546E-14
                                   Total (all groups):  4.471E-14 neutrons/sec-cm**3   .
                               Average Neutron Energy:  1.548E-01 MeV.


 Neutron spectrum from po211  alphas on  c 13  via the   0.00-MeV product level
 0.000E+00 0.000E+00 0.000E+00 0.000E+00 0.000E+00 0.000E+00 2.363E-22 2.444E-19
 6.768E-19 1.077E-18 1.539E-18 2.043E-18 2.577E-18 3.078E-18 3.460E-18 3.827E-18
 4.229E-18 4.780E-18 5.350E-18 6.024E-18 6.816E-18 7.544E-18 8.186E-18 8.779E-18
 9.110E-18 9.559E-18 1.031E-17 1.095E-17 1.160E-17 1.225E-17 1.278E-17 1.305E-17
 1.320E-17 1.334E-17 1.350E-17 1.358E-17 1.377E-17 1.381E-17 1.386E-17 1.391E-17
 1.392E-17 1.393E-17 1.359E-17 1.289E-17 1.213E-17 1.156E-17 1.137E-17 1.096E-17
 1.020E-17 9.086E-18 7.950E-18 7.184E-18 6.617E-18 5.560E-18 4.653E-18 4.081E-18
 4.093E-18 4.094E-18 4.054E-18 3.997E-18 3.956E-18 3.951E-18 3.901E-18 3.630E-18
 2.845E-18 2.418E-18 2.143E-18 1.780E-18 1.438E-18 8.314E-19 3.211E-19 1.079E-19
 5.299E-20 2.962E-20 1.177E-20 2.594E-21 5.518E-23 0.000E+00 0.000E+00 0.000E+00
 0.000E+00 0.000E+00 0.000E+00 0.000E+00 0.000E+00 0.000E+00 0.000E+00 0.000E+00
 0.000E+00 0.000E+00 0.000E+00 0.000E+00 0.000E+00 0.000E+00 0.000E+00 0.000E+00
 0.000E+00 0.000E+00 0.000E+00 0.000E+00
                                   Total (all groups):  4.682E-16 neutrons/sec-cm**3   .
                               Average Neutron Energy:  6.220E+00 MeV.


 Neutron spectrum from po211  alphas on  c 13  via the   6.05-MeV product level
 0.000E+00 0.000E+00 0.000E+00 0.000E+00 0.000E+00 0.000E+00 0.000E+00 0.000E+00
 0.000E+00 0.000E+00 0.000E+00 0.000E+00 0.000E+00 0.000E+00 0.000E+00 0.000E+00
 0.000E+00 0.000E+00 0.000E+00 0.000E+00 0.000E+00 0.000E+00 0.000E+00 0.000E+00
 0.000E+00 0.000E+00 0.000E+00 0.000E+00 0.000E+00 0.000E+00 0.000E+00 0.000E+00
 0.000E+00 0.000E+00 0.000E+00 0.000E+00 0.000E+00 0.000E+00 0.000E+00 0.000E+00
 0.000E+00 0.000E+00 0.000E+00 0.000E+00 0.000E+00 0.000E+00 0.000E+00 0.000E+00
 0.000E+00 0.000E+00 0.000E+00 0.000E+00 0.000E+00 0.000E+00 0.000E+00 0.000E+00
 0.000E+00 0.000E+00 0.000E+00 0.000E+00 0.000E+00 0.000E+00 0.000E+00 0.000E+00
 0.000E+00 0.000E+00 0.000E+00 0.000E+00 0.000E+00 0.000E+00 0.000E+00 0.000E+00
 8.237E-22 1.635E-19 4.292E-19 6.727E-19 9.486E-19 1.248E-18 1.558E-18 1.864E-18
 2.092E-18 2.298E-18 2.513E-18 2.779E-18 3.106E-18 3.395E-18 3.822E-18 4.150E-18
 4.513E-18 4.788E-18 4.743E-18 4.378E-18 3.940E-18 3.623E-18 3.419E-18 3.052E-18
 2.499E-18 1.874E-18 1.366E-18 7.552E-19
                                   Total (all groups):  6.999E-17 neutrons/sec-cm**3   .
                               Average Neutron Energy:  1.163E+00 MeV.


 Neutron spectrum from po211  alphas on  c 13  via the   6.13-MeV product level
 0.000E+00 0.000E+00 0.000E+00 0.000E+00 0.000E+00 0.000E+00 0.000E+00 0.000E+00
 0.000E+00 0.000E+00 0.000E+00 0.000E+00 0.000E+00 0.000E+00 0.000E+00 0.000E+00
 0.000E+00 0.000E+00 0.000E+00 0.000E+00 0.000E+00 0.000E+00 0.000E+00 0.000E+00
 0.000E+00 0.000E+00 0.000E+00 0.000E+00 0.000E+00 0.000E+00 0.000E+00 0.000E+00
 0.000E+00 0.000E+00 0.000E+00 0.000E+00 0.000E+00 0.000E+00 0.000E+00 0.000E+00
 0.000E+00 0.000E+00 0.000E+00 0.000E+00 0.000E+00 0.000E+00 0.000E+00 0.000E+00
 0.000E+00 0.000E+00 0.000E+00 0.000E+00 0.000E+00 0.000E+00 0.000E+00 0.000E+00
 0.000E+00 0.000E+00 0.000E+00 0.000E+00 0.000E+00 0.000E+00 0.000E+00 0.000E+00
 0.000E+00 0.000E+00 0.000E+00 0.000E+00 0.000E+00 0.000E+00 0.000E+00 0.000E+00
 0.000E+00 2.059E-20 1.427E-18 3.500E-18 5.372E-18 7.464E-18 9.668E-18 1.191E-17
 1.404E-17 1.559E-17 1.697E-17 1.836E-17 1.999E-17 2.193E-17 2.361E-17 2.606E-17
 2.792E-17 2.995E-17 3.094E-17 2.883E-17 2.557E-17 2.182E-17 1.961E-17 1.786E-17
 1.494E-17 1.090E-17 7.379E-18 4.300E-18
                                   Total (all groups):  4.359E-16 neutrons/sec-cm**3   .
                               Average Neutron Energy:  1.168E+00 MeV.


 Neutron spectrum from po211  alphas on  c 13  via the   6.92-MeV product level
 0.000E+00 0.000E+00 0.000E+00 0.000E+00 0.000E+00 0.000E+00 0.000E+00 0.000E+00
 0.000E+00 0.000E+00 0.000E+00 0.000E+00 0.000E+00 0.000E+00 0.000E+00 0.000E+00
 0.000E+00 0.000E+00 0.000E+00 0.000E+00 0.000E+00 0.000E+00 0.000E+00 0.000E+00
 0.000E+00 0.000E+00 0.000E+00 0.000E+00 0.000E+00 0.000E+00 0.000E+00 0.000E+00
 0.000E+00 0.000E+00 0.000E+00 0.000E+00 0.000E+00 0.000E+00 0.000E+00 0.000E+00
 0.000E+00 0.000E+00 0.000E+00 0.000E+00 0.000E+00 0.000E+00 0.000E+00 0.000E+00
 0.000E+00 0.000E+00 0.000E+00 0.000E+00 0.000E+00 0.000E+00 0.000E+00 0.000E+00
 0.000E+00 0.000E+00 0.000E+00 0.000E+00 0.000E+00 0.000E+00 0.000E+00 0.000E+00
 0.000E+00 0.000E+00 0.000E+00 0.000E+00 0.000E+00 0.000E+00 0.000E+00 0.000E+00
 0.000E+00 0.000E+00 0.000E+00 0.000E+00 0.000E+00 0.000E+00 0.000E+00 0.000E+00
 0.000E+00 0.000E+00 0.000E+00 2.104E-19 1.166E-18 2.073E-18 2.947E-18 3.923E-18
 4.907E-18 5.896E-18 6.806E-18 7.465E-18 8.035E-18 8.589E-18 9.154E-18 9.809E-18
 8.992E-18 7.332E-18 5.254E-18 3.043E-18
                                   Total (all groups):  9.560E-17 neutrons/sec-cm**3   .
                               Average Neutron Energy:  6.868E-01 MeV.


 Neutron spectrum from po211  alphas on  c 13  via the   7.12-MeV product level
 0.000E+00 0.000E+00 0.000E+00 0.000E+00 0.000E+00 0.000E+00 0.000E+00 0.000E+00
 0.000E+00 0.000E+00 0.000E+00 0.000E+00 0.000E+00 0.000E+00 0.000E+00 0.000E+00
 0.000E+00 0.000E+00 0.000E+00 0.000E+00 0.000E+00 0.000E+00 0.000E+00 0.000E+00
 0.000E+00 0.000E+00 0.000E+00 0.000E+00 0.000E+00 0.000E+00 0.000E+00 0.000E+00
 0.000E+00 0.000E+00 0.000E+00 0.000E+00 0.000E+00 0.000E+00 0.000E+00 0.000E+00
 0.000E+00 0.000E+00 0.000E+00 0.000E+00 0.000E+00 0.000E+00 0.000E+00 0.000E+00
 0.000E+00 0.000E+00 0.000E+00 0.000E+00 0.000E+00 0.000E+00 0.000E+00 0.000E+00
 0.000E+00 0.000E+00 0.000E+00 0.000E+00 0.000E+00 0.000E+00 0.000E+00 0.000E+00
 0.000E+00 0.000E+00 0.000E+00 0.000E+00 0.000E+00 0.000E+00 0.000E+00 0.000E+00
 0.000E+00 0.000E+00 0.000E+00 0.000E+00 0.000E+00 0.000E+00 0.000E+00 0.000E+00
 0.000E+00 0.000E+00 0.000E+00 0.000E+00 0.000E+00 1.900E-21 3.161E-19 8.165E-19
 1.256E-18 1.720E-18 2.215E-18 2.711E-18 3.215E-18 3.648E-18 3.970E-18 4.252E-18
 4.521E-18 4.161E-18 3.046E-18 1.435E-18
                                   Total (all groups):  3.729E-17 neutrons/sec-cm**3   .
                               Average Neutron Energy:  5.669E-01 MeV.


 Neutron spectrum from po214  alphas on  c 13  via the   0.00-MeV product level
 0.000E+00 0.000E+00 0.000E+00 0.000E+00 1.188E-16 2.463E-15 5.611E-15 8.996E-15
 1.213E-14 1.504E-14 1.839E-14 2.204E-14 2.590E-14 2.951E-14 3.227E-14 3.492E-14
 3.780E-14 4.175E-14 4.583E-14 5.067E-14 5.635E-14 6.158E-14 6.618E-14 7.043E-14
 7.281E-14 7.603E-14 8.143E-14 8.602E-14 9.070E-14 9.535E-14 9.912E-14 1.010E-13
 1.021E-13 1.032E-13 1.043E-13 1.049E-13 1.062E-13 1.066E-13 1.069E-13 1.072E-13
 1.072E-13 1.032E-13 9.772E-14 9.262E-14 8.706E-14 8.298E-14 8.153E-14 7.860E-14
 7.313E-14 6.517E-14 5.702E-14 5.153E-14 4.746E-14 3.988E-14 3.337E-14 2.927E-14
 2.936E-14 2.936E-14 2.908E-14 2.867E-14 2.837E-14 2.834E-14 2.798E-14 2.604E-14
 2.041E-14 1.734E-14 1.537E-14 1.277E-14 1.031E-14 5.962E-15 2.302E-15 7.732E-16
 3.790E-16 2.114E-16 8.428E-17 1.860E-17 3.958E-19 0.000E+00 0.000E+00 0.000E+00
 0.000E+00 0.000E+00 0.000E+00 0.000E+00 0.000E+00 0.000E+00 0.000E+00 0.000E+00
 0.000E+00 0.000E+00 0.000E+00 0.000E+00 0.000E+00 0.000E+00 0.000E+00 0.000E+00
 0.000E+00 0.000E+00 0.000E+00 0.000E+00
                                   Total (all groups):  3.623E-12 neutrons/sec-cm**3   .
                               Average Neutron Energy:  6.323E+00 MeV.


 Neutron spectrum from po214  alphas on  c 13  via the   6.05-MeV product level
 0.000E+00 0.000E+00 0.000E+00 0.000E+00 0.000E+00 0.000E+00 0.000E+00 0.000E+00
 0.000E+00 0.000E+00 0.000E+00 0.000E+00 0.000E+00 0.000E+00 0.000E+00 0.000E+00
 0.000E+00 0.000E+00 0.000E+00 0.000E+00 0.000E+00 0.000E+00 0.000E+00 0.000E+00
 0.000E+00 0.000E+00 0.000E+00 0.000E+00 0.000E+00 0.000E+00 0.000E+00 0.000E+00
 0.000E+00 0.000E+00 0.000E+00 0.000E+00 0.000E+00 0.000E+00 0.000E+00 0.000E+00
 0.000E+00 0.000E+00 0.000E+00 0.000E+00 0.000E+00 0.000E+00 0.000E+00 0.000E+00
 0.000E+00 0.000E+00 0.000E+00 0.000E+00 0.000E+00 0.000E+00 0.000E+00 0.000E+00
 0.000E+00 0.000E+00 0.000E+00 0.000E+00 0.000E+00 0.000E+00 0.000E+00 0.000E+00
 0.000E+00 0.000E+00 0.000E+00 0.000E+00 0.000E+00 0.000E+00 1.517E-16 1.760E-15
 3.746E-15 5.844E-15 7.770E-15 9.536E-15 1.154E-14 1.370E-14 1.596E-14 1.816E-14
 1.981E-14 2.129E-14 2.283E-14 2.474E-14 2.709E-14 2.916E-14 3.222E-14 3.458E-14
 3.703E-14 3.623E-14 3.414E-14 3.149E-14 2.830E-14 2.600E-14 2.453E-14 2.189E-14
 1.793E-14 1.344E-14 9.797E-15 5.416E-15
                                   Total (all groups):  5.861E-13 neutrons/sec-cm**3   .
                               Average Neutron Energy:  1.273E+00 MeV.


 Neutron spectrum from po214  alphas on  c 13  via the   6.13-MeV product level
 0.000E+00 0.000E+00 0.000E+00 0.000E+00 0.000E+00 0.000E+00 0.000E+00 0.000E+00
 0.000E+00 0.000E+00 0.000E+00 0.000E+00 0.000E+00 0.000E+00 0.000E+00 0.000E+00
 0.000E+00 0.000E+00 0.000E+00 0.000E+00 0.000E+00 0.000E+00 0.000E+00 0.000E+00
 0.000E+00 0.000E+00 0.000E+00 0.000E+00 0.000E+00 0.000E+00 0.000E+00 0.000E+00
 0.000E+00 0.000E+00 0.000E+00 0.000E+00 0.000E+00 0.000E+00 0.000E+00 0.000E+00
 0.000E+00 0.000E+00 0.000E+00 0.000E+00 0.000E+00 0.000E+00 0.000E+00 0.000E+00
 0.000E+00 0.000E+00 0.000E+00 0.000E+00 0.000E+00 0.000E+00 0.000E+00 0.000E+00
 0.000E+00 0.000E+00 0.000E+00 0.000E+00 0.000E+00 0.000E+00 0.000E+00 0.000E+00
 0.000E+00 0.000E+00 0.000E+00 0.000E+00 0.000E+00 0.000E+00 0.000E+00 1.726E-15
 1.554E-14 3.183E-14 4.856E-14 6.359E-14 7.717E-14 9.233E-14 1.083E-13 1.245E-13
 1.399E-13 1.511E-13 1.610E-13 1.710E-13 1.827E-13 1.966E-13 2.087E-13 2.262E-13
 2.396E-13 2.465E-13 2.273E-13 2.076E-13 1.839E-13 1.567E-13 1.407E-13 1.281E-13
 1.071E-13 7.818E-14 5.293E-14 3.083E-14
                                   Total (all groups):  3.800E-12 neutrons/sec-cm**3   .
                               Average Neutron Energy:  1.291E+00 MeV.


 Neutron spectrum from po214  alphas on  c 13  via the   6.92-MeV product level
 0.000E+00 0.000E+00 0.000E+00 0.000E+00 0.000E+00 0.000E+00 0.000E+00 0.000E+00
 0.000E+00 0.000E+00 0.000E+00 0.000E+00 0.000E+00 0.000E+00 0.000E+00 0.000E+00
 0.000E+00 0.000E+00 0.000E+00 0.000E+00 0.000E+00 0.000E+00 0.000E+00 0.000E+00
 0.000E+00 0.000E+00 0.000E+00 0.000E+00 0.000E+00 0.000E+00 0.000E+00 0.000E+00
 0.000E+00 0.000E+00 0.000E+00 0.000E+00 0.000E+00 0.000E+00 0.000E+00 0.000E+00
 0.000E+00 0.000E+00 0.000E+00 0.000E+00 0.000E+00 0.000E+00 0.000E+00 0.000E+00
 0.000E+00 0.000E+00 0.000E+00 0.000E+00 0.000E+00 0.000E+00 0.000E+00 0.000E+00
 0.000E+00 0.000E+00 0.000E+00 0.000E+00 0.000E+00 0.000E+00 0.000E+00 0.000E+00
 0.000E+00 0.000E+00 0.000E+00 0.000E+00 0.000E+00 0.000E+00 0.000E+00 0.000E+00
 0.000E+00 0.000E+00 0.000E+00 0.000E+00 0.000E+00 0.000E+00 0.000E+00 0.000E+00
 0.000E+00 4.376E-15 1.191E-14 1.999E-14 2.751E-14 3.409E-14 4.043E-14 4.750E-14
 5.464E-14 6.179E-14 6.835E-14 7.311E-14 7.722E-14 8.120E-14 8.450E-14 7.676E-14
 6.491E-14 5.283E-14 3.776E-14 2.180E-14
                                   Total (all groups):  9.407E-13 neutrons/sec-cm**3   .
                               Average Neutron Energy:  8.048E-01 MeV.


 Neutron spectrum from po214  alphas on  c 13  via the   7.12-MeV product level
 0.000E+00 0.000E+00 0.000E+00 0.000E+00 0.000E+00 0.000E+00 0.000E+00 0.000E+00
 0.000E+00 0.000E+00 0.000E+00 0.000E+00 0.000E+00 0.000E+00 0.000E+00 0.000E+00
 0.000E+00 0.000E+00 0.000E+00 0.000E+00 0.000E+00 0.000E+00 0.000E+00 0.000E+00
 0.000E+00 0.000E+00 0.000E+00 0.000E+00 0.000E+00 0.000E+00 0.000E+00 0.000E+00
 0.000E+00 0.000E+00 0.000E+00 0.000E+00 0.000E+00 0.000E+00 0.000E+00 0.000E+00
 0.000E+00 0.000E+00 0.000E+00 0.000E+00 0.000E+00 0.000E+00 0.000E+00 0.000E+00
 0.000E+00 0.000E+00 0.000E+00 0.000E+00 0.000E+00 0.000E+00 0.000E+00 0.000E+00
 0.000E+00 0.000E+00 0.000E+00 0.000E+00 0.000E+00 0.000E+00 0.000E+00 0.000E+00
 0.000E+00 0.000E+00 0.000E+00 0.000E+00 0.000E+00 0.000E+00 0.000E+00 0.000E+00
 0.000E+00 0.000E+00 0.000E+00 0.000E+00 0.000E+00 0.000E+00 0.000E+00 0.000E+00
 0.000E+00 0.000E+00 0.000E+00 6.366E-16 4.196E-15 8.155E-15 1.219E-14 1.582E-14
 1.901E-14 2.237E-14 2.597E-14 2.956E-14 3.320E-14 3.633E-14 3.865E-14 4.068E-14
 3.782E-14 3.009E-14 2.199E-14 1.034E-14
                                   Total (all groups):  3.870E-13 neutrons/sec-cm**3   .
                               Average Neutron Energy:  6.806E-01 MeV.


 Neutron spectrum from po215  alphas on  c 13  via the   0.00-MeV product level
 0.000E+00 0.000E+00 0.000E+00 0.000E+00 0.000E+00 0.000E+00 0.000E+00 1.421E-17
 1.358E-16 2.710E-16 4.268E-16 5.967E-16 7.766E-16 9.448E-16 1.073E-15 1.196E-15
 1.330E-15 1.514E-15 1.704E-15 1.930E-15 2.194E-15 2.437E-15 2.651E-15 2.849E-15
 2.960E-15 3.110E-15 3.362E-15 3.575E-15 3.793E-15 4.009E-15 4.185E-15 4.274E-15
 4.325E-15 4.373E-15 4.426E-15 4.452E-15 4.516E-15 4.531E-15 4.546E-15 4.562E-15
 4.567E-15 4.570E-15 4.531E-15 4.311E-15 4.053E-15 3.863E-15 3.795E-15 3.659E-15
 3.404E-15 3.034E-15 2.654E-15 2.399E-15 2.209E-15 1.857E-15 1.554E-15 1.363E-15
 1.367E-15 1.367E-15 1.354E-15 1.334E-15 1.321E-15 1.319E-15 1.303E-15 1.212E-15
 9.502E-16 8.075E-16 7.157E-16 5.945E-16 4.802E-16 2.777E-16 1.074E-16 3.620E-17
 1.784E-17 1.000E-17 3.917E-18 8.541E-19 1.843E-20 0.000E+00 0.000E+00 0.000E+00
 0.000E+00 0.000E+00 0.000E+00 0.000E+00 0.000E+00 0.000E+00 0.000E+00 0.000E+00
 0.000E+00 0.000E+00 0.000E+00 0.000E+00 0.000E+00 0.000E+00 0.000E+00 0.000E+00
 0.000E+00 0.000E+00 0.000E+00 0.000E+00
                                   Total (all groups):  1.534E-13 neutrons/sec-cm**3   .
                               Average Neutron Energy:  6.195E+00 MeV.


 Neutron spectrum from po215  alphas on  c 13  via the   6.05-MeV product level
 0.000E+00 0.000E+00 0.000E+00 0.000E+00 0.000E+00 0.000E+00 0.000E+00 0.000E+00
 0.000E+00 0.000E+00 0.000E+00 0.000E+00 0.000E+00 0.000E+00 0.000E+00 0.000E+00
 0.000E+00 0.000E+00 0.000E+00 0.000E+00 0.000E+00 0.000E+00 0.000E+00 0.000E+00
 0.000E+00 0.000E+00 0.000E+00 0.000E+00 0.000E+00 0.000E+00 0.000E+00 0.000E+00
 0.000E+00 0.000E+00 0.000E+00 0.000E+00 0.000E+00 0.000E+00 0.000E+00 0.000E+00
 0.000E+00 0.000E+00 0.000E+00 0.000E+00 0.000E+00 0.000E+00 0.000E+00 0.000E+00
 0.000E+00 0.000E+00 0.000E+00 0.000E+00 0.000E+00 0.000E+00 0.000E+00 0.000E+00
 0.000E+00 0.000E+00 0.000E+00 0.000E+00 0.000E+00 0.000E+00 0.000E+00 0.000E+00
 0.000E+00 0.000E+00 0.000E+00 0.000E+00 0.000E+00 0.000E+00 0.000E+00 0.000E+00
 0.000E+00 9.764E-18 8.573E-17 1.679E-16 2.609E-16 3.618E-16 4.666E-16 5.692E-16
 6.458E-16 7.149E-16 7.867E-16 8.755E-16 9.847E-16 1.081E-15 1.224E-15 1.333E-15
 1.454E-15 1.547E-15 1.583E-15 1.465E-15 1.317E-15 1.210E-15 1.142E-15 1.019E-15
 8.345E-16 6.256E-16 4.561E-16 2.519E-16
                                   Total (all groups):  2.247E-14 neutrons/sec-cm**3   .
                               Average Neutron Energy:  1.135E+00 MeV.


 Neutron spectrum from po215  alphas on  c 13  via the   6.13-MeV product level
 0.000E+00 0.000E+00 0.000E+00 0.000E+00 0.000E+00 0.000E+00 0.000E+00 0.000E+00
 0.000E+00 0.000E+00 0.000E+00 0.000E+00 0.000E+00 0.000E+00 0.000E+00 0.000E+00
 0.000E+00 0.000E+00 0.000E+00 0.000E+00 0.000E+00 0.000E+00 0.000E+00 0.000E+00
 0.000E+00 0.000E+00 0.000E+00 0.000E+00 0.000E+00 0.000E+00 0.000E+00 0.000E+00
 0.000E+00 0.000E+00 0.000E+00 0.000E+00 0.000E+00 0.000E+00 0.000E+00 0.000E+00
 0.000E+00 0.000E+00 0.000E+00 0.000E+00 0.000E+00 0.000E+00 0.000E+00 0.000E+00
 0.000E+00 0.000E+00 0.000E+00 0.000E+00 0.000E+00 0.000E+00 0.000E+00 0.000E+00
 0.000E+00 0.000E+00 0.000E+00 0.000E+00 0.000E+00 0.000E+00 0.000E+00 0.000E+00
 0.000E+00 0.000E+00 0.000E+00 0.000E+00 0.000E+00 0.000E+00 0.000E+00 0.000E+00
 0.000E+00 0.000E+00 9.667E-17 7.085E-16 1.340E-15 2.046E-15 2.789E-15 3.545E-15
 4.261E-15 4.782E-15 5.243E-15 5.706E-15 6.251E-15 6.900E-15 7.462E-15 8.277E-15
 8.899E-15 9.577E-15 1.007E-14 9.663E-15 8.558E-15 7.294E-15 6.550E-15 5.964E-15
 4.987E-15 3.639E-15 2.464E-15 1.436E-15
                                   Total (all groups):  1.385E-13 neutrons/sec-cm**3   .
                               Average Neutron Energy:  1.137E+00 MeV.


 Neutron spectrum from po215  alphas on  c 13  via the   6.92-MeV product level
 0.000E+00 0.000E+00 0.000E+00 0.000E+00 0.000E+00 0.000E+00 0.000E+00 0.000E+00
 0.000E+00 0.000E+00 0.000E+00 0.000E+00 0.000E+00 0.000E+00 0.000E+00 0.000E+00
 0.000E+00 0.000E+00 0.000E+00 0.000E+00 0.000E+00 0.000E+00 0.000E+00 0.000E+00
 0.000E+00 0.000E+00 0.000E+00 0.000E+00 0.000E+00 0.000E+00 0.000E+00 0.000E+00
 0.000E+00 0.000E+00 0.000E+00 0.000E+00 0.000E+00 0.000E+00 0.000E+00 0.000E+00
 0.000E+00 0.000E+00 0.000E+00 0.000E+00 0.000E+00 0.000E+00 0.000E+00 0.000E+00
 0.000E+00 0.000E+00 0.000E+00 0.000E+00 0.000E+00 0.000E+00 0.000E+00 0.000E+00
 0.000E+00 0.000E+00 0.000E+00 0.000E+00 0.000E+00 0.000E+00 0.000E+00 0.000E+00
 0.000E+00 0.000E+00 0.000E+00 0.000E+00 0.000E+00 0.000E+00 0.000E+00 0.000E+00
 0.000E+00 0.000E+00 0.000E+00 0.000E+00 0.000E+00 0.000E+00 0.000E+00 0.000E+00
 0.000E+00 0.000E+00 0.000E+00 0.000E+00 1.601E-16 4.662E-16 7.611E-16 1.090E-15
 1.422E-15 1.755E-15 2.061E-15 2.282E-15 2.473E-15 2.659E-15 2.847E-15 3.080E-15
 3.017E-15 2.459E-15 1.758E-15 1.016E-15
                                   Total (all groups):  2.931E-14 neutrons/sec-cm**3   .
                               Average Neutron Energy:  6.554E-01 MeV.


 Neutron spectrum from po215  alphas on  c 13  via the   7.12-MeV product level
 0.000E+00 0.000E+00 0.000E+00 0.000E+00 0.000E+00 0.000E+00 0.000E+00 0.000E+00
 0.000E+00 0.000E+00 0.000E+00 0.000E+00 0.000E+00 0.000E+00 0.000E+00 0.000E+00
 0.000E+00 0.000E+00 0.000E+00 0.000E+00 0.000E+00 0.000E+00 0.000E+00 0.000E+00
 0.000E+00 0.000E+00 0.000E+00 0.000E+00 0.000E+00 0.000E+00 0.000E+00 0.000E+00
 0.000E+00 0.000E+00 0.000E+00 0.000E+00 0.000E+00 0.000E+00 0.000E+00 0.000E+00
 0.000E+00 0.000E+00 0.000E+00 0.000E+00 0.000E+00 0.000E+00 0.000E+00 0.000E+00
 0.000E+00 0.000E+00 0.000E+00 0.000E+00 0.000E+00 0.000E+00 0.000E+00 0.000E+00
 0.000E+00 0.000E+00 0.000E+00 0.000E+00 0.000E+00 0.000E+00 0.000E+00 0.000E+00
 0.000E+00 0.000E+00 0.000E+00 0.000E+00 0.000E+00 0.000E+00 0.000E+00 0.000E+00
 0.000E+00 0.000E+00 0.000E+00 0.000E+00 0.000E+00 0.000E+00 0.000E+00 0.000E+00
 0.000E+00 0.000E+00 0.000E+00 0.000E+00 0.000E+00 0.000E+00 1.523E-17 1.540E-16
 3.023E-16 4.586E-16 6.258E-16 7.932E-16 9.627E-16 1.108E-15 1.216E-15 1.311E-15
 1.401E-15 1.380E-15 1.023E-15 4.812E-16
                                   Total (all groups):  1.123E-14 neutrons/sec-cm**3   .
                               Average Neutron Energy:  5.363E-01 MeV.


 Neutron spectrum from po218  alphas on  c 13  via the   0.00-MeV product level
 0.000E+00 0.000E+00 0.000E+00 0.000E+00 0.000E+00 0.000E+00 0.000E+00 0.000E+00
 0.000E+00 0.000E+00 0.000E+00 0.000E+00 0.000E+00 0.000E+00 0.000E+00 0.000E+00
 0.000E+00 0.000E+00 0.000E+00 0.000E+00 4.719E-16 5.277E-15 9.936E-15 1.424E-14
 1.664E-14 1.990E-14 2.537E-14 3.002E-14 3.475E-14 3.945E-14 4.327E-14 4.522E-14
 4.633E-14 4.736E-14 4.851E-14 4.907E-14 5.046E-14 5.079E-14 5.111E-14 5.147E-14
 5.159E-14 5.165E-14 5.196E-14 5.219E-14 5.276E-14 5.537E-14 5.910E-14 6.132E-14
 6.295E-14 6.370E-14 5.770E-14 5.214E-14 4.803E-14 4.036E-14 3.377E-14 2.962E-14
 2.971E-14 2.971E-14 2.943E-14 2.901E-14 2.871E-14 2.868E-14 2.832E-14 2.635E-14
 2.066E-14 1.755E-14 1.556E-14 1.292E-14 1.044E-14 6.038E-15 2.334E-15 7.870E-16
 3.881E-16 2.184E-16 8.565E-17 1.876E-17 4.005E-19 0.000E+00 0.000E+00 0.000E+00
 0.000E+00 0.000E+00 0.000E+00 0.000E+00 0.000E+00 0.000E+00 0.000E+00 0.000E+00
 0.000E+00 0.000E+00 0.000E+00 0.000E+00 0.000E+00 0.000E+00 0.000E+00 0.000E+00
 0.000E+00 0.000E+00 0.000E+00 0.000E+00
                                   Total (all groups):  1.821E-12 neutrons/sec-cm**3   .
                               Average Neutron Energy:  5.550E+00 MeV.


 Neutron spectrum from po218  alphas on  c 13  via the   6.05-MeV product level
 0.000E+00 0.000E+00 0.000E+00 0.000E+00 0.000E+00 0.000E+00 0.000E+00 0.000E+00
 0.000E+00 0.000E+00 0.000E+00 0.000E+00 0.000E+00 0.000E+00 0.000E+00 0.000E+00
 0.000E+00 0.000E+00 0.000E+00 0.000E+00 0.000E+00 0.000E+00 0.000E+00 0.000E+00
 0.000E+00 0.000E+00 0.000E+00 0.000E+00 0.000E+00 0.000E+00 0.000E+00 0.000E+00
 0.000E+00 0.000E+00 0.000E+00 0.000E+00 0.000E+00 0.000E+00 0.000E+00 0.000E+00
 0.000E+00 0.000E+00 0.000E+00 0.000E+00 0.000E+00 0.000E+00 0.000E+00 0.000E+00
 0.000E+00 0.000E+00 0.000E+00 0.000E+00 0.000E+00 0.000E+00 0.000E+00 0.000E+00
 0.000E+00 0.000E+00 0.000E+00 0.000E+00 0.000E+00 0.000E+00 0.000E+00 0.000E+00
 0.000E+00 0.000E+00 0.000E+00 0.000E+00 0.000E+00 0.000E+00 0.000E+00 0.000E+00
 0.000E+00 0.000E+00 0.000E+00 0.000E+00 0.000E+00 0.000E+00 0.000E+00 0.000E+00
 0.000E+00 0.000E+00 0.000E+00 0.000E+00 0.000E+00 0.000E+00 0.000E+00 7.478E-16
 3.353E-15 5.357E-15 7.200E-15 8.172E-15 9.216E-15 1.113E-14 1.284E-14 1.428E-14
 1.561E-14 1.360E-14 9.915E-15 5.482E-15
                                   Total (all groups):  1.169E-13 neutrons/sec-cm**3   .
                               Average Neutron Energy:  5.341E-01 MeV.


 Neutron spectrum from po218  alphas on  c 13  via the   6.13-MeV product level
 0.000E+00 0.000E+00 0.000E+00 0.000E+00 0.000E+00 0.000E+00 0.000E+00 0.000E+00
 0.000E+00 0.000E+00 0.000E+00 0.000E+00 0.000E+00 0.000E+00 0.000E+00 0.000E+00
 0.000E+00 0.000E+00 0.000E+00 0.000E+00 0.000E+00 0.000E+00 0.000E+00 0.000E+00
 0.000E+00 0.000E+00 0.000E+00 0.000E+00 0.000E+00 0.000E+00 0.000E+00 0.000E+00
 0.000E+00 0.000E+00 0.000E+00 0.000E+00 0.000E+00 0.000E+00 0.000E+00 0.000E+00
 0.000E+00 0.000E+00 0.000E+00 0.000E+00 0.000E+00 0.000E+00 0.000E+00 0.000E+00
 0.000E+00 0.000E+00 0.000E+00 0.000E+00 0.000E+00 0.000E+00 0.000E+00 0.000E+00
 0.000E+00 0.000E+00 0.000E+00 0.000E+00 0.000E+00 0.000E+00 0.000E+00 0.000E+00
 0.000E+00 0.000E+00 0.000E+00 0.000E+00 0.000E+00 0.000E+00 0.000E+00 0.000E+00
 0.000E+00 0.000E+00 0.000E+00 0.000E+00 0.000E+00 0.000E+00 0.000E+00 0.000E+00
 0.000E+00 0.000E+00 0.000E+00 0.000E+00 0.000E+00 0.000E+00 0.000E+00 0.000E+00
 3.909E-15 1.845E-14 2.953E-14 3.982E-14 4.529E-14 5.041E-14 5.996E-14 6.930E-14
 7.662E-14 7.684E-14 5.356E-14 3.119E-14
                                   Total (all groups):  5.549E-13 neutrons/sec-cm**3   .
                               Average Neutron Energy:  4.907E-01 MeV.


 Neutron spectrum from rn219  alphas on  c 13  via the   0.00-MeV product level
 0.000E+00 0.000E+00 0.000E+00 0.000E+00 0.000E+00 0.000E+00 0.000E+00 0.000E+00
 0.000E+00 0.000E+00 0.000E+00 0.000E+00 1.134E-18 7.772E-17 1.813E-16 2.837E-16
 4.077E-16 5.897E-16 7.796E-16 1.004E-15 1.268E-15 1.511E-15 1.725E-15 1.923E-15
 2.033E-15 2.183E-15 2.434E-15 2.647E-15 2.865E-15 3.081E-15 3.256E-15 3.345E-15
 3.396E-15 3.444E-15 3.497E-15 3.522E-15 3.586E-15 3.601E-15 3.616E-15 3.633E-15
 3.638E-15 3.641E-15 3.655E-15 3.666E-15 3.692E-15 3.768E-15 3.765E-15 3.651E-15
 3.399E-15 3.029E-15 2.650E-15 2.395E-15 2.206E-15 1.853E-15 1.551E-15 1.360E-15
 1.364E-15 1.365E-15 1.351E-15 1.332E-15 1.319E-15 1.317E-15 1.300E-15 1.210E-15
 9.486E-16 8.062E-16 7.146E-16 5.936E-16 4.796E-16 2.774E-16 1.073E-16 3.629E-17
 1.796E-17 1.015E-17 3.980E-18 8.805E-19 1.839E-20 0.000E+00 0.000E+00 0.000E+00
 0.000E+00 0.000E+00 0.000E+00 0.000E+00 0.000E+00 0.000E+00 0.000E+00 0.000E+00
 0.000E+00 0.000E+00 0.000E+00 0.000E+00 0.000E+00 0.000E+00 0.000E+00 0.000E+00
 0.000E+00 0.000E+00 0.000E+00 0.000E+00
                                   Total (all groups):  1.224E-13 neutrons/sec-cm**3   .
                               Average Neutron Energy:  5.926E+00 MeV.


 Neutron spectrum from rn219  alphas on  c 13  via the   6.05-MeV product level
 0.000E+00 0.000E+00 0.000E+00 0.000E+00 0.000E+00 0.000E+00 0.000E+00 0.000E+00
 0.000E+00 0.000E+00 0.000E+00 0.000E+00 0.000E+00 0.000E+00 0.000E+00 0.000E+00
 0.000E+00 0.000E+00 0.000E+00 0.000E+00 0.000E+00 0.000E+00 0.000E+00 0.000E+00
 0.000E+00 0.000E+00 0.000E+00 0.000E+00 0.000E+00 0.000E+00 0.000E+00 0.000E+00
 0.000E+00 0.000E+00 0.000E+00 0.000E+00 0.000E+00 0.000E+00 0.000E+00 0.000E+00
 0.000E+00 0.000E+00 0.000E+00 0.000E+00 0.000E+00 0.000E+00 0.000E+00 0.000E+00
 0.000E+00 0.000E+00 0.000E+00 0.000E+00 0.000E+00 0.000E+00 0.000E+00 0.000E+00
 0.000E+00 0.000E+00 0.000E+00 0.000E+00 0.000E+00 0.000E+00 0.000E+00 0.000E+00
 0.000E+00 0.000E+00 0.000E+00 0.000E+00 0.000E+00 0.000E+00 0.000E+00 0.000E+00
 0.000E+00 0.000E+00 0.000E+00 0.000E+00 0.000E+00 0.000E+00 0.000E+00 3.308E-17
 9.485E-17 1.511E-16 2.156E-16 3.017E-16 4.107E-16 5.071E-16 6.494E-16 7.588E-16
 8.798E-16 9.719E-16 1.057E-15 1.101E-15 1.149E-15 1.177E-15 1.133E-15 1.017E-15
 8.332E-16 6.246E-16 4.553E-16 2.516E-16
                                   Total (all groups):  1.377E-14 neutrons/sec-cm**3   .
                               Average Neutron Energy:  8.577E-01 MeV.


 Neutron spectrum from rn219  alphas on  c 13  via the   6.13-MeV product level
 0.000E+00 0.000E+00 0.000E+00 0.000E+00 0.000E+00 0.000E+00 0.000E+00 0.000E+00
 0.000E+00 0.000E+00 0.000E+00 0.000E+00 0.000E+00 0.000E+00 0.000E+00 0.000E+00
 0.000E+00 0.000E+00 0.000E+00 0.000E+00 0.000E+00 0.000E+00 0.000E+00 0.000E+00
 0.000E+00 0.000E+00 0.000E+00 0.000E+00 0.000E+00 0.000E+00 0.000E+00 0.000E+00
 0.000E+00 0.000E+00 0.000E+00 0.000E+00 0.000E+00 0.000E+00 0.000E+00 0.000E+00
 0.000E+00 0.000E+00 0.000E+00 0.000E+00 0.000E+00 0.000E+00 0.000E+00 0.000E+00
 0.000E+00 0.000E+00 0.000E+00 0.000E+00 0.000E+00 0.000E+00 0.000E+00 0.000E+00
 0.000E+00 0.000E+00 0.000E+00 0.000E+00 0.000E+00 0.000E+00 0.000E+00 0.000E+00
 0.000E+00 0.000E+00 0.000E+00 0.000E+00 0.000E+00 0.000E+00 0.000E+00 0.000E+00
 0.000E+00 0.000E+00 0.000E+00 0.000E+00 0.000E+00 0.000E+00 0.000E+00 0.000E+00
 2.470E-16 6.682E-16 1.044E-15 1.460E-15 1.989E-15 2.637E-15 3.198E-15 4.012E-15
 4.633E-15 5.310E-15 5.819E-15 6.292E-15 6.543E-15 6.698E-15 6.423E-15 5.946E-15
 4.980E-15 3.633E-15 2.460E-15 1.434E-15
                                   Total (all groups):  7.543E-14 neutrons/sec-cm**3   .
                               Average Neutron Energy:  8.290E-01 MeV.


 Neutron spectrum from rn219  alphas on  c 13  via the   6.92-MeV product level
 0.000E+00 0.000E+00 0.000E+00 0.000E+00 0.000E+00 0.000E+00 0.000E+00 0.000E+00
 0.000E+00 0.000E+00 0.000E+00 0.000E+00 0.000E+00 0.000E+00 0.000E+00 0.000E+00
 0.000E+00 0.000E+00 0.000E+00 0.000E+00 0.000E+00 0.000E+00 0.000E+00 0.000E+00
 0.000E+00 0.000E+00 0.000E+00 0.000E+00 0.000E+00 0.000E+00 0.000E+00 0.000E+00
 0.000E+00 0.000E+00 0.000E+00 0.000E+00 0.000E+00 0.000E+00 0.000E+00 0.000E+00
 0.000E+00 0.000E+00 0.000E+00 0.000E+00 0.000E+00 0.000E+00 0.000E+00 0.000E+00
 0.000E+00 0.000E+00 0.000E+00 0.000E+00 0.000E+00 0.000E+00 0.000E+00 0.000E+00
 0.000E+00 0.000E+00 0.000E+00 0.000E+00 0.000E+00 0.000E+00 0.000E+00 0.000E+00
 0.000E+00 0.000E+00 0.000E+00 0.000E+00 0.000E+00 0.000E+00 0.000E+00 0.000E+00
 0.000E+00 0.000E+00 0.000E+00 0.000E+00 0.000E+00 0.000E+00 0.000E+00 0.000E+00
 0.000E+00 0.000E+00 0.000E+00 0.000E+00 0.000E+00 0.000E+00 0.000E+00 0.000E+00
 0.000E+00 2.705E-19 1.203E-16 2.991E-16 4.535E-16 6.156E-16 7.921E-16 1.023E-15
 1.258E-15 1.440E-15 1.514E-15 9.863E-16
                                   Total (all groups):  8.502E-15 neutrons/sec-cm**3   .
                               Average Neutron Energy:  3.622E-01 MeV.


 Neutron spectrum from rn219  alphas on  c 13  via the   7.12-MeV product level
 0.000E+00 0.000E+00 0.000E+00 0.000E+00 0.000E+00 0.000E+00 0.000E+00 0.000E+00
 0.000E+00 0.000E+00 0.000E+00 0.000E+00 0.000E+00 0.000E+00 0.000E+00 0.000E+00
 0.000E+00 0.000E+00 0.000E+00 0.000E+00 0.000E+00 0.000E+00 0.000E+00 0.000E+00
 0.000E+00 0.000E+00 0.000E+00 0.000E+00 0.000E+00 0.000E+00 0.000E+00 0.000E+00
 0.000E+00 0.000E+00 0.000E+00 0.000E+00 0.000E+00 0.000E+00 0.000E+00 0.000E+00
 0.000E+00 0.000E+00 0.000E+00 0.000E+00 0.000E+00 0.000E+00 0.000E+00 0.000E+00
 0.000E+00 0.000E+00 0.000E+00 0.000E+00 0.000E+00 0.000E+00 0.000E+00 0.000E+00
 0.000E+00 0.000E+00 0.000E+00 0.000E+00 0.000E+00 0.000E+00 0.000E+00 0.000E+00
 0.000E+00 0.000E+00 0.000E+00 0.000E+00 0.000E+00 0.000E+00 0.000E+00 0.000E+00
 0.000E+00 0.000E+00 0.000E+00 0.000E+00 0.000E+00 0.000E+00 0.000E+00 0.000E+00
 0.000E+00 0.000E+00 0.000E+00 0.000E+00 0.000E+00 0.000E+00 0.000E+00 0.000E+00
 0.000E+00 0.000E+00 0.000E+00 0.000E+00 3.371E-18 7.982E-17 1.670E-16 2.436E-16
 3.203E-16 3.928E-16 4.345E-16 3.580E-16
                                   Total (all groups):  1.999E-15 neutrons/sec-cm**3   .
                               Average Neutron Energy:  2.743E-01 MeV.


 Neutron spectrum from rn222  alphas on  c 13  via the   0.00-MeV product level
 0.000E+00 0.000E+00 0.000E+00 0.000E+00 0.000E+00 0.000E+00 0.000E+00 0.000E+00
 0.000E+00 0.000E+00 0.000E+00 0.000E+00 0.000E+00 0.000E+00 0.000E+00 0.000E+00
 0.000E+00 0.000E+00 0.000E+00 0.000E+00 0.000E+00 0.000E+00 0.000E+00 0.000E+00
 0.000E+00 1.198E-15 6.387E-15 1.095E-14 1.561E-14 2.024E-14 2.399E-14 2.591E-14
 2.700E-14 2.802E-14 2.915E-14 2.971E-14 3.108E-14 3.140E-14 3.172E-14 3.207E-14
 3.218E-14 3.224E-14 3.255E-14 3.278E-14 3.334E-14 3.591E-14 3.958E-14 4.176E-14
 4.337E-14 4.444E-14 4.540E-14 4.714E-14 4.679E-14 3.973E-14 3.325E-14 2.916E-14
 2.925E-14 2.925E-14 2.897E-14 2.856E-14 2.827E-14 2.824E-14 2.788E-14 2.594E-14
 2.034E-14 1.729E-14 1.532E-14 1.273E-14 1.028E-14 5.948E-15 2.301E-15 7.779E-16
 3.851E-16 2.177E-16 8.457E-17 1.846E-17 3.943E-19 0.000E+00 0.000E+00 0.000E+00
 0.000E+00 0.000E+00 0.000E+00 0.000E+00 0.000E+00 0.000E+00 0.000E+00 0.000E+00
 0.000E+00 0.000E+00 0.000E+00 0.000E+00 0.000E+00 0.000E+00 0.000E+00 0.000E+00
 0.000E+00 0.000E+00 0.000E+00 0.000E+00
                                   Total (all groups):  1.266E-12 neutrons/sec-cm**3   .
                               Average Neutron Energy:  5.224E+00 MeV.


 Neutron spectrum from rn222  alphas on  c 13  via the   6.05-MeV product level
 0.000E+00 0.000E+00 0.000E+00 0.000E+00 0.000E+00 0.000E+00 0.000E+00 0.000E+00
 0.000E+00 0.000E+00 0.000E+00 0.000E+00 0.000E+00 0.000E+00 0.000E+00 0.000E+00
 0.000E+00 0.000E+00 0.000E+00 0.000E+00 0.000E+00 0.000E+00 0.000E+00 0.000E+00
 0.000E+00 0.000E+00 0.000E+00 0.000E+00 0.000E+00 0.000E+00 0.000E+00 0.000E+00
 0.000E+00 0.000E+00 0.000E+00 0.000E+00 0.000E+00 0.000E+00 0.000E+00 0.000E+00
 0.000E+00 0.000E+00 0.000E+00 0.000E+00 0.000E+00 0.000E+00 0.000E+00 0.000E+00
 0.000E+00 0.000E+00 0.000E+00 0.000E+00 0.000E+00 0.000E+00 0.000E+00 0.000E+00
 0.000E+00 0.000E+00 0.000E+00 0.000E+00 0.000E+00 0.000E+00 0.000E+00 0.000E+00
 0.000E+00 0.000E+00 0.000E+00 0.000E+00 0.000E+00 0.000E+00 0.000E+00 0.000E+00
 0.000E+00 0.000E+00 0.000E+00 0.000E+00 0.000E+00 0.000E+00 0.000E+00 0.000E+00
 0.000E+00 0.000E+00 0.000E+00 0.000E+00 0.000E+00 0.000E+00 0.000E+00 0.000E+00
 0.000E+00 0.000E+00 0.000E+00 0.000E+00 1.607E-16 1.835E-15 3.516E-15 4.931E-15
 6.253E-15 7.519E-15 8.222E-15 5.389E-15
                                   Total (all groups):  3.782E-14 neutrons/sec-cm**3   .
                               Average Neutron Energy:  2.915E-01 MeV.


 Neutron spectrum from rn222  alphas on  c 13  via the   6.13-MeV product level
 0.000E+00 0.000E+00 0.000E+00 0.000E+00 0.000E+00 0.000E+00 0.000E+00 0.000E+00
 0.000E+00 0.000E+00 0.000E+00 0.000E+00 0.000E+00 0.000E+00 0.000E+00 0.000E+00
 0.000E+00 0.000E+00 0.000E+00 0.000E+00 0.000E+00 0.000E+00 0.000E+00 0.000E+00
 0.000E+00 0.000E+00 0.000E+00 0.000E+00 0.000E+00 0.000E+00 0.000E+00 0.000E+00
 0.000E+00 0.000E+00 0.000E+00 0.000E+00 0.000E+00 0.000E+00 0.000E+00 0.000E+00
 0.000E+00 0.000E+00 0.000E+00 0.000E+00 0.000E+00 0.000E+00 0.000E+00 0.000E+00
 0.000E+00 0.000E+00 0.000E+00 0.000E+00 0.000E+00 0.000E+00 0.000E+00 0.000E+00
 0.000E+00 0.000E+00 0.000E+00 0.000E+00 0.000E+00 0.000E+00 0.000E+00 0.000E+00
 0.000E+00 0.000E+00 0.000E+00 0.000E+00 0.000E+00 0.000E+00 0.000E+00 0.000E+00
 0.000E+00 0.000E+00 0.000E+00 0.000E+00 0.000E+00 0.000E+00 0.000E+00 0.000E+00
 0.000E+00 0.000E+00 0.000E+00 0.000E+00 0.000E+00 0.000E+00 0.000E+00 0.000E+00
 0.000E+00 0.000E+00 0.000E+00 0.000E+00 0.000E+00 3.597E-16 8.108E-15 1.730E-14
 2.450E-14 3.059E-14 3.528E-14 2.908E-14
                                   Total (all groups):  1.452E-13 neutrons/sec-cm**3   .
                               Average Neutron Energy:  2.438E-01 MeV.


 Neutron spectrum from ra223  alphas on  c 13  via the   0.00-MeV product level
 0.000E+00 0.000E+00 0.000E+00 0.000E+00 0.000E+00 0.000E+00 0.000E+00 0.000E+00
 0.000E+00 0.000E+00 0.000E+00 0.000E+00 0.000E+00 0.000E+00 0.000E+00 0.000E+00
 0.000E+00 0.000E+00 0.000E+00 0.000E+00 0.000E+00 0.000E+00 8.233E-19 1.347E-16
 3.103E-16 5.904E-16 1.067E-15 1.472E-15 1.885E-15 2.296E-15 2.628E-15 2.798E-15
 2.895E-15 2.985E-15 3.085E-15 3.134E-15 3.256E-15 3.285E-15 3.313E-15 3.344E-15
 3.354E-15 3.359E-15 3.386E-15 3.407E-15 3.456E-15 3.684E-15 4.009E-15 4.203E-15
 4.345E-15 4.439E-15 4.525E-15 4.512E-15 4.189E-15 3.520E-15 2.946E-15 2.584E-15
 2.591E-15 2.592E-15 2.567E-15 2.530E-15 2.504E-15 2.501E-15 2.470E-15 2.298E-15
 1.802E-15 1.532E-15 1.358E-15 1.128E-15 9.110E-16 5.271E-16 2.041E-16 6.915E-17
 3.436E-17 1.957E-17 7.531E-18 1.643E-18 3.493E-20 0.000E+00 0.000E+00 0.000E+00
 0.000E+00 0.000E+00 0.000E+00 0.000E+00 0.000E+00 0.000E+00 0.000E+00 0.000E+00
 0.000E+00 0.000E+00 0.000E+00 0.000E+00 0.000E+00 0.000E+00 0.000E+00 0.000E+00
 0.000E+00 0.000E+00 0.000E+00 0.000E+00
                                   Total (all groups):  1.260E-13 neutrons/sec-cm**3   .
                               Average Neutron Energy:  5.332E+00 MeV.


 Neutron spectrum from ra223  alphas on  c 13  via the   6.05-MeV product level
 0.000E+00 0.000E+00 0.000E+00 0.000E+00 0.000E+00 0.000E+00 0.000E+00 0.000E+00
 0.000E+00 0.000E+00 0.000E+00 0.000E+00 0.000E+00 0.000E+00 0.000E+00 0.000E+00
 0.000E+00 0.000E+00 0.000E+00 0.000E+00 0.000E+00 0.000E+00 0.000E+00 0.000E+00
 0.000E+00 0.000E+00 0.000E+00 0.000E+00 0.000E+00 0.000E+00 0.000E+00 0.000E+00
 0.000E+00 0.000E+00 0.000E+00 0.000E+00 0.000E+00 0.000E+00 0.000E+00 0.000E+00
 0.000E+00 0.000E+00 0.000E+00 0.000E+00 0.000E+00 0.000E+00 0.000E+00 0.000E+00
 0.000E+00 0.000E+00 0.000E+00 0.000E+00 0.000E+00 0.000E+00 0.000E+00 0.000E+00
 0.000E+00 0.000E+00 0.000E+00 0.000E+00 0.000E+00 0.000E+00 0.000E+00 0.000E+00
 0.000E+00 0.000E+00 0.000E+00 0.000E+00 0.000E+00 0.000E+00 0.000E+00 0.000E+00
 0.000E+00 0.000E+00 0.000E+00 0.000E+00 0.000E+00 0.000E+00 0.000E+00 0.000E+00
 0.000E+00 0.000E+00 0.000E+00 0.000E+00 0.000E+00 0.000E+00 0.000E+00 0.000E+00
 0.000E+00 1.592E-18 6.680E-17 1.376E-16 2.262E-16 3.934E-16 5.424E-16 6.678E-16
 7.850E-16 8.973E-16 8.531E-16 4.782E-16
                                   Total (all groups):  5.049E-15 neutrons/sec-cm**3   .
                               Average Neutron Energy:  3.676E-01 MeV.


 Neutron spectrum from ra223  alphas on  c 13  via the   6.13-MeV product level
 0.000E+00 0.000E+00 0.000E+00 0.000E+00 0.000E+00 0.000E+00 0.000E+00 0.000E+00
 0.000E+00 0.000E+00 0.000E+00 0.000E+00 0.000E+00 0.000E+00 0.000E+00 0.000E+00
 0.000E+00 0.000E+00 0.000E+00 0.000E+00 0.000E+00 0.000E+00 0.000E+00 0.000E+00
 0.000E+00 0.000E+00 0.000E+00 0.000E+00 0.000E+00 0.000E+00 0.000E+00 0.000E+00
 0.000E+00 0.000E+00 0.000E+00 0.000E+00 0.000E+00 0.000E+00 0.000E+00 0.000E+00
 0.000E+00 0.000E+00 0.000E+00 0.000E+00 0.000E+00 0.000E+00 0.000E+00 0.000E+00
 0.000E+00 0.000E+00 0.000E+00 0.000E+00 0.000E+00 0.000E+00 0.000E+00 0.000E+00
 0.000E+00 0.000E+00 0.000E+00 0.000E+00 0.000E+00 0.000E+00 0.000E+00 0.000E+00
 0.000E+00 0.000E+00 0.000E+00 0.000E+00 0.000E+00 0.000E+00 0.000E+00 0.000E+00
 0.000E+00 0.000E+00 0.000E+00 0.000E+00 0.000E+00 0.000E+00 0.000E+00 0.000E+00
 0.000E+00 0.000E+00 0.000E+00 0.000E+00 0.000E+00 0.000E+00 0.000E+00 0.000E+00
 0.000E+00 0.000E+00 3.630E-18 3.326E-16 7.236E-16 1.153E-15 1.986E-15 2.801E-15
 3.438E-15 3.979E-15 4.198E-15 2.719E-15
                                   Total (all groups):  2.133E-14 neutrons/sec-cm**3   .
                               Average Neutron Energy:  3.230E-01 MeV.


 Neutron spectrum from ra226  alphas on  c 13  via the   0.00-MeV product level
 0.000E+00 0.000E+00 0.000E+00 0.000E+00 0.000E+00 0.000E+00 0.000E+00 0.000E+00
 0.000E+00 0.000E+00 0.000E+00 0.000E+00 0.000E+00 0.000E+00 0.000E+00 0.000E+00
 0.000E+00 0.000E+00 0.000E+00 0.000E+00 0.000E+00 0.000E+00 0.000E+00 0.000E+00
 0.000E+00 0.000E+00 0.000E+00 0.000E+00 0.000E+00 0.000E+00 0.000E+00 1.504E-18
 5.984E-16 1.566E-15 2.686E-15 3.240E-15 4.613E-15 4.937E-15 5.252E-15 5.607E-15
 5.718E-15 5.779E-15 6.082E-15 6.315E-15 6.877E-15 9.448E-15 1.312E-14 1.531E-14
 1.691E-14 1.798E-14 1.894E-14 2.069E-14 2.197E-14 2.308E-14 2.483E-14 2.726E-14
 2.919E-14 2.927E-14 2.899E-14 2.858E-14 2.829E-14 2.825E-14 2.790E-14 2.596E-14
 2.035E-14 1.730E-14 1.533E-14 1.273E-14 1.029E-14 5.951E-15 2.302E-15 7.778E-16
 3.848E-16 2.175E-16 8.475E-17 1.857E-17 3.946E-19 0.000E+00 0.000E+00 0.000E+00
 0.000E+00 0.000E+00 0.000E+00 0.000E+00 0.000E+00 0.000E+00 0.000E+00 0.000E+00
 0.000E+00 0.000E+00 0.000E+00 0.000E+00 0.000E+00 0.000E+00 0.000E+00 0.000E+00
 0.000E+00 0.000E+00 0.000E+00 0.000E+00
                                   Total (all groups):  5.810E-13 neutrons/sec-cm**3   .
                               Average Neutron Energy:  4.423E+00 MeV.


 Neutron spectrum from ac227  alphas on  c 13  via the   0.00-MeV product level
 0.000E+00 0.000E+00 0.000E+00 0.000E+00 0.000E+00 0.000E+00 0.000E+00 0.000E+00
 0.000E+00 0.000E+00 0.000E+00 0.000E+00 0.000E+00 0.000E+00 0.000E+00 0.000E+00
 0.000E+00 0.000E+00 0.000E+00 0.000E+00 0.000E+00 0.000E+00 0.000E+00 0.000E+00
 0.000E+00 0.000E+00 0.000E+00 0.000E+00 0.000E+00 0.000E+00 3.159E-19 1.200E-18
 1.892E-18 2.548E-18 3.275E-18 3.631E-18 4.514E-18 4.722E-18 4.925E-18 5.153E-18
 5.225E-18 5.264E-18 5.459E-18 5.609E-18 5.970E-18 7.624E-18 9.986E-18 1.139E-17
 1.242E-17 1.311E-17 1.373E-17 1.485E-17 1.568E-17 1.639E-17 1.752E-17 1.849E-17
 1.883E-17 1.883E-17 1.865E-17 1.838E-17 1.820E-17 1.817E-17 1.794E-17 1.670E-17
 1.309E-17 1.113E-17 9.862E-18 8.192E-18 6.617E-18 3.828E-18 1.481E-18 5.002E-19
 2.474E-19 1.399E-19 5.450E-20 1.194E-20 2.538E-22 0.000E+00 0.000E+00 0.000E+00
 0.000E+00 0.000E+00 0.000E+00 0.000E+00 0.000E+00 0.000E+00 0.000E+00 0.000E+00
 0.000E+00 0.000E+00 0.000E+00 0.000E+00 0.000E+00 0.000E+00 0.000E+00 0.000E+00
 0.000E+00 0.000E+00 0.000E+00 0.000E+00
                                   Total (all groups):  4.118E-16 neutrons/sec-cm**3   .
                               Average Neutron Energy:  4.537E+00 MeV.


 Neutron spectrum from th227  alphas on  c 13  via the   0.00-MeV product level
 0.000E+00 0.000E+00 0.000E+00 0.000E+00 0.000E+00 0.000E+00 0.000E+00 0.000E+00
 0.000E+00 0.000E+00 0.000E+00 0.000E+00 0.000E+00 0.000E+00 0.000E+00 0.000E+00
 0.000E+00 0.000E+00 0.000E+00 0.000E+00 1.596E-17 1.310E-16 2.517E-16 3.995E-16
 5.069E-16 6.563E-16 9.070E-16 1.120E-15 1.337E-15 1.552E-15 1.727E-15 1.816E-15
 1.867E-15 1.915E-15 1.967E-15 1.993E-15 2.057E-15 2.072E-15 2.087E-15 2.103E-15
 2.108E-15 2.111E-15 2.125E-15 2.136E-15 2.162E-15 2.282E-15 2.453E-15 2.554E-15
 2.629E-15 2.668E-15 2.541E-15 2.386E-15 2.201E-15 1.850E-15 1.548E-15 1.358E-15
 1.362E-15 1.362E-15 1.349E-15 1.329E-15 1.316E-15 1.314E-15 1.298E-15 1.208E-15
 9.467E-16 8.045E-16 7.131E-16 5.923E-16 4.785E-16 2.768E-16 1.070E-16 3.610E-17
 1.782E-17 1.002E-17 3.935E-18 8.650E-19 1.836E-20 0.000E+00 0.000E+00 0.000E+00
 0.000E+00 0.000E+00 0.000E+00 0.000E+00 0.000E+00 0.000E+00 0.000E+00 0.000E+00
 0.000E+00 0.000E+00 0.000E+00 0.000E+00 0.000E+00 0.000E+00 0.000E+00 0.000E+00
 0.000E+00 0.000E+00 0.000E+00 0.000E+00
                                   Total (all groups):  7.605E-14 neutrons/sec-cm**3   .
                               Average Neutron Energy:  5.468E+00 MeV.


 Neutron spectrum from th227  alphas on  c 13  via the   6.05-MeV product level
 0.000E+00 0.000E+00 0.000E+00 0.000E+00 0.000E+00 0.000E+00 0.000E+00 0.000E+00
 0.000E+00 0.000E+00 0.000E+00 0.000E+00 0.000E+00 0.000E+00 0.000E+00 0.000E+00
 0.000E+00 0.000E+00 0.000E+00 0.000E+00 0.000E+00 0.000E+00 0.000E+00 0.000E+00
 0.000E+00 0.000E+00 0.000E+00 0.000E+00 0.000E+00 0.000E+00 0.000E+00 0.000E+00
 0.000E+00 0.000E+00 0.000E+00 0.000E+00 0.000E+00 0.000E+00 0.000E+00 0.000E+00
 0.000E+00 0.000E+00 0.000E+00 0.000E+00 0.000E+00 0.000E+00 0.000E+00 0.000E+00
 0.000E+00 0.000E+00 0.000E+00 0.000E+00 0.000E+00 0.000E+00 0.000E+00 0.000E+00
 0.000E+00 0.000E+00 0.000E+00 0.000E+00 0.000E+00 0.000E+00 0.000E+00 0.000E+00
 0.000E+00 0.000E+00 0.000E+00 0.000E+00 0.000E+00 0.000E+00 0.000E+00 0.000E+00
 0.000E+00 0.000E+00 0.000E+00 0.000E+00 0.000E+00 0.000E+00 0.000E+00 0.000E+00
 0.000E+00 0.000E+00 0.000E+00 0.000E+00 0.000E+00 0.000E+00 3.112E-19 2.076E-17
 8.342E-17 1.365E-16 2.015E-16 2.451E-16 2.930E-16 3.808E-16 4.591E-16 5.250E-16
 5.853E-16 5.625E-16 4.533E-16 2.513E-16
                                   Total (all groups):  4.198E-15 neutrons/sec-cm**3   .
                               Average Neutron Energy:  4.876E-01 MeV.


 Neutron spectrum from th227  alphas on  c 13  via the   6.13-MeV product level
 0.000E+00 0.000E+00 0.000E+00 0.000E+00 0.000E+00 0.000E+00 0.000E+00 0.000E+00
 0.000E+00 0.000E+00 0.000E+00 0.000E+00 0.000E+00 0.000E+00 0.000E+00 0.000E+00
 0.000E+00 0.000E+00 0.000E+00 0.000E+00 0.000E+00 0.000E+00 0.000E+00 0.000E+00
 0.000E+00 0.000E+00 0.000E+00 0.000E+00 0.000E+00 0.000E+00 0.000E+00 0.000E+00
 0.000E+00 0.000E+00 0.000E+00 0.000E+00 0.000E+00 0.000E+00 0.000E+00 0.000E+00
 0.000E+00 0.000E+00 0.000E+00 0.000E+00 0.000E+00 0.000E+00 0.000E+00 0.000E+00
 0.000E+00 0.000E+00 0.000E+00 0.000E+00 0.000E+00 0.000E+00 0.000E+00 0.000E+00
 0.000E+00 0.000E+00 0.000E+00 0.000E+00 0.000E+00 0.000E+00 0.000E+00 0.000E+00
 0.000E+00 0.000E+00 0.000E+00 0.000E+00 0.000E+00 0.000E+00 0.000E+00 0.000E+00
 0.000E+00 0.000E+00 0.000E+00 0.000E+00 0.000E+00 0.000E+00 0.000E+00 0.000E+00
 0.000E+00 0.000E+00 0.000E+00 0.000E+00 0.000E+00 0.000E+00 0.000E+00 1.399E-18
 1.102E-16 4.589E-16 7.498E-16 1.105E-15 1.348E-15 1.583E-15 2.020E-15 2.449E-15
 2.784E-15 2.913E-15 2.369E-15 1.431E-15
                                   Total (all groups):  1.932E-14 neutrons/sec-cm**3   .
                               Average Neutron Energy:  4.473E-01 MeV.


 Neutron spectrum from th230  alphas on  c 13  via the   0.00-MeV product level
 0.000E+00 0.000E+00 0.000E+00 0.000E+00 0.000E+00 0.000E+00 0.000E+00 0.000E+00
 0.000E+00 0.000E+00 0.000E+00 0.000E+00 0.000E+00 0.000E+00 0.000E+00 0.000E+00
 0.000E+00 0.000E+00 0.000E+00 0.000E+00 0.000E+00 0.000E+00 0.000E+00 0.000E+00
 0.000E+00 0.000E+00 0.000E+00 0.000E+00 0.000E+00 0.000E+00 0.000E+00 0.000E+00
 8.303E-18 4.857E-16 1.568E-15 2.110E-15 3.453E-15 3.770E-15 4.078E-15 4.426E-15
 4.534E-15 4.594E-15 4.890E-15 5.119E-15 5.668E-15 8.185E-15 1.178E-14 1.392E-14
 1.549E-14 1.653E-14 1.748E-14 1.918E-14 2.044E-14 2.152E-14 2.324E-14 2.562E-14
 2.809E-14 2.865E-14 2.837E-14 2.797E-14 2.768E-14 2.765E-14 2.730E-14 2.541E-14
 1.991E-14 1.693E-14 1.500E-14 1.246E-14 1.007E-14 5.824E-15 2.253E-15 7.611E-16
 3.765E-16 2.129E-16 8.294E-17 1.817E-17 3.861E-19 0.000E+00 0.000E+00 0.000E+00
 0.000E+00 0.000E+00 0.000E+00 0.000E+00 0.000E+00 0.000E+00 0.000E+00 0.000E+00
 0.000E+00 0.000E+00 0.000E+00 0.000E+00 0.000E+00 0.000E+00 0.000E+00 0.000E+00
 0.000E+00 0.000E+00 0.000E+00 0.000E+00
                                   Total (all groups):  5.431E-13 neutrons/sec-cm**3   .
                               Average Neutron Energy:  4.370E+00 MeV.


 Neutron spectrum from pa231  alphas on  c 13  via the   0.00-MeV product level
 0.000E+00 0.000E+00 0.000E+00 0.000E+00 0.000E+00 0.000E+00 0.000E+00 0.000E+00
 0.000E+00 0.000E+00 0.000E+00 0.000E+00 0.000E+00 0.000E+00 0.000E+00 0.000E+00
 0.000E+00 0.000E+00 0.000E+00 0.000E+00 0.000E+00 0.000E+00 0.000E+00 0.000E+00
 0.000E+00 0.000E+00 0.000E+00 0.000E+00 0.000E+00 7.002E-18 9.544E-17 1.694E-16
 2.153E-16 2.620E-16 3.147E-16 3.405E-16 4.045E-16 4.196E-16 4.343E-16 4.508E-16
 4.560E-16 4.589E-16 4.730E-16 4.839E-16 5.100E-16 6.299E-16 8.011E-16 9.030E-16
 9.777E-16 1.028E-15 1.072E-15 1.154E-15 1.213E-15 1.265E-15 1.345E-15 1.343E-15
 1.363E-15 1.365E-15 1.351E-15 1.332E-15 1.319E-15 1.317E-15 1.300E-15 1.210E-15
 9.486E-16 8.062E-16 7.147E-16 5.936E-16 4.795E-16 2.774E-16 1.073E-16 3.626E-17
 1.795E-17 1.015E-17 3.949E-18 8.644E-19 1.839E-20 0.000E+00 0.000E+00 0.000E+00
 0.000E+00 0.000E+00 0.000E+00 0.000E+00 0.000E+00 0.000E+00 0.000E+00 0.000E+00
 0.000E+00 0.000E+00 0.000E+00 0.000E+00 0.000E+00 0.000E+00 0.000E+00 0.000E+00
 0.000E+00 0.000E+00 0.000E+00 0.000E+00
                                   Total (all groups):  3.178E-14 neutrons/sec-cm**3   .
                               Average Neutron Energy:  4.612E+00 MeV.


 Neutron spectrum from pa231  alphas on  c 13  via the   6.05-MeV product level
 0.000E+00 0.000E+00 0.000E+00 0.000E+00 0.000E+00 0.000E+00 0.000E+00 0.000E+00
 0.000E+00 0.000E+00 0.000E+00 0.000E+00 0.000E+00 0.000E+00 0.000E+00 0.000E+00
 0.000E+00 0.000E+00 0.000E+00 0.000E+00 0.000E+00 0.000E+00 0.000E+00 0.000E+00
 0.000E+00 0.000E+00 0.000E+00 0.000E+00 0.000E+00 0.000E+00 0.000E+00 0.000E+00
 0.000E+00 0.000E+00 0.000E+00 0.000E+00 0.000E+00 0.000E+00 0.000E+00 0.000E+00
 0.000E+00 0.000E+00 0.000E+00 0.000E+00 0.000E+00 0.000E+00 0.000E+00 0.000E+00
 0.000E+00 0.000E+00 0.000E+00 0.000E+00 0.000E+00 0.000E+00 0.000E+00 0.000E+00
 0.000E+00 0.000E+00 0.000E+00 0.000E+00 0.000E+00 0.000E+00 0.000E+00 0.000E+00
 0.000E+00 0.000E+00 0.000E+00 0.000E+00 0.000E+00 0.000E+00 0.000E+00 0.000E+00
 0.000E+00 0.000E+00 0.000E+00 0.000E+00 0.000E+00 0.000E+00 0.000E+00 0.000E+00
 0.000E+00 0.000E+00 0.000E+00 0.000E+00 0.000E+00 0.000E+00 0.000E+00 0.000E+00
 0.000E+00 0.000E+00 0.000E+00 0.000E+00 0.000E+00 0.000E+00 0.000E+00 0.000E+00
 0.000E+00 0.000E+00 1.487E-18 2.830E-18
                                   Total (all groups):  4.317E-18 neutrons/sec-cm**3   .
                               Average Neutron Energy:  8.611E-02 MeV.


 Neutron spectrum from  u234  alphas on  c 13  via the   0.00-MeV product level
 0.000E+00 0.000E+00 0.000E+00 0.000E+00 0.000E+00 0.000E+00 0.000E+00 0.000E+00
 0.000E+00 0.000E+00 0.000E+00 0.000E+00 0.000E+00 0.000E+00 0.000E+00 0.000E+00
 0.000E+00 0.000E+00 0.000E+00 0.000E+00 0.000E+00 0.000E+00 0.000E+00 0.000E+00
 0.000E+00 0.000E+00 0.000E+00 0.000E+00 0.000E+00 0.000E+00 0.000E+00 0.000E+00
 4.033E-16 1.379E-15 2.513E-15 3.069E-15 4.446E-15 4.770E-15 5.087E-15 5.442E-15
 5.554E-15 5.615E-15 5.919E-15 6.153E-15 6.716E-15 9.296E-15 1.298E-14 1.517E-14
 1.678E-14 1.785E-14 1.882E-14 2.057E-14 2.185E-14 2.297E-14 2.473E-14 2.717E-14
 2.926E-14 2.936E-14 2.908E-14 2.867E-14 2.837E-14 2.834E-14 2.798E-14 2.604E-14
 2.041E-14 1.735E-14 1.538E-14 1.277E-14 1.032E-14 5.969E-15 2.309E-15 7.802E-16
 3.859E-16 2.182E-16 8.502E-17 1.863E-17 3.958E-19 0.000E+00 0.000E+00 0.000E+00
 0.000E+00 0.000E+00 0.000E+00 0.000E+00 0.000E+00 0.000E+00 0.000E+00 0.000E+00
 0.000E+00 0.000E+00 0.000E+00 0.000E+00 0.000E+00 0.000E+00 0.000E+00 0.000E+00
 0.000E+00 0.000E+00 0.000E+00 0.000E+00
                                   Total (all groups):  5.784E-13 neutrons/sec-cm**3   .
                               Average Neutron Energy:  4.414E+00 MeV.


 Neutron spectrum from  u235  alphas on  c 13  via the   0.00-MeV product level
 0.000E+00 0.000E+00 0.000E+00 0.000E+00 0.000E+00 0.000E+00 0.000E+00 0.000E+00
 0.000E+00 0.000E+00 0.000E+00 0.000E+00 0.000E+00 0.000E+00 0.000E+00 0.000E+00
 0.000E+00 0.000E+00 0.000E+00 0.000E+00 0.000E+00 0.000E+00 0.000E+00 0.000E+00
 0.000E+00 0.000E+00 0.000E+00 0.000E+00 0.000E+00 0.000E+00 0.000E+00 0.000E+00
 0.000E+00 1.254E-19 3.223E-18 1.068E-17 5.961E-17 7.363E-17 8.828E-17 1.048E-16
 1.100E-16 1.128E-16 1.270E-16 1.379E-16 1.640E-16 2.839E-16 4.551E-16 5.571E-16
 6.318E-16 6.818E-16 7.266E-16 8.080E-16 8.677E-16 9.195E-16 1.001E-15 1.115E-15
 1.236E-15 1.319E-15 1.345E-15 1.333E-15 1.319E-15 1.317E-15 1.301E-15 1.211E-15
 9.489E-16 8.065E-16 7.148E-16 5.938E-16 4.797E-16 2.775E-16 1.073E-16 3.626E-17
 1.794E-17 1.014E-17 3.951E-18 8.655E-19 1.840E-20 0.000E+00 0.000E+00 0.000E+00
 0.000E+00 0.000E+00 0.000E+00 0.000E+00 0.000E+00 0.000E+00 0.000E+00 0.000E+00
 0.000E+00 0.000E+00 0.000E+00 0.000E+00 0.000E+00 0.000E+00 0.000E+00 0.000E+00
 0.000E+00 0.000E+00 0.000E+00 0.000E+00
                                   Total (all groups):  2.341E-14 neutrons/sec-cm**3   .
                               Average Neutron Energy:  4.260E+00 MeV.


 Neutron spectrum from  u238  alphas on  c 13  via the   0.00-MeV product level
 0.000E+00 0.000E+00 0.000E+00 0.000E+00 0.000E+00 0.000E+00 0.000E+00 0.000E+00
 0.000E+00 0.000E+00 0.000E+00 0.000E+00 0.000E+00 0.000E+00 0.000E+00 0.000E+00
 0.000E+00 0.000E+00 0.000E+00 0.000E+00 0.000E+00 0.000E+00 0.000E+00 0.000E+00
 0.000E+00 0.000E+00 0.000E+00 0.000E+00 0.000E+00 0.000E+00 0.000E+00 0.000E+00
 0.000E+00 0.000E+00 0.000E+00 0.000E+00 0.000E+00 2.502E-17 2.959E-16 6.499E-16
 7.608E-16 8.220E-16 1.124E-15 1.358E-15 1.919E-15 4.489E-15 8.158E-15 1.034E-14
 1.195E-14 1.302E-14 1.398E-14 1.572E-14 1.700E-14 1.811E-14 1.986E-14 2.229E-14
 2.490E-14 2.673E-14 2.809E-14 2.854E-14 2.827E-14 2.824E-14 2.788E-14 2.594E-14
 2.034E-14 1.728E-14 1.532E-14 1.273E-14 1.028E-14 5.946E-15 2.300E-15 7.766E-16
 3.839E-16 2.168E-16 8.460E-17 1.853E-17 3.943E-19 0.000E+00 0.000E+00 0.000E+00
 0.000E+00 0.000E+00 0.000E+00 0.000E+00 0.000E+00 0.000E+00 0.000E+00 0.000E+00
 0.000E+00 0.000E+00 0.000E+00 0.000E+00 0.000E+00 0.000E+00 0.000E+00 0.000E+00
 0.000E+00 0.000E+00 0.000E+00 0.000E+00
                                   Total (all groups):  4.661E-13 neutrons/sec-cm**3   .
                               Average Neutron Energy:  4.182E+00 MeV.
 

--------------------------------------------------------------------------------
 
