SOURCES 4A Calculation
<<<<<<<<<<<>>>>>>>>>>>



                      Normalized Neutron Source Spectra
                      ~~~~~~~~~~~~~~~~~~~~~~~~~~~~~~~~~

Title: U238 (0.992742ppb), U235 (0.007204ppb), carbon (1.00 g/cm**3)                

 Neutron Multigroup Structure (MeV)
 1.000E+01 9.900E+00 9.800E+00 9.700E+00 9.600E+00 9.500E+00 9.400E+00 9.300E+00
 9.200E+00 9.100E+00 9.000E+00 8.900E+00 8.800E+00 8.700E+00 8.600E+00 8.500E+00
 8.400E+00 8.300E+00 8.200E+00 8.100E+00 8.000E+00 7.900E+00 7.800E+00 7.700E+00
 7.600E+00 7.500E+00 7.400E+00 7.300E+00 7.200E+00 7.100E+00 7.000E+00 6.900E+00
 6.800E+00 6.700E+00 6.600E+00 6.500E+00 6.400E+00 6.300E+00 6.200E+00 6.100E+00
 6.000E+00 5.900E+00 5.800E+00 5.700E+00 5.600E+00 5.500E+00 5.400E+00 5.300E+00
 5.200E+00 5.100E+00 5.000E+00 4.900E+00 4.800E+00 4.700E+00 4.600E+00 4.500E+00
 4.400E+00 4.300E+00 4.200E+00 4.100E+00 4.000E+00 3.900E+00 3.800E+00 3.700E+00
 3.600E+00 3.500E+00 3.400E+00 3.300E+00 3.200E+00 3.100E+00 3.000E+00 2.900E+00
 2.800E+00 2.700E+00 2.600E+00 2.500E+00 2.400E+00 2.300E+00 2.200E+00 2.100E+00
 2.000E+00 1.900E+00 1.800E+00 1.700E+00 1.600E+00 1.500E+00 1.400E+00 1.300E+00
 1.200E+00 1.100E+00 1.000E+00 9.000E-01 8.000E-01 7.000E-01 6.000E-01 5.000E-01
 4.000E-01 3.000E-01 2.000E-01 1.000E-01 0.000E+00

--------------------------------------------------------------------------------


 (a,n) neutrons/sec-cc from  1.06370E-04 at/cc bi211  alphas on  c 13  in target
 0.000E+00 0.000E+00 0.000E+00 0.000E+00 0.000E+00 0.000E+00 0.000E+00 0.000E+00
 0.000E+00 0.000E+00 0.000E+00 0.000E+00 0.000E+00 0.000E+00 2.198E-05 4.224E-04
 1.002E-03 1.798E-03 2.702E-03 3.861E-03 5.221E-03 6.473E-03 7.575E-03 8.594E-03
 9.162E-03 9.934E-03 1.123E-02 1.233E-02 1.345E-02 1.456E-02 1.546E-02 1.593E-02
 1.619E-02 1.643E-02 1.671E-02 1.684E-02 1.717E-02 1.725E-02 1.732E-02 1.741E-02
 1.743E-02 1.745E-02 1.752E-02 1.758E-02 1.771E-02 1.833E-02 1.905E-02 1.862E-02
 1.751E-02 1.561E-02 1.366E-02 1.234E-02 1.137E-02 9.553E-03 7.994E-03 7.012E-03
 7.033E-03 7.034E-03 6.966E-03 6.867E-03 6.797E-03 6.789E-03 6.703E-03 6.238E-03
 4.890E-03 4.157E-03 3.685E-03 3.061E-03 2.473E-03 1.431E-03 5.543E-04 1.881E-04
 9.368E-05 5.351E-05 2.037E-05 4.405E-06 9.481E-08 0.000E+00 0.000E+00 0.000E+00
 6.072E-08 1.579E-04 1.546E-03 3.933E-03 6.772E-03 1.015E-02 1.374E-02 1.850E-02
 2.232E-02 2.629E-02 2.935E-02 3.201E-02 3.386E-02 3.633E-02 3.909E-02 3.822E-02
 3.444E-02 2.771E-02 2.177E-02 1.431E-02
                                   Total (all groups):  9.993E-01 neutrons/sec-cm**3   .
                               Average Neutron Energy:  3.744E+00 MeV.


 (a,n) neutrons/sec-cc from  2.12990E+02 at/cc po210  alphas on  c 13  in target
 0.000E+00 0.000E+00 0.000E+00 0.000E+00 0.000E+00 0.000E+00 0.000E+00 0.000E+00
 0.000E+00 0.000E+00 0.000E+00 0.000E+00 0.000E+00 0.000E+00 0.000E+00 0.000E+00
 0.000E+00 0.000E+00 0.000E+00 0.000E+00 0.000E+00 0.000E+00 0.000E+00 0.000E+00
 0.000E+00 0.000E+00 0.000E+00 1.873E-03 6.144E-03 1.040E-02 1.384E-02 1.561E-02
 1.661E-02 1.754E-02 1.858E-02 1.909E-02 2.035E-02 2.065E-02 2.094E-02 2.126E-02
 2.136E-02 2.142E-02 2.170E-02 2.191E-02 2.243E-02 2.479E-02 2.816E-02 3.016E-02
 3.163E-02 3.262E-02 3.350E-02 3.510E-02 3.628E-02 3.594E-02 3.053E-02 2.678E-02
 2.686E-02 2.686E-02 2.660E-02 2.623E-02 2.596E-02 2.593E-02 2.560E-02 2.382E-02
 1.868E-02 1.587E-02 1.407E-02 1.169E-02 9.442E-03 5.463E-03 2.114E-03 7.154E-04
 3.548E-04 2.014E-04 7.789E-05 1.701E-05 3.621E-07 0.000E+00 0.000E+00 0.000E+00
 0.000E+00 0.000E+00 0.000E+00 0.000E+00 0.000E+00 0.000E+00 0.000E+00 0.000E+00
 0.000E+00 0.000E+00 0.000E+00 0.000E+00 0.000E+00 0.000E+00 6.757E-05 1.086E-03
 6.073E-03 1.284E-02 1.779E-02 1.798E-02
                                   Total (all groups):  9.996E-01 neutrons/sec-cm**3   .
                               Average Neutron Energy:  4.761E+00 MeV.


 (a,n) neutrons/sec-cc from  1.28630E-09 at/cc po211  alphas on  c 13  in target
 0.000E+00 0.000E+00 0.000E+00 0.000E+00 0.000E+00 0.000E+00 2.134E-07 2.207E-04
 6.111E-04 9.730E-04 1.390E-03 1.845E-03 2.327E-03 2.780E-03 3.125E-03 3.456E-03
 3.819E-03 4.317E-03 4.831E-03 5.440E-03 6.155E-03 6.813E-03 7.393E-03 7.928E-03
 8.227E-03 8.633E-03 9.313E-03 9.891E-03 1.048E-02 1.106E-02 1.154E-02 1.178E-02
 1.192E-02 1.205E-02 1.219E-02 1.226E-02 1.243E-02 1.248E-02 1.252E-02 1.256E-02
 1.257E-02 1.258E-02 1.228E-02 1.164E-02 1.095E-02 1.044E-02 1.026E-02 9.896E-03
 9.208E-03 8.206E-03 7.179E-03 6.487E-03 5.976E-03 5.021E-03 4.202E-03 3.685E-03
 3.697E-03 3.697E-03 3.661E-03 3.609E-03 3.572E-03 3.568E-03 3.523E-03 3.278E-03
 2.570E-03 2.183E-03 1.935E-03 1.607E-03 1.298E-03 7.508E-04 2.900E-04 9.748E-05
 4.860E-05 1.930E-04 1.687E-03 3.770E-03 5.708E-03 7.867E-03 1.014E-02 1.244E-02
 1.457E-02 1.616E-02 1.759E-02 1.928E-02 2.191E-02 2.474E-02 2.772E-02 3.156E-02
 3.485E-02 3.825E-02 4.037E-02 3.918E-02 3.680E-02 3.403E-02 3.265E-02 3.158E-02
 2.795E-02 2.191E-02 1.539E-02 8.609E-03
                                   Total (all groups):  9.996E-01 neutrons/sec-cm**3   .
                               Average Neutron Energy:  3.242E+00 MeV.


 (a,n) neutrons/sec-cc from  2.92700E-09 at/cc po214  alphas on  c 13  in target
 0.000E+00 0.000E+00 0.000E+00 0.000E+00 1.272E-05 2.638E-04 6.008E-04 9.632E-04
 1.299E-03 1.610E-03 1.969E-03 2.360E-03 2.773E-03 3.160E-03 3.455E-03 3.738E-03
 4.047E-03 4.470E-03 4.908E-03 5.425E-03 6.033E-03 6.593E-03 7.086E-03 7.541E-03
 7.796E-03 8.141E-03 8.719E-03 9.211E-03 9.711E-03 1.021E-02 1.061E-02 1.082E-02
 1.094E-02 1.105E-02 1.117E-02 1.123E-02 1.137E-02 1.141E-02 1.144E-02 1.148E-02
 1.147E-02 1.105E-02 1.046E-02 9.916E-03 9.322E-03 8.885E-03 8.730E-03 8.416E-03
 7.831E-03 6.978E-03 6.105E-03 5.517E-03 5.082E-03 4.270E-03 3.573E-03 3.134E-03
 3.144E-03 3.144E-03 3.114E-03 3.069E-03 3.038E-03 3.034E-03 2.996E-03 2.788E-03
 2.185E-03 1.857E-03 1.646E-03 1.367E-03 1.104E-03 6.384E-04 2.627E-04 4.560E-04
 2.105E-03 4.057E-03 6.040E-03 7.832E-03 9.498E-03 1.135E-02 1.331E-02 1.528E-02
 1.710E-02 1.893E-02 2.096E-02 2.316E-02 2.585E-02 2.870E-02 3.143E-02 3.470E-02
 3.750E-02 3.928E-02 3.809E-02 3.659E-02 3.454E-02 3.214E-02 3.088E-02 2.864E-02
 2.439E-02 1.869E-02 1.311E-02 7.322E-03
                                   Total (all groups):  9.997E-01 neutrons/sec-cm**3   .
                               Average Neutron Energy:  3.168E+00 MeV.


 (a,n) neutrons/sec-cc from  1.47990E-09 at/cc po215  alphas on  c 13  in target
 0.000E+00 0.000E+00 0.000E+00 0.000E+00 0.000E+00 0.000E+00 0.000E+00 4.003E-05
 3.826E-04 7.633E-04 1.202E-03 1.680E-03 2.187E-03 2.661E-03 3.022E-03 3.369E-03
 3.747E-03 4.265E-03 4.800E-03 5.434E-03 6.179E-03 6.864E-03 7.467E-03 8.024E-03
 8.336E-03 8.758E-03 9.467E-03 1.007E-02 1.068E-02 1.129E-02 1.179E-02 1.204E-02
 1.218E-02 1.232E-02 1.246E-02 1.254E-02 1.272E-02 1.276E-02 1.280E-02 1.285E-02
 1.286E-02 1.287E-02 1.276E-02 1.214E-02 1.141E-02 1.088E-02 1.069E-02 1.030E-02
 9.587E-03 8.544E-03 7.475E-03 6.755E-03 6.222E-03 5.228E-03 4.375E-03 3.837E-03
 3.849E-03 3.849E-03 3.812E-03 3.758E-03 3.720E-03 3.715E-03 3.668E-03 3.414E-03
 2.676E-03 2.274E-03 2.016E-03 1.674E-03 1.352E-03 7.822E-04 3.024E-04 1.020E-04
 5.025E-05 5.566E-05 5.247E-04 2.470E-03 4.509E-03 6.780E-03 9.169E-03 1.159E-02
 1.382E-02 1.548E-02 1.698E-02 1.854E-02 2.083E-02 2.379E-02 2.665E-02 3.057E-02
 3.401E-02 3.756E-02 4.037E-02 4.000E-02 3.749E-02 3.456E-02 3.310E-02 3.203E-02
 2.884E-02 2.282E-02 1.606E-02 8.970E-03
                                   Total (all groups):  9.996E-01 neutrons/sec-cm**3   .
                               Average Neutron Energy:  3.264E+00 MeV.


 (a,n) neutrons/sec-cc from  3.31140E-03 at/cc po218  alphas on  c 13  in target
 0.000E+00 0.000E+00 0.000E+00 0.000E+00 0.000E+00 0.000E+00 0.000E+00 0.000E+00
 0.000E+00 0.000E+00 0.000E+00 0.000E+00 0.000E+00 0.000E+00 0.000E+00 0.000E+00
 0.000E+00 0.000E+00 0.000E+00 0.000E+00 1.893E-04 2.117E-03 3.985E-03 5.711E-03
 6.675E-03 7.983E-03 1.018E-02 1.204E-02 1.394E-02 1.582E-02 1.735E-02 1.814E-02
 1.858E-02 1.900E-02 1.946E-02 1.968E-02 2.024E-02 2.037E-02 2.050E-02 2.065E-02
 2.069E-02 2.072E-02 2.084E-02 2.093E-02 2.116E-02 2.221E-02 2.370E-02 2.459E-02
 2.525E-02 2.555E-02 2.314E-02 2.091E-02 1.927E-02 1.619E-02 1.355E-02 1.188E-02
 1.192E-02 1.192E-02 1.180E-02 1.164E-02 1.152E-02 1.150E-02 1.136E-02 1.057E-02
 8.285E-03 7.041E-03 6.241E-03 5.184E-03 4.187E-03 2.422E-03 9.362E-04 3.156E-04
 1.556E-04 8.761E-05 3.435E-05 7.526E-06 1.607E-07 0.000E+00 0.000E+00 0.000E+00
 0.000E+00 0.000E+00 0.000E+00 0.000E+00 0.000E+00 0.000E+00 0.000E+00 2.999E-04
 2.913E-03 9.548E-03 1.473E-02 1.925E-02 2.186E-02 2.468E-02 2.920E-02 3.352E-02
 3.699E-02 3.627E-02 2.546E-02 1.471E-02
                                   Total (all groups):  9.998E-01 neutrons/sec-cm**3   .
                               Average Neutron Energy:  4.188E+00 MeV.


 (a,n) neutrons/sec-cc from  3.29060E-06 at/cc rn219  alphas on  c 13  in target
 0.000E+00 0.000E+00 0.000E+00 0.000E+00 0.000E+00 0.000E+00 0.000E+00 0.000E+00
 0.000E+00 0.000E+00 0.000E+00 0.000E+00 5.105E-06 3.498E-04 8.161E-04 1.277E-03
 1.835E-03 2.654E-03 3.508E-03 4.520E-03 5.708E-03 6.802E-03 7.765E-03 8.654E-03
 9.150E-03 9.824E-03 1.095E-02 1.191E-02 1.289E-02 1.386E-02 1.465E-02 1.506E-02
 1.529E-02 1.550E-02 1.574E-02 1.585E-02 1.614E-02 1.621E-02 1.627E-02 1.635E-02
 1.637E-02 1.639E-02 1.645E-02 1.650E-02 1.662E-02 1.696E-02 1.694E-02 1.643E-02
 1.530E-02 1.363E-02 1.193E-02 1.078E-02 9.927E-03 8.341E-03 6.980E-03 6.122E-03
 6.141E-03 6.141E-03 6.082E-03 5.996E-03 5.934E-03 5.927E-03 5.852E-03 5.446E-03
 4.269E-03 3.628E-03 3.216E-03 2.672E-03 2.158E-03 1.249E-03 4.831E-04 1.633E-04
 8.084E-05 4.569E-05 1.791E-05 3.963E-06 8.278E-08 0.000E+00 0.000E+00 1.489E-04
 1.539E-03 3.687E-03 5.667E-03 7.930E-03 1.080E-02 1.415E-02 1.732E-02 2.147E-02
 2.481E-02 2.827E-02 3.149E-02 3.462E-02 3.667E-02 3.857E-02 3.832E-02 3.704E-02
 3.326E-02 2.741E-02 2.189E-02 1.364E-02
                                   Total (all groups):  9.994E-01 neutrons/sec-cm**3   .
                               Average Neutron Energy:  3.617E+00 MeV.


 (a,n) neutrons/sec-cc from  5.88520E+00 at/cc rn222  alphas on  c 13  in target
 0.000E+00 0.000E+00 0.000E+00 0.000E+00 0.000E+00 0.000E+00 0.000E+00 0.000E+00
 0.000E+00 0.000E+00 0.000E+00 0.000E+00 0.000E+00 0.000E+00 0.000E+00 0.000E+00
 0.000E+00 0.000E+00 0.000E+00 0.000E+00 0.000E+00 0.000E+00 0.000E+00 0.000E+00
 0.000E+00 8.263E-04 4.406E-03 7.557E-03 1.077E-02 1.396E-02 1.655E-02 1.787E-02
 1.863E-02 1.933E-02 2.011E-02 2.049E-02 2.144E-02 2.166E-02 2.188E-02 2.212E-02
 2.220E-02 2.224E-02 2.245E-02 2.261E-02 2.300E-02 2.477E-02 2.730E-02 2.881E-02
 2.992E-02 3.065E-02 3.132E-02 3.252E-02 3.228E-02 2.740E-02 2.294E-02 2.012E-02
 2.018E-02 2.018E-02 1.999E-02 1.970E-02 1.950E-02 1.948E-02 1.923E-02 1.790E-02
 1.403E-02 1.192E-02 1.057E-02 8.780E-03 7.092E-03 4.103E-03 1.587E-03 5.366E-04
 2.656E-04 1.502E-04 5.834E-05 1.274E-05 2.720E-07 0.000E+00 0.000E+00 0.000E+00
 0.000E+00 0.000E+00 0.000E+00 0.000E+00 0.000E+00 0.000E+00 0.000E+00 0.000E+00
 0.000E+00 0.000E+00 0.000E+00 0.000E+00 1.108E-04 1.514E-03 8.019E-03 1.534E-02
 2.121E-02 2.629E-02 3.001E-02 2.378E-02
                                   Total (all groups):  9.997E-01 neutrons/sec-cm**3   .
                               Average Neutron Energy:  4.596E+00 MeV.


 (a,n) neutrons/sec-cc from  8.20610E-01 at/cc ra223  alphas on  c 13  in target
 0.000E+00 0.000E+00 0.000E+00 0.000E+00 0.000E+00 0.000E+00 0.000E+00 0.000E+00
 0.000E+00 0.000E+00 0.000E+00 0.000E+00 0.000E+00 0.000E+00 0.000E+00 0.000E+00
 0.000E+00 0.000E+00 0.000E+00 0.000E+00 0.000E+00 0.000E+00 5.400E-06 8.834E-04
 2.035E-03 3.872E-03 7.001E-03 9.658E-03 1.237E-02 1.506E-02 1.724E-02 1.835E-02
 1.899E-02 1.958E-02 2.024E-02 2.056E-02 2.135E-02 2.154E-02 2.173E-02 2.193E-02
 2.200E-02 2.203E-02 2.221E-02 2.234E-02 2.267E-02 2.416E-02 2.629E-02 2.756E-02
 2.849E-02 2.912E-02 2.968E-02 2.959E-02 2.747E-02 2.309E-02 1.932E-02 1.695E-02
 1.700E-02 1.700E-02 1.683E-02 1.659E-02 1.642E-02 1.641E-02 1.620E-02 1.507E-02
 1.182E-02 1.004E-02 8.904E-03 7.396E-03 5.975E-03 3.457E-03 1.339E-03 4.535E-04
 2.254E-04 1.283E-04 4.939E-05 1.078E-05 2.291E-07 0.000E+00 0.000E+00 0.000E+00
 0.000E+00 0.000E+00 0.000E+00 0.000E+00 0.000E+00 0.000E+00 0.000E+00 0.000E+00
 0.000E+00 1.044E-05 4.619E-04 3.084E-03 6.229E-03 1.014E-02 1.658E-02 2.275E-02
 2.770E-02 3.198E-02 3.313E-02 2.097E-02
                                   Total (all groups):  9.997E-01 neutrons/sec-cm**3   .
                               Average Neutron Energy:  4.466E+00 MeV.


 (a,n) neutrons/sec-cc from  8.99520E+05 at/cc ra226  alphas on  c 13  in target
 0.000E+00 0.000E+00 0.000E+00 0.000E+00 0.000E+00 0.000E+00 0.000E+00 0.000E+00
 0.000E+00 0.000E+00 0.000E+00 0.000E+00 0.000E+00 0.000E+00 0.000E+00 0.000E+00
 0.000E+00 0.000E+00 0.000E+00 0.000E+00 0.000E+00 0.000E+00 0.000E+00 0.000E+00
 0.000E+00 0.000E+00 0.000E+00 0.000E+00 0.000E+00 0.000E+00 0.000E+00 2.589E-06
 1.030E-03 2.695E-03 4.624E-03 5.578E-03 7.941E-03 8.497E-03 9.040E-03 9.651E-03
 9.842E-03 9.947E-03 1.047E-02 1.087E-02 1.184E-02 1.626E-02 2.258E-02 2.635E-02
 2.910E-02 3.095E-02 3.260E-02 3.561E-02 3.781E-02 3.972E-02 4.274E-02 4.693E-02
 5.024E-02 5.039E-02 4.990E-02 4.919E-02 4.869E-02 4.863E-02 4.802E-02 4.469E-02
 3.503E-02 2.977E-02 2.639E-02 2.192E-02 1.771E-02 1.024E-02 3.962E-03 1.339E-03
 6.623E-04 3.744E-04 1.459E-04 3.196E-05 6.792E-07 0.000E+00 0.000E+00 0.000E+00
 0.000E+00 0.000E+00 0.000E+00 0.000E+00 0.000E+00 0.000E+00 0.000E+00 0.000E+00
 0.000E+00 0.000E+00 0.000E+00 0.000E+00 0.000E+00 0.000E+00 0.000E+00 0.000E+00
 0.000E+00 0.000E+00 0.000E+00 0.000E+00
                                   Total (all groups):  1.000E+00 neutrons/sec-cm**3   .
                               Average Neutron Energy:  4.423E+00 MeV.


 (a,n) neutrons/sec-cc from  5.70930E+02 at/cc ac227  alphas on  c 13  in target
 0.000E+00 0.000E+00 0.000E+00 0.000E+00 0.000E+00 0.000E+00 0.000E+00 0.000E+00
 0.000E+00 0.000E+00 0.000E+00 0.000E+00 0.000E+00 0.000E+00 0.000E+00 0.000E+00
 0.000E+00 0.000E+00 0.000E+00 0.000E+00 0.000E+00 0.000E+00 0.000E+00 0.000E+00
 0.000E+00 0.000E+00 0.000E+00 0.000E+00 0.000E+00 0.000E+00 7.672E-04 2.915E-03
 4.594E-03 6.187E-03 7.953E-03 8.819E-03 1.096E-02 1.147E-02 1.196E-02 1.252E-02
 1.269E-02 1.278E-02 1.326E-02 1.362E-02 1.450E-02 1.852E-02 2.425E-02 2.767E-02
 3.017E-02 3.185E-02 3.335E-02 3.608E-02 3.808E-02 3.981E-02 4.255E-02 4.490E-02
 4.573E-02 4.573E-02 4.529E-02 4.465E-02 4.419E-02 4.414E-02 4.358E-02 4.056E-02
 3.179E-02 2.702E-02 2.395E-02 1.989E-02 1.607E-02 9.296E-03 3.596E-03 1.215E-03
 6.009E-04 3.397E-04 1.324E-04 2.899E-05 6.164E-07 0.000E+00 0.000E+00 0.000E+00
 0.000E+00 0.000E+00 0.000E+00 0.000E+00 0.000E+00 0.000E+00 0.000E+00 0.000E+00
 0.000E+00 0.000E+00 0.000E+00 0.000E+00 0.000E+00 0.000E+00 0.000E+00 0.000E+00
 0.000E+00 0.000E+00 0.000E+00 0.000E+00
                                   Total (all groups):  1.000E+00 neutrons/sec-cm**3   .
                               Average Neutron Energy:  4.537E+00 MeV.


 (a,n) neutrons/sec-cc from  1.34110E+00 at/cc th227  alphas on  c 13  in target
 0.000E+00 0.000E+00 0.000E+00 0.000E+00 0.000E+00 0.000E+00 0.000E+00 0.000E+00
 0.000E+00 0.000E+00 0.000E+00 0.000E+00 0.000E+00 0.000E+00 0.000E+00 0.000E+00
 0.000E+00 0.000E+00 0.000E+00 0.000E+00 1.601E-04 1.314E-03 2.525E-03 4.009E-03
 5.086E-03 6.585E-03 9.101E-03 1.124E-02 1.341E-02 1.558E-02 1.733E-02 1.823E-02
 1.874E-02 1.921E-02 1.974E-02 2.000E-02 2.064E-02 2.079E-02 2.094E-02 2.110E-02
 2.115E-02 2.118E-02 2.132E-02 2.143E-02 2.170E-02 2.290E-02 2.461E-02 2.563E-02
 2.638E-02 2.677E-02 2.549E-02 2.394E-02 2.209E-02 1.856E-02 1.553E-02 1.362E-02
 1.366E-02 1.366E-02 1.353E-02 1.334E-02 1.320E-02 1.319E-02 1.302E-02 1.212E-02
 9.498E-03 8.072E-03 7.155E-03 5.943E-03 4.801E-03 2.777E-03 1.074E-03 3.623E-04
 1.788E-04 1.005E-04 3.948E-05 8.679E-06 1.842E-07 0.000E+00 0.000E+00 0.000E+00
 0.000E+00 0.000E+00 0.000E+00 0.000E+00 0.000E+00 0.000E+00 3.123E-06 2.224E-04
 1.943E-03 5.974E-03 9.545E-03 1.355E-02 1.647E-02 1.970E-02 2.488E-02 2.984E-02
 3.381E-02 3.488E-02 2.832E-02 1.688E-02
                                   Total (all groups):  9.998E-01 neutrons/sec-cm**3   .
                               Average Neutron Energy:  4.285E+00 MeV.


 (a,n) neutrons/sec-cc from  4.23900E+07 at/cc th230  alphas on  c 13  in target
 0.000E+00 0.000E+00 0.000E+00 0.000E+00 0.000E+00 0.000E+00 0.000E+00 0.000E+00
 0.000E+00 0.000E+00 0.000E+00 0.000E+00 0.000E+00 0.000E+00 0.000E+00 0.000E+00
 0.000E+00 0.000E+00 0.000E+00 0.000E+00 0.000E+00 0.000E+00 0.000E+00 0.000E+00
 0.000E+00 0.000E+00 0.000E+00 0.000E+00 0.000E+00 0.000E+00 0.000E+00 0.000E+00
 1.529E-05 8.943E-04 2.887E-03 3.885E-03 6.358E-03 6.941E-03 7.509E-03 8.149E-03
 8.349E-03 8.459E-03 9.004E-03 9.426E-03 1.044E-02 1.507E-02 2.169E-02 2.563E-02
 2.851E-02 3.044E-02 3.218E-02 3.532E-02 3.763E-02 3.963E-02 4.279E-02 4.717E-02
 5.173E-02 5.275E-02 5.224E-02 5.150E-02 5.097E-02 5.091E-02 5.027E-02 4.678E-02
 3.667E-02 3.116E-02 2.762E-02 2.295E-02 1.854E-02 1.072E-02 4.148E-03 1.401E-03
 6.933E-04 3.919E-04 1.527E-04 3.346E-05 7.110E-07 0.000E+00 0.000E+00 0.000E+00
 0.000E+00 0.000E+00 0.000E+00 0.000E+00 0.000E+00 0.000E+00 0.000E+00 0.000E+00
 0.000E+00 0.000E+00 0.000E+00 0.000E+00 0.000E+00 0.000E+00 0.000E+00 0.000E+00
 0.000E+00 0.000E+00 0.000E+00 0.000E+00
                                   Total (all groups):  1.000E+00 neutrons/sec-cm**3   .
                               Average Neutron Energy:  4.370E+00 MeV.


 (a,n) neutrons/sec-cc from  8.59070E+05 at/cc pa231  alphas on  c 13  in target
 0.000E+00 0.000E+00 0.000E+00 0.000E+00 0.000E+00 0.000E+00 0.000E+00 0.000E+00
 0.000E+00 0.000E+00 0.000E+00 0.000E+00 0.000E+00 0.000E+00 0.000E+00 0.000E+00
 0.000E+00 0.000E+00 0.000E+00 0.000E+00 0.000E+00 0.000E+00 0.000E+00 0.000E+00
 0.000E+00 0.000E+00 0.000E+00 0.000E+00 0.000E+00 2.203E-04 3.002E-03 5.328E-03
 6.774E-03 8.242E-03 9.900E-03 1.071E-02 1.273E-02 1.320E-02 1.366E-02 1.418E-02
 1.435E-02 1.444E-02 1.488E-02 1.522E-02 1.605E-02 1.982E-02 2.520E-02 2.841E-02
 3.076E-02 3.233E-02 3.374E-02 3.630E-02 3.818E-02 3.981E-02 4.230E-02 4.225E-02
 4.289E-02 4.293E-02 4.252E-02 4.191E-02 4.148E-02 4.143E-02 4.091E-02 3.807E-02
 2.984E-02 2.536E-02 2.248E-02 1.868E-02 1.509E-02 8.727E-03 3.376E-03 1.141E-03
 5.646E-04 3.194E-04 1.242E-04 2.719E-05 5.787E-07 0.000E+00 0.000E+00 0.000E+00
 0.000E+00 0.000E+00 0.000E+00 0.000E+00 0.000E+00 0.000E+00 0.000E+00 0.000E+00
 0.000E+00 0.000E+00 0.000E+00 0.000E+00 0.000E+00 0.000E+00 0.000E+00 0.000E+00
 0.000E+00 0.000E+00 4.678E-05 8.903E-05
                                   Total (all groups):  1.000E+00 neutrons/sec-cm**3   .
                               Average Neutron Energy:  4.611E+00 MeV.


 (a,n) neutrons/sec-cc from  1.38020E+08 at/cc  u234  alphas on  c 13  in target
 0.000E+00 0.000E+00 0.000E+00 0.000E+00 0.000E+00 0.000E+00 0.000E+00 0.000E+00
 0.000E+00 0.000E+00 0.000E+00 0.000E+00 0.000E+00 0.000E+00 0.000E+00 0.000E+00
 0.000E+00 0.000E+00 0.000E+00 0.000E+00 0.000E+00 0.000E+00 0.000E+00 0.000E+00
 0.000E+00 0.000E+00 0.000E+00 0.000E+00 0.000E+00 0.000E+00 0.000E+00 0.000E+00
 6.973E-04 2.385E-03 4.345E-03 5.306E-03 7.687E-03 8.248E-03 8.795E-03 9.410E-03
 9.603E-03 9.709E-03 1.023E-02 1.064E-02 1.161E-02 1.607E-02 2.244E-02 2.623E-02
 2.901E-02 3.087E-02 3.254E-02 3.557E-02 3.779E-02 3.971E-02 4.275E-02 4.697E-02
 5.059E-02 5.077E-02 5.028E-02 4.957E-02 4.906E-02 4.900E-02 4.838E-02 4.503E-02
 3.529E-02 3.000E-02 2.659E-02 2.209E-02 1.784E-02 1.032E-02 3.992E-03 1.349E-03
 6.673E-04 3.773E-04 1.470E-04 3.221E-05 6.843E-07 0.000E+00 0.000E+00 0.000E+00
 0.000E+00 0.000E+00 0.000E+00 0.000E+00 0.000E+00 0.000E+00 0.000E+00 0.000E+00
 0.000E+00 0.000E+00 0.000E+00 0.000E+00 0.000E+00 0.000E+00 0.000E+00 0.000E+00
 0.000E+00 0.000E+00 0.000E+00 0.000E+00
                                   Total (all groups):  1.000E+00 neutrons/sec-cm**3   .
                               Average Neutron Energy:  4.414E+00 MeV.


 (a,n) neutrons/sec-cc from  1.84610E+10 at/cc  u235  alphas on  c 13  in target
 0.000E+00 0.000E+00 0.000E+00 0.000E+00 0.000E+00 0.000E+00 0.000E+00 0.000E+00
 0.000E+00 0.000E+00 0.000E+00 0.000E+00 0.000E+00 0.000E+00 0.000E+00 0.000E+00
 0.000E+00 0.000E+00 0.000E+00 0.000E+00 0.000E+00 0.000E+00 0.000E+00 0.000E+00
 0.000E+00 0.000E+00 0.000E+00 0.000E+00 0.000E+00 0.000E+00 0.000E+00 0.000E+00
 0.000E+00 5.353E-06 1.376E-04 4.562E-04 2.546E-03 3.144E-03 3.770E-03 4.476E-03
 4.697E-03 4.819E-03 5.421E-03 5.887E-03 7.004E-03 1.212E-02 1.944E-02 2.379E-02
 2.698E-02 2.911E-02 3.103E-02 3.450E-02 3.705E-02 3.926E-02 4.276E-02 4.760E-02
 5.279E-02 5.634E-02 5.745E-02 5.690E-02 5.632E-02 5.626E-02 5.554E-02 5.169E-02
 4.052E-02 3.444E-02 3.052E-02 2.536E-02 2.048E-02 1.185E-02 4.583E-03 1.549E-03
 7.660E-04 4.330E-04 1.687E-04 3.696E-05 7.856E-07 0.000E+00 0.000E+00 0.000E+00
 0.000E+00 0.000E+00 0.000E+00 0.000E+00 0.000E+00 0.000E+00 0.000E+00 0.000E+00
 0.000E+00 0.000E+00 0.000E+00 0.000E+00 0.000E+00 0.000E+00 0.000E+00 0.000E+00
 0.000E+00 0.000E+00 0.000E+00 0.000E+00
                                   Total (all groups):  1.000E+00 neutrons/sec-cm**3   .
                               Average Neutron Energy:  4.260E+00 MeV.


 (a,n) neutrons/sec-cc from  2.51190E+12 at/cc  u238  alphas on  c 13  in target
 0.000E+00 0.000E+00 0.000E+00 0.000E+00 0.000E+00 0.000E+00 0.000E+00 0.000E+00
 0.000E+00 0.000E+00 0.000E+00 0.000E+00 0.000E+00 0.000E+00 0.000E+00 0.000E+00
 0.000E+00 0.000E+00 0.000E+00 0.000E+00 0.000E+00 0.000E+00 0.000E+00 0.000E+00
 0.000E+00 0.000E+00 0.000E+00 0.000E+00 0.000E+00 0.000E+00 0.000E+00 0.000E+00
 0.000E+00 0.000E+00 0.000E+00 0.000E+00 0.000E+00 5.368E-05 6.349E-04 1.394E-03
 1.632E-03 1.764E-03 2.412E-03 2.914E-03 4.117E-03 9.630E-03 1.750E-02 2.219E-02
 2.563E-02 2.792E-02 2.999E-02 3.373E-02 3.647E-02 3.885E-02 4.261E-02 4.783E-02
 5.342E-02 5.735E-02 6.025E-02 6.122E-02 6.065E-02 6.058E-02 5.981E-02 5.566E-02
 4.363E-02 3.708E-02 3.287E-02 2.730E-02 2.205E-02 1.276E-02 4.934E-03 1.666E-03
 8.236E-04 4.651E-04 1.815E-04 3.976E-05 8.460E-07 0.000E+00 0.000E+00 0.000E+00
 0.000E+00 0.000E+00 0.000E+00 0.000E+00 0.000E+00 0.000E+00 0.000E+00 0.000E+00
 0.000E+00 0.000E+00 0.000E+00 0.000E+00 0.000E+00 0.000E+00 0.000E+00 0.000E+00
 0.000E+00 0.000E+00 0.000E+00 0.000E+00
                                   Total (all groups):  1.000E+00 neutrons/sec-cm**3   .
                               Average Neutron Energy:  4.182E+00 MeV.



 Total (alpha,n) neutron spectrum this target
 0.000E+00 0.000E+00 0.000E+00 0.000E+00 6.742E-06 1.398E-04 3.185E-04 5.114E-04
 6.963E-04 8.689E-04 1.068E-03 1.285E-03 1.514E-03 1.733E-03 1.903E-03 2.071E-03
 2.255E-03 2.509E-03 2.772E-03 3.085E-03 3.480E-03 4.097E-03 4.666E-03 5.201E-03
 5.507E-03 5.993E-03 6.989E-03 7.959E-03 9.095E-03 1.022E-02 1.114E-02 1.162E-02
 1.194E-02 1.233E-02 1.280E-02 1.303E-02 1.360E-02 1.374E-02 1.389E-02 1.405E-02
 1.410E-02 1.390E-02 1.371E-02 1.351E-02 1.341E-02 1.423E-02 1.566E-02 1.637E-02
 1.668E-02 1.658E-02 1.604E-02 1.596E-02 1.579E-02 1.464E-02 1.350E-02 1.306E-02
 1.360E-02 1.376E-02 1.372E-02 1.357E-02 1.343E-02 1.342E-02 1.325E-02 1.233E-02
 9.664E-03 8.213E-03 7.280E-03 6.047E-03 4.885E-03 2.826E-03 1.101E-03 5.668E-04
 1.277E-03 2.242E-03 3.248E-03 4.209E-03 5.126E-03 6.156E-03 7.239E-03 8.336E-03
 9.365E-03 1.040E-02 1.154E-02 1.280E-02 1.434E-02 1.598E-02 1.757E-02 1.953E-02
 2.155E-02 2.361E-02 2.387E-02 2.382E-02 2.315E-02 2.244E-02 2.303E-02 2.315E-02
 2.209E-02 1.958E-02 1.541E-02 9.817E-03
                                   Total (all groups):  9.997E-01 neutrons/sec-cm**3   .
                               Average Neutron Energy:  3.710E+00 MeV.
 

--------------------------------------------------------------------------------
 

--------------------------------------------------------------------------------



 Grand total (alpha,n) neutron spectrum, all targets, all sources
 0.000E+00 0.000E+00 0.000E+00 0.000E+00 6.742E-06 1.398E-04 3.185E-04 5.114E-04
 6.963E-04 8.689E-04 1.068E-03 1.285E-03 1.514E-03 1.733E-03 1.903E-03 2.071E-03
 2.255E-03 2.509E-03 2.772E-03 3.085E-03 3.480E-03 4.097E-03 4.666E-03 5.201E-03
 5.507E-03 5.993E-03 6.989E-03 7.959E-03 9.095E-03 1.022E-02 1.114E-02 1.162E-02
 1.194E-02 1.233E-02 1.280E-02 1.303E-02 1.360E-02 1.374E-02 1.389E-02 1.405E-02
 1.410E-02 1.390E-02 1.371E-02 1.351E-02 1.341E-02 1.423E-02 1.566E-02 1.637E-02
 1.668E-02 1.658E-02 1.604E-02 1.596E-02 1.579E-02 1.464E-02 1.350E-02 1.306E-02
 1.360E-02 1.376E-02 1.372E-02 1.357E-02 1.343E-02 1.342E-02 1.325E-02 1.233E-02
 9.664E-03 8.213E-03 7.280E-03 6.047E-03 4.885E-03 2.826E-03 1.101E-03 5.668E-04
 1.277E-03 2.242E-03 3.248E-03 4.209E-03 5.126E-03 6.156E-03 7.239E-03 8.336E-03
 9.365E-03 1.040E-02 1.154E-02 1.280E-02 1.434E-02 1.598E-02 1.757E-02 1.953E-02
 2.155E-02 2.361E-02 2.387E-02 2.382E-02 2.315E-02 2.244E-02 2.303E-02 2.315E-02
 2.209E-02 1.958E-02 1.541E-02 9.817E-03
                                   Total (all groups):  9.997E-01 neutrons/sec-cm**3   .
                               Average Neutron Energy:  3.710E+00 MeV.
 

--------------------------------------------------------------------------------

--------------------------------------------------------------------------------
 
 


 S.F. neutrons/cc from  4.23900E+07 at/cc th230 
 1.305E-05 1.460E-05 1.630E-05 1.822E-05 2.029E-05 2.266E-05 2.529E-05 2.819E-05
 3.144E-05 3.506E-05 3.905E-05 4.356E-05 4.849E-05 5.401E-05 6.016E-05 6.694E-05
 7.452E-05 8.290E-05 9.223E-05 1.026E-04 1.140E-04 1.267E-04 1.408E-04 1.564E-04
 1.736E-04 1.927E-04 2.139E-04 2.372E-04 2.631E-04 2.917E-04 3.233E-04 3.581E-04
 3.966E-04 4.391E-04 4.859E-04 5.375E-04 5.943E-04 6.570E-04 7.259E-04 8.017E-04
 8.850E-04 9.766E-04 1.077E-03 1.187E-03 1.309E-03 1.441E-03 1.587E-03 1.746E-03
 1.920E-03 2.110E-03 2.318E-03 2.544E-03 2.792E-03 3.061E-03 3.354E-03 3.673E-03
 4.020E-03 4.396E-03 4.804E-03 5.245E-03 5.723E-03 6.239E-03 6.796E-03 7.396E-03
 8.042E-03 8.736E-03 9.480E-03 1.028E-02 1.113E-02 1.204E-02 1.300E-02 1.403E-02
 1.512E-02 1.627E-02 1.748E-02 1.875E-02 2.008E-02 2.147E-02 2.290E-02 2.439E-02
 2.591E-02 2.746E-02 2.903E-02 3.061E-02 3.216E-02 3.369E-02 3.515E-02 3.653E-02
 3.777E-02 3.884E-02 3.969E-02 4.026E-02 4.046E-02 4.021E-02 3.939E-02 3.784E-02
 3.532E-02 3.149E-02 2.556E-02 1.460E-02
                                   Total (all groups):  9.999E-01 neutrons/sec-cm**3   .
                               Average Neutron Energy:  1.708E+00 MeV.


 S.F. neutrons/cc from  8.59070E+05 at/cc pa231 
 4.863E-05 5.329E-05 5.840E-05 6.393E-05 7.003E-05 7.666E-05 8.392E-05 9.182E-05
 1.005E-04 1.100E-04 1.203E-04 1.315E-04 1.438E-04 1.572E-04 1.718E-04 1.877E-04
 2.050E-04 2.240E-04 2.445E-04 2.670E-04 2.914E-04 3.179E-04 3.469E-04 3.783E-04
 4.125E-04 4.496E-04 4.900E-04 5.339E-04 5.815E-04 6.332E-04 6.893E-04 7.501E-04
 8.161E-04 8.876E-04 9.651E-04 1.049E-03 1.140E-03 1.238E-03 1.344E-03 1.459E-03
 1.583E-03 1.717E-03 1.862E-03 2.018E-03 2.187E-03 2.368E-03 2.563E-03 2.774E-03
 3.000E-03 3.243E-03 3.504E-03 3.785E-03 4.086E-03 4.408E-03 4.754E-03 5.123E-03
 5.518E-03 5.941E-03 6.391E-03 6.872E-03 7.383E-03 7.928E-03 8.506E-03 9.120E-03
 9.770E-03 1.046E-02 1.119E-02 1.195E-02 1.276E-02 1.361E-02 1.451E-02 1.544E-02
 1.642E-02 1.743E-02 1.849E-02 1.959E-02 2.071E-02 2.188E-02 2.307E-02 2.428E-02
 2.551E-02 2.674E-02 2.797E-02 2.919E-02 3.038E-02 3.153E-02 3.261E-02 3.361E-02
 3.449E-02 3.522E-02 3.576E-02 3.606E-02 3.607E-02 3.571E-02 3.488E-02 3.345E-02
 3.121E-02 2.785E-02 2.267E-02 1.301E-02
                                   Total (all groups):  9.995E-01 neutrons/sec-cm**3   .
                               Average Neutron Energy:  1.925E+00 MeV.


 S.F. neutrons/cc from  1.38020E+08 at/cc  u234 
 3.975E-05 4.369E-05 4.799E-05 5.275E-05 5.791E-05 6.360E-05 6.984E-05 7.667E-05
 8.412E-05 9.236E-05 1.013E-04 1.111E-04 1.219E-04 1.336E-04 1.464E-04 1.605E-04
 1.758E-04 1.926E-04 2.110E-04 2.310E-04 2.529E-04 2.767E-04 3.028E-04 3.312E-04
 3.621E-04 3.959E-04 4.327E-04 4.728E-04 5.164E-04 5.639E-04 6.156E-04 6.719E-04
 7.330E-04 7.995E-04 8.717E-04 9.501E-04 1.035E-03 1.128E-03 1.228E-03 1.336E-03
 1.454E-03 1.581E-03 1.719E-03 1.868E-03 2.029E-03 2.204E-03 2.392E-03 2.595E-03
 2.814E-03 3.050E-03 3.304E-03 3.577E-03 3.871E-03 4.187E-03 4.527E-03 4.890E-03
 5.281E-03 5.698E-03 6.145E-03 6.623E-03 7.133E-03 7.676E-03 8.255E-03 8.871E-03
 9.525E-03 1.022E-02 1.095E-02 1.173E-02 1.255E-02 1.342E-02 1.432E-02 1.528E-02
 1.627E-02 1.732E-02 1.840E-02 1.953E-02 2.069E-02 2.189E-02 2.312E-02 2.437E-02
 2.564E-02 2.692E-02 2.821E-02 2.948E-02 3.072E-02 3.191E-02 3.305E-02 3.409E-02
 3.501E-02 3.578E-02 3.636E-02 3.669E-02 3.671E-02 3.635E-02 3.551E-02 3.405E-02
 3.176E-02 2.832E-02 2.304E-02 1.320E-02
                                   Total (all groups):  9.996E-01 neutrons/sec-cm**3   .
                               Average Neutron Energy:  1.889E+00 MeV.


 S.F. neutrons/cc from  1.84610E+10 at/cc  u235 
 4.042E-05 4.440E-05 4.877E-05 5.357E-05 5.882E-05 6.456E-05 7.089E-05 7.778E-05
 8.535E-05 9.362E-05 1.027E-04 1.126E-04 1.234E-04 1.353E-04 1.483E-04 1.624E-04
 1.779E-04 1.948E-04 2.133E-04 2.335E-04 2.555E-04 2.796E-04 3.058E-04 3.344E-04
 3.655E-04 3.995E-04 4.365E-04 4.768E-04 5.207E-04 5.685E-04 6.204E-04 6.769E-04
 7.383E-04 8.050E-04 8.775E-04 9.562E-04 1.042E-03 1.134E-03 1.235E-03 1.343E-03
 1.461E-03 1.589E-03 1.727E-03 1.876E-03 2.038E-03 2.212E-03 2.401E-03 2.604E-03
 2.823E-03 3.059E-03 3.313E-03 3.586E-03 3.880E-03 4.196E-03 4.535E-03 4.899E-03
 5.289E-03 5.706E-03 6.153E-03 6.630E-03 7.139E-03 7.682E-03 8.260E-03 8.874E-03
 9.527E-03 1.022E-02 1.095E-02 1.173E-02 1.255E-02 1.341E-02 1.432E-02 1.527E-02
 1.626E-02 1.730E-02 1.838E-02 1.951E-02 2.067E-02 2.186E-02 2.309E-02 2.434E-02
 2.561E-02 2.689E-02 2.817E-02 2.944E-02 3.068E-02 3.188E-02 3.301E-02 3.406E-02
 3.498E-02 3.576E-02 3.634E-02 3.668E-02 3.671E-02 3.636E-02 3.553E-02 3.407E-02
 3.180E-02 2.837E-02 2.309E-02 1.324E-02
                                   Total (all groups):  9.996E-01 neutrons/sec-cm**3   .
                               Average Neutron Energy:  1.890E+00 MeV.


 S.F. neutrons/cc from  2.51190E+12 at/cc  u238 
 1.118E-05 1.249E-05 1.398E-05 1.565E-05 1.751E-05 1.955E-05 2.191E-05 2.446E-05
 2.736E-05 3.055E-05 3.414E-05 3.813E-05 4.256E-05 4.753E-05 5.304E-05 5.918E-05
 6.599E-05 7.361E-05 8.202E-05 9.144E-05 1.019E-04 1.135E-04 1.263E-04 1.407E-04
 1.565E-04 1.741E-04 1.937E-04 2.153E-04 2.393E-04 2.658E-04 2.953E-04 3.278E-04
 3.638E-04 4.036E-04 4.476E-04 4.962E-04 5.499E-04 6.090E-04 6.744E-04 7.463E-04
 8.256E-04 9.129E-04 1.009E-03 1.115E-03 1.231E-03 1.358E-03 1.498E-03 1.652E-03
 1.820E-03 2.004E-03 2.206E-03 2.427E-03 2.668E-03 2.931E-03 3.218E-03 3.530E-03
 3.870E-03 4.241E-03 4.643E-03 5.079E-03 5.551E-03 6.063E-03 6.616E-03 7.213E-03
 7.856E-03 8.549E-03 9.293E-03 1.009E-02 1.095E-02 1.186E-02 1.283E-02 1.387E-02
 1.497E-02 1.613E-02 1.735E-02 1.864E-02 1.999E-02 2.140E-02 2.287E-02 2.438E-02
 2.594E-02 2.752E-02 2.913E-02 3.074E-02 3.235E-02 3.391E-02 3.542E-02 3.683E-02
 3.812E-02 3.923E-02 4.011E-02 4.070E-02 4.092E-02 4.068E-02 3.984E-02 3.827E-02
 3.572E-02 3.182E-02 2.581E-02 1.473E-02
                                   Total (all groups):  9.999E-01 neutrons/sec-cm**3   .
                               Average Neutron Energy:  1.688E+00 MeV.

--------------------------------------------------------------------------------



 Total S.F. neutron spectrum
 1.118E-05 1.250E-05 1.399E-05 1.565E-05 1.752E-05 1.956E-05 2.192E-05 2.447E-05
 2.737E-05 3.056E-05 3.415E-05 3.815E-05 4.257E-05 4.755E-05 5.306E-05 5.919E-05
 6.601E-05 7.364E-05 8.204E-05 9.147E-05 1.019E-04 1.135E-04 1.264E-04 1.407E-04
 1.566E-04 1.742E-04 1.937E-04 2.154E-04 2.393E-04 2.659E-04 2.953E-04 3.279E-04
 3.639E-04 4.037E-04 4.477E-04 4.963E-04 5.500E-04 6.091E-04 6.745E-04 7.464E-04
 8.257E-04 9.130E-04 1.009E-03 1.115E-03 1.231E-03 1.358E-03 1.498E-03 1.652E-03
 1.820E-03 2.005E-03 2.206E-03 2.427E-03 2.668E-03 2.931E-03 3.218E-03 3.530E-03
 3.871E-03 4.241E-03 4.643E-03 5.079E-03 5.552E-03 6.063E-03 6.616E-03 7.213E-03
 7.857E-03 8.549E-03 9.293E-03 1.009E-02 1.095E-02 1.186E-02 1.283E-02 1.387E-02
 1.497E-02 1.613E-02 1.735E-02 1.864E-02 1.999E-02 2.140E-02 2.287E-02 2.438E-02
 2.594E-02 2.752E-02 2.913E-02 3.074E-02 3.235E-02 3.391E-02 3.542E-02 3.683E-02
 3.812E-02 3.923E-02 4.011E-02 4.070E-02 4.092E-02 4.067E-02 3.984E-02 3.827E-02
 3.572E-02 3.182E-02 2.581E-02 1.473E-02
                                   Total (all groups):  9.999E-01 neutrons/sec-cm**3   .
                               Average Neutron Energy:  1.688E+00 MeV.
 

--------------------------------------------------------------------------------
 
 

--------------------------------------------------------------------------------




 Total Neutron Spectrum
 4.858E-06 5.430E-06 6.075E-06 6.800E-06 1.142E-05 8.759E-05 1.897E-04 2.999E-04
 4.057E-04 5.048E-04 6.189E-04 7.433E-04 8.751E-04 1.001E-03 1.100E-03 1.197E-03
 1.304E-03 1.451E-03 1.604E-03 1.785E-03 2.013E-03 2.367E-03 2.694E-03 3.003E-03
 3.183E-03 3.466E-03 4.037E-03 4.596E-03 5.248E-03 5.898E-03 6.431E-03 6.713E-03
 6.913E-03 7.150E-03 7.434E-03 7.585E-03 7.933E-03 8.036E-03 8.147E-03 8.274E-03
 8.332E-03 8.258E-03 8.193E-03 8.123E-03 8.119E-03 8.640E-03 9.508E-03 9.977E-03
 1.022E-02 1.025E-02 1.003E-02 1.008E-02 1.009E-02 9.553E-03 9.032E-03 8.919E-03
 9.376E-03 9.623E-03 9.775E-03 9.882E-03 1.001E-02 1.022E-02 1.037E-02 1.011E-02
 8.879E-03 8.359E-03 8.154E-03 7.804E-03 7.518E-03 6.749E-03 6.197E-03 6.344E-03
 7.223E-03 8.273E-03 9.375E-03 1.048E-02 1.158E-02 1.278E-02 1.403E-02 1.531E-02
 1.656E-02 1.784E-02 1.918E-02 2.059E-02 2.216E-02 2.377E-02 2.532E-02 2.705E-02
 2.874E-02 3.039E-02 3.092E-02 3.115E-02 3.087E-02 3.036E-02 3.033E-02 2.972E-02
 2.801E-02 2.490E-02 1.993E-02 1.195E-02
                                   Total (all groups):  9.998E-01 neutrons/sec-cm**3   .
                               Average Neutron Energy:  2.832E+00 MeV.
