SOURCES 4A Calculation
<<<<<<<<<<<>>>>>>>>>>>



                       Absolute Neutron Source Spectra
                       ~~~~~~~~~~~~~~~~~~~~~~~~~~~~~~~

Title: U238 (0.992742ppb), U235 (0.007204ppb), carbon (1.00 g/cm**3)                

 Neutron Multigroup Structure (MeV)
 1.000E+01 9.900E+00 9.800E+00 9.700E+00 9.600E+00 9.500E+00 9.400E+00 9.300E+00
 9.200E+00 9.100E+00 9.000E+00 8.900E+00 8.800E+00 8.700E+00 8.600E+00 8.500E+00
 8.400E+00 8.300E+00 8.200E+00 8.100E+00 8.000E+00 7.900E+00 7.800E+00 7.700E+00
 7.600E+00 7.500E+00 7.400E+00 7.300E+00 7.200E+00 7.100E+00 7.000E+00 6.900E+00
 6.800E+00 6.700E+00 6.600E+00 6.500E+00 6.400E+00 6.300E+00 6.200E+00 6.100E+00
 6.000E+00 5.900E+00 5.800E+00 5.700E+00 5.600E+00 5.500E+00 5.400E+00 5.300E+00
 5.200E+00 5.100E+00 5.000E+00 4.900E+00 4.800E+00 4.700E+00 4.600E+00 4.500E+00
 4.400E+00 4.300E+00 4.200E+00 4.100E+00 4.000E+00 3.900E+00 3.800E+00 3.700E+00
 3.600E+00 3.500E+00 3.400E+00 3.300E+00 3.200E+00 3.100E+00 3.000E+00 2.900E+00
 2.800E+00 2.700E+00 2.600E+00 2.500E+00 2.400E+00 2.300E+00 2.200E+00 2.100E+00
 2.000E+00 1.900E+00 1.800E+00 1.700E+00 1.600E+00 1.500E+00 1.400E+00 1.300E+00
 1.200E+00 1.100E+00 1.000E+00 9.000E-01 8.000E-01 7.000E-01 6.000E-01 5.000E-01
 4.000E-01 3.000E-01 2.000E-01 1.000E-01 0.000E+00

--------------------------------------------------------------------------------


 (a,n) neutrons/sec-cc from  1.06370E-04 at/cc bi211  alphas on  c 13  in target
 0.000E+00 0.000E+00 0.000E+00 0.000E+00 0.000E+00 0.000E+00 0.000E+00 0.000E+00
 0.000E+00 0.000E+00 0.000E+00 0.000E+00 0.000E+00 0.000E+00 4.219E-18 8.109E-17
 1.924E-16 3.452E-16 5.188E-16 7.413E-16 1.002E-15 1.243E-15 1.454E-15 1.650E-15
 1.759E-15 1.907E-15 2.156E-15 2.367E-15 2.582E-15 2.796E-15 2.969E-15 3.058E-15
 3.108E-15 3.155E-15 3.207E-15 3.233E-15 3.296E-15 3.311E-15 3.326E-15 3.342E-15
 3.347E-15 3.350E-15 3.364E-15 3.375E-15 3.401E-15 3.519E-15 3.658E-15 3.575E-15
 3.362E-15 2.997E-15 2.622E-15 2.370E-15 2.183E-15 1.834E-15 1.535E-15 1.346E-15
 1.350E-15 1.350E-15 1.337E-15 1.318E-15 1.305E-15 1.303E-15 1.287E-15 1.198E-15
 9.389E-16 7.981E-16 7.075E-16 5.877E-16 4.748E-16 2.748E-16 1.064E-16 3.612E-17
 1.799E-17 1.027E-17 3.912E-18 8.457E-19 1.820E-20 0.000E+00 0.000E+00 0.000E+00
 1.166E-20 3.031E-17 2.969E-16 7.551E-16 1.300E-15 1.949E-15 2.638E-15 3.552E-15
 4.286E-15 5.047E-15 5.634E-15 6.146E-15 6.502E-15 6.974E-15 7.506E-15 7.339E-15
 6.612E-15 5.320E-15 4.180E-15 2.747E-15
                                   Total (all groups):  1.919E-13 neutrons/sec-cm**3   .
                               Average Neutron Energy:  3.744E+00 MeV.


 (a,n) neutrons/sec-cc from  2.12990E+02 at/cc po210  alphas on  c 13  in target
 0.000E+00 0.000E+00 0.000E+00 0.000E+00 0.000E+00 0.000E+00 0.000E+00 0.000E+00
 0.000E+00 0.000E+00 0.000E+00 0.000E+00 0.000E+00 0.000E+00 0.000E+00 0.000E+00
 0.000E+00 0.000E+00 0.000E+00 0.000E+00 0.000E+00 0.000E+00 0.000E+00 0.000E+00
 0.000E+00 0.000E+00 0.000E+00 2.040E-15 6.691E-15 1.132E-14 1.508E-14 1.700E-14
 1.809E-14 1.911E-14 2.024E-14 2.079E-14 2.216E-14 2.249E-14 2.280E-14 2.316E-14
 2.327E-14 2.333E-14 2.363E-14 2.386E-14 2.442E-14 2.699E-14 3.066E-14 3.285E-14
 3.445E-14 3.552E-14 3.648E-14 3.823E-14 3.951E-14 3.914E-14 3.325E-14 2.916E-14
 2.925E-14 2.925E-14 2.897E-14 2.856E-14 2.827E-14 2.824E-14 2.788E-14 2.594E-14
 2.034E-14 1.729E-14 1.532E-14 1.273E-14 1.028E-14 5.949E-15 2.302E-15 7.791E-16
 3.864E-16 2.194E-16 8.482E-17 1.852E-17 3.943E-19 0.000E+00 0.000E+00 0.000E+00
 0.000E+00 0.000E+00 0.000E+00 0.000E+00 0.000E+00 0.000E+00 0.000E+00 0.000E+00
 0.000E+00 0.000E+00 0.000E+00 0.000E+00 0.000E+00 0.000E+00 7.358E-17 1.182E-15
 6.614E-15 1.398E-14 1.937E-14 1.958E-14
                                   Total (all groups):  1.089E-12 neutrons/sec-cm**3   .
                               Average Neutron Energy:  4.761E+00 MeV.


 (a,n) neutrons/sec-cc from  1.28630E-09 at/cc po211  alphas on  c 13  in target
 0.000E+00 0.000E+00 0.000E+00 0.000E+00 0.000E+00 0.000E+00 2.363E-22 2.444E-19
 6.768E-19 1.077E-18 1.539E-18 2.043E-18 2.577E-18 3.078E-18 3.460E-18 3.827E-18
 4.229E-18 4.780E-18 5.350E-18 6.024E-18 6.816E-18 7.544E-18 8.186E-18 8.779E-18
 9.110E-18 9.559E-18 1.031E-17 1.095E-17 1.160E-17 1.225E-17 1.278E-17 1.305E-17
 1.320E-17 1.334E-17 1.350E-17 1.358E-17 1.377E-17 1.381E-17 1.386E-17 1.391E-17
 1.392E-17 1.393E-17 1.359E-17 1.289E-17 1.213E-17 1.156E-17 1.137E-17 1.096E-17
 1.020E-17 9.086E-18 7.950E-18 7.184E-18 6.617E-18 5.560E-18 4.653E-18 4.081E-18
 4.093E-18 4.094E-18 4.054E-18 3.997E-18 3.956E-18 3.951E-18 3.901E-18 3.630E-18
 2.845E-18 2.418E-18 2.143E-18 1.780E-18 1.438E-18 8.314E-19 3.211E-19 1.079E-19
 5.381E-20 2.137E-19 1.868E-18 4.175E-18 6.321E-18 8.711E-18 1.123E-17 1.377E-17
 1.613E-17 1.789E-17 1.948E-17 2.134E-17 2.426E-17 2.740E-17 3.070E-17 3.495E-17
 3.859E-17 4.235E-17 4.470E-17 4.339E-17 4.076E-17 3.768E-17 3.615E-17 3.498E-17
 3.095E-17 2.427E-17 1.704E-17 9.533E-18
                                   Total (all groups):  1.107E-15 neutrons/sec-cm**3   .
                               Average Neutron Energy:  3.242E+00 MeV.


 (a,n) neutrons/sec-cc from  2.92700E-09 at/cc po214  alphas on  c 13  in target
 0.000E+00 0.000E+00 0.000E+00 0.000E+00 1.188E-16 2.463E-15 5.611E-15 8.996E-15
 1.213E-14 1.504E-14 1.839E-14 2.204E-14 2.590E-14 2.951E-14 3.227E-14 3.492E-14
 3.780E-14 4.175E-14 4.583E-14 5.067E-14 5.635E-14 6.158E-14 6.618E-14 7.043E-14
 7.281E-14 7.603E-14 8.143E-14 8.602E-14 9.070E-14 9.535E-14 9.912E-14 1.010E-13
 1.021E-13 1.032E-13 1.043E-13 1.049E-13 1.062E-13 1.066E-13 1.069E-13 1.072E-13
 1.072E-13 1.032E-13 9.772E-14 9.262E-14 8.706E-14 8.298E-14 8.153E-14 7.860E-14
 7.313E-14 6.517E-14 5.702E-14 5.153E-14 4.746E-14 3.988E-14 3.337E-14 2.927E-14
 2.936E-14 2.936E-14 2.908E-14 2.867E-14 2.837E-14 2.834E-14 2.798E-14 2.604E-14
 2.041E-14 1.734E-14 1.537E-14 1.277E-14 1.031E-14 5.962E-15 2.454E-15 4.258E-15
 1.966E-14 3.789E-14 5.641E-14 7.314E-14 8.870E-14 1.060E-13 1.243E-13 1.427E-13
 1.597E-13 1.768E-13 1.958E-13 2.163E-13 2.415E-13 2.680E-13 2.935E-13 3.241E-13
 3.502E-13 3.669E-13 3.558E-13 3.418E-13 3.226E-13 3.002E-13 2.884E-13 2.675E-13
 2.278E-13 1.745E-13 1.225E-13 6.839E-14
                                   Total (all groups):  9.337E-12 neutrons/sec-cm**3   .
                               Average Neutron Energy:  3.168E+00 MeV.


 (a,n) neutrons/sec-cc from  1.47990E-09 at/cc po215  alphas on  c 13  in target
 0.000E+00 0.000E+00 0.000E+00 0.000E+00 0.000E+00 0.000E+00 0.000E+00 1.421E-17
 1.358E-16 2.710E-16 4.268E-16 5.967E-16 7.766E-16 9.448E-16 1.073E-15 1.196E-15
 1.330E-15 1.514E-15 1.704E-15 1.930E-15 2.194E-15 2.437E-15 2.651E-15 2.849E-15
 2.960E-15 3.110E-15 3.362E-15 3.575E-15 3.793E-15 4.009E-15 4.185E-15 4.274E-15
 4.325E-15 4.373E-15 4.426E-15 4.452E-15 4.516E-15 4.531E-15 4.546E-15 4.562E-15
 4.567E-15 4.570E-15 4.531E-15 4.311E-15 4.053E-15 3.863E-15 3.795E-15 3.659E-15
 3.404E-15 3.034E-15 2.654E-15 2.399E-15 2.209E-15 1.857E-15 1.554E-15 1.363E-15
 1.367E-15 1.367E-15 1.354E-15 1.334E-15 1.321E-15 1.319E-15 1.303E-15 1.212E-15
 9.502E-16 8.075E-16 7.157E-16 5.945E-16 4.802E-16 2.777E-16 1.074E-16 3.620E-17
 1.784E-17 1.977E-17 1.863E-16 8.772E-16 1.601E-15 2.407E-15 3.256E-15 4.114E-15
 4.906E-15 5.497E-15 6.030E-15 6.582E-15 7.395E-15 8.447E-15 9.462E-15 1.085E-14
 1.208E-14 1.334E-14 1.434E-14 1.420E-14 1.331E-14 1.227E-14 1.175E-14 1.137E-14
 1.024E-14 8.104E-15 5.701E-15 3.185E-15
                                   Total (all groups):  3.550E-13 neutrons/sec-cm**3   .
                               Average Neutron Energy:  3.264E+00 MeV.


 (a,n) neutrons/sec-cc from  3.31140E-03 at/cc po218  alphas on  c 13  in target
 0.000E+00 0.000E+00 0.000E+00 0.000E+00 0.000E+00 0.000E+00 0.000E+00 0.000E+00
 0.000E+00 0.000E+00 0.000E+00 0.000E+00 0.000E+00 0.000E+00 0.000E+00 0.000E+00
 0.000E+00 0.000E+00 0.000E+00 0.000E+00 4.719E-16 5.277E-15 9.936E-15 1.424E-14
 1.664E-14 1.990E-14 2.537E-14 3.002E-14 3.475E-14 3.945E-14 4.327E-14 4.522E-14
 4.633E-14 4.736E-14 4.851E-14 4.907E-14 5.046E-14 5.079E-14 5.111E-14 5.147E-14
 5.159E-14 5.165E-14 5.196E-14 5.219E-14 5.276E-14 5.537E-14 5.910E-14 6.132E-14
 6.295E-14 6.370E-14 5.770E-14 5.214E-14 4.803E-14 4.036E-14 3.377E-14 2.962E-14
 2.971E-14 2.971E-14 2.943E-14 2.901E-14 2.871E-14 2.868E-14 2.832E-14 2.635E-14
 2.066E-14 1.755E-14 1.556E-14 1.292E-14 1.044E-14 6.038E-15 2.334E-15 7.870E-16
 3.881E-16 2.184E-16 8.565E-17 1.876E-17 4.005E-19 0.000E+00 0.000E+00 0.000E+00
 0.000E+00 0.000E+00 0.000E+00 0.000E+00 0.000E+00 0.000E+00 0.000E+00 7.478E-16
 7.262E-15 2.380E-14 3.673E-14 4.799E-14 5.450E-14 6.154E-14 7.280E-14 8.358E-14
 9.222E-14 9.044E-14 6.348E-14 3.667E-14
                                   Total (all groups):  2.493E-12 neutrons/sec-cm**3   .
                               Average Neutron Energy:  4.188E+00 MeV.


 (a,n) neutrons/sec-cc from  3.29060E-06 at/cc rn219  alphas on  c 13  in target
 0.000E+00 0.000E+00 0.000E+00 0.000E+00 0.000E+00 0.000E+00 0.000E+00 0.000E+00
 0.000E+00 0.000E+00 0.000E+00 0.000E+00 1.134E-18 7.772E-17 1.813E-16 2.837E-16
 4.077E-16 5.897E-16 7.796E-16 1.004E-15 1.268E-15 1.511E-15 1.725E-15 1.923E-15
 2.033E-15 2.183E-15 2.434E-15 2.647E-15 2.865E-15 3.081E-15 3.256E-15 3.345E-15
 3.396E-15 3.444E-15 3.497E-15 3.522E-15 3.586E-15 3.601E-15 3.616E-15 3.633E-15
 3.638E-15 3.641E-15 3.655E-15 3.666E-15 3.692E-15 3.768E-15 3.765E-15 3.651E-15
 3.399E-15 3.029E-15 2.650E-15 2.395E-15 2.206E-15 1.853E-15 1.551E-15 1.360E-15
 1.364E-15 1.365E-15 1.351E-15 1.332E-15 1.319E-15 1.317E-15 1.300E-15 1.210E-15
 9.486E-16 8.062E-16 7.146E-16 5.936E-16 4.796E-16 2.774E-16 1.073E-16 3.629E-17
 1.796E-17 1.015E-17 3.980E-18 8.805E-19 1.839E-20 0.000E+00 0.000E+00 3.308E-17
 3.419E-16 8.193E-16 1.259E-15 1.762E-15 2.399E-15 3.144E-15 3.848E-15 4.771E-15
 5.513E-15 6.283E-15 6.996E-15 7.692E-15 8.149E-15 8.571E-15 8.515E-15 8.230E-15
 7.391E-15 6.091E-15 4.864E-15 3.030E-15
                                   Total (all groups):  2.221E-13 neutrons/sec-cm**3   .
                               Average Neutron Energy:  3.617E+00 MeV.


 (a,n) neutrons/sec-cc from  5.88520E+00 at/cc rn222  alphas on  c 13  in target
 0.000E+00 0.000E+00 0.000E+00 0.000E+00 0.000E+00 0.000E+00 0.000E+00 0.000E+00
 0.000E+00 0.000E+00 0.000E+00 0.000E+00 0.000E+00 0.000E+00 0.000E+00 0.000E+00
 0.000E+00 0.000E+00 0.000E+00 0.000E+00 0.000E+00 0.000E+00 0.000E+00 0.000E+00
 0.000E+00 1.198E-15 6.387E-15 1.095E-14 1.561E-14 2.024E-14 2.399E-14 2.591E-14
 2.700E-14 2.802E-14 2.915E-14 2.971E-14 3.108E-14 3.140E-14 3.172E-14 3.207E-14
 3.218E-14 3.224E-14 3.255E-14 3.278E-14 3.334E-14 3.591E-14 3.958E-14 4.176E-14
 4.337E-14 4.444E-14 4.540E-14 4.714E-14 4.679E-14 3.973E-14 3.325E-14 2.916E-14
 2.925E-14 2.925E-14 2.897E-14 2.856E-14 2.827E-14 2.824E-14 2.788E-14 2.594E-14
 2.034E-14 1.729E-14 1.532E-14 1.273E-14 1.028E-14 5.948E-15 2.301E-15 7.779E-16
 3.851E-16 2.177E-16 8.457E-17 1.846E-17 3.943E-19 0.000E+00 0.000E+00 0.000E+00
 0.000E+00 0.000E+00 0.000E+00 0.000E+00 0.000E+00 0.000E+00 0.000E+00 0.000E+00
 0.000E+00 0.000E+00 0.000E+00 0.000E+00 1.607E-16 2.194E-15 1.162E-14 2.223E-14
 3.075E-14 3.811E-14 4.350E-14 3.447E-14
                                   Total (all groups):  1.449E-12 neutrons/sec-cm**3   .
                               Average Neutron Energy:  4.596E+00 MeV.


 (a,n) neutrons/sec-cc from  8.20610E-01 at/cc ra223  alphas on  c 13  in target
 0.000E+00 0.000E+00 0.000E+00 0.000E+00 0.000E+00 0.000E+00 0.000E+00 0.000E+00
 0.000E+00 0.000E+00 0.000E+00 0.000E+00 0.000E+00 0.000E+00 0.000E+00 0.000E+00
 0.000E+00 0.000E+00 0.000E+00 0.000E+00 0.000E+00 0.000E+00 8.233E-19 1.347E-16
 3.103E-16 5.904E-16 1.067E-15 1.472E-15 1.885E-15 2.296E-15 2.628E-15 2.798E-15
 2.895E-15 2.985E-15 3.085E-15 3.134E-15 3.256E-15 3.285E-15 3.313E-15 3.344E-15
 3.354E-15 3.359E-15 3.386E-15 3.407E-15 3.456E-15 3.684E-15 4.009E-15 4.203E-15
 4.345E-15 4.439E-15 4.525E-15 4.512E-15 4.189E-15 3.520E-15 2.946E-15 2.584E-15
 2.591E-15 2.592E-15 2.567E-15 2.530E-15 2.504E-15 2.501E-15 2.470E-15 2.298E-15
 1.802E-15 1.532E-15 1.358E-15 1.128E-15 9.110E-16 5.271E-16 2.041E-16 6.915E-17
 3.436E-17 1.957E-17 7.531E-18 1.643E-18 3.493E-20 0.000E+00 0.000E+00 0.000E+00
 0.000E+00 0.000E+00 0.000E+00 0.000E+00 0.000E+00 0.000E+00 0.000E+00 0.000E+00
 0.000E+00 1.592E-18 7.043E-17 4.701E-16 9.498E-16 1.546E-15 2.528E-15 3.468E-15
 4.224E-15 4.876E-15 5.051E-15 3.197E-15
                                   Total (all groups):  1.524E-13 neutrons/sec-cm**3   .
                               Average Neutron Energy:  4.466E+00 MeV.


 (a,n) neutrons/sec-cc from  8.99520E+05 at/cc ra226  alphas on  c 13  in target
 0.000E+00 0.000E+00 0.000E+00 0.000E+00 0.000E+00 0.000E+00 0.000E+00 0.000E+00
 0.000E+00 0.000E+00 0.000E+00 0.000E+00 0.000E+00 0.000E+00 0.000E+00 0.000E+00
 0.000E+00 0.000E+00 0.000E+00 0.000E+00 0.000E+00 0.000E+00 0.000E+00 0.000E+00
 0.000E+00 0.000E+00 0.000E+00 0.000E+00 0.000E+00 0.000E+00 0.000E+00 1.504E-18
 5.984E-16 1.566E-15 2.686E-15 3.240E-15 4.613E-15 4.937E-15 5.252E-15 5.607E-15
 5.718E-15 5.779E-15 6.082E-15 6.315E-15 6.877E-15 9.448E-15 1.312E-14 1.531E-14
 1.691E-14 1.798E-14 1.894E-14 2.069E-14 2.197E-14 2.308E-14 2.483E-14 2.726E-14
 2.919E-14 2.927E-14 2.899E-14 2.858E-14 2.829E-14 2.825E-14 2.790E-14 2.596E-14
 2.035E-14 1.730E-14 1.533E-14 1.273E-14 1.029E-14 5.951E-15 2.302E-15 7.778E-16
 3.848E-16 2.175E-16 8.475E-17 1.857E-17 3.946E-19 0.000E+00 0.000E+00 0.000E+00
 0.000E+00 0.000E+00 0.000E+00 0.000E+00 0.000E+00 0.000E+00 0.000E+00 0.000E+00
 0.000E+00 0.000E+00 0.000E+00 0.000E+00 0.000E+00 0.000E+00 0.000E+00 0.000E+00
 0.000E+00 0.000E+00 0.000E+00 0.000E+00
                                   Total (all groups):  5.810E-13 neutrons/sec-cm**3   .
                               Average Neutron Energy:  4.423E+00 MeV.


 (a,n) neutrons/sec-cc from  5.70930E+02 at/cc ac227  alphas on  c 13  in target
 0.000E+00 0.000E+00 0.000E+00 0.000E+00 0.000E+00 0.000E+00 0.000E+00 0.000E+00
 0.000E+00 0.000E+00 0.000E+00 0.000E+00 0.000E+00 0.000E+00 0.000E+00 0.000E+00
 0.000E+00 0.000E+00 0.000E+00 0.000E+00 0.000E+00 0.000E+00 0.000E+00 0.000E+00
 0.000E+00 0.000E+00 0.000E+00 0.000E+00 0.000E+00 0.000E+00 3.159E-19 1.200E-18
 1.892E-18 2.548E-18 3.275E-18 3.631E-18 4.514E-18 4.722E-18 4.925E-18 5.153E-18
 5.225E-18 5.264E-18 5.459E-18 5.609E-18 5.970E-18 7.624E-18 9.986E-18 1.139E-17
 1.242E-17 1.311E-17 1.373E-17 1.485E-17 1.568E-17 1.639E-17 1.752E-17 1.849E-17
 1.883E-17 1.883E-17 1.865E-17 1.838E-17 1.820E-17 1.817E-17 1.794E-17 1.670E-17
 1.309E-17 1.113E-17 9.862E-18 8.192E-18 6.617E-18 3.828E-18 1.481E-18 5.002E-19
 2.474E-19 1.399E-19 5.450E-20 1.194E-20 2.538E-22 0.000E+00 0.000E+00 0.000E+00
 0.000E+00 0.000E+00 0.000E+00 0.000E+00 0.000E+00 0.000E+00 0.000E+00 0.000E+00
 0.000E+00 0.000E+00 0.000E+00 0.000E+00 0.000E+00 0.000E+00 0.000E+00 0.000E+00
 0.000E+00 0.000E+00 0.000E+00 0.000E+00
                                   Total (all groups):  4.118E-16 neutrons/sec-cm**3   .
                               Average Neutron Energy:  4.537E+00 MeV.


 (a,n) neutrons/sec-cc from  1.34110E+00 at/cc th227  alphas on  c 13  in target
 0.000E+00 0.000E+00 0.000E+00 0.000E+00 0.000E+00 0.000E+00 0.000E+00 0.000E+00
 0.000E+00 0.000E+00 0.000E+00 0.000E+00 0.000E+00 0.000E+00 0.000E+00 0.000E+00
 0.000E+00 0.000E+00 0.000E+00 0.000E+00 1.596E-17 1.310E-16 2.517E-16 3.995E-16
 5.069E-16 6.563E-16 9.070E-16 1.120E-15 1.337E-15 1.552E-15 1.727E-15 1.816E-15
 1.867E-15 1.915E-15 1.967E-15 1.993E-15 2.057E-15 2.072E-15 2.087E-15 2.103E-15
 2.108E-15 2.111E-15 2.125E-15 2.136E-15 2.162E-15 2.282E-15 2.453E-15 2.554E-15
 2.629E-15 2.668E-15 2.541E-15 2.386E-15 2.201E-15 1.850E-15 1.548E-15 1.358E-15
 1.362E-15 1.362E-15 1.349E-15 1.329E-15 1.316E-15 1.314E-15 1.298E-15 1.208E-15
 9.467E-16 8.045E-16 7.131E-16 5.923E-16 4.785E-16 2.768E-16 1.070E-16 3.610E-17
 1.782E-17 1.002E-17 3.935E-18 8.650E-19 1.836E-20 0.000E+00 0.000E+00 0.000E+00
 0.000E+00 0.000E+00 0.000E+00 0.000E+00 0.000E+00 0.000E+00 3.112E-19 2.216E-17
 1.937E-16 5.954E-16 9.513E-16 1.350E-15 1.641E-15 1.964E-15 2.480E-15 2.974E-15
 3.369E-15 3.476E-15 2.822E-15 1.682E-15
                                   Total (all groups):  9.964E-14 neutrons/sec-cm**3   .
                               Average Neutron Energy:  4.285E+00 MeV.


 (a,n) neutrons/sec-cc from  4.23900E+07 at/cc th230  alphas on  c 13  in target
 0.000E+00 0.000E+00 0.000E+00 0.000E+00 0.000E+00 0.000E+00 0.000E+00 0.000E+00
 0.000E+00 0.000E+00 0.000E+00 0.000E+00 0.000E+00 0.000E+00 0.000E+00 0.000E+00
 0.000E+00 0.000E+00 0.000E+00 0.000E+00 0.000E+00 0.000E+00 0.000E+00 0.000E+00
 0.000E+00 0.000E+00 0.000E+00 0.000E+00 0.000E+00 0.000E+00 0.000E+00 0.000E+00
 8.303E-18 4.857E-16 1.568E-15 2.110E-15 3.453E-15 3.770E-15 4.078E-15 4.426E-15
 4.534E-15 4.594E-15 4.890E-15 5.119E-15 5.668E-15 8.185E-15 1.178E-14 1.392E-14
 1.549E-14 1.653E-14 1.748E-14 1.918E-14 2.044E-14 2.152E-14 2.324E-14 2.562E-14
 2.809E-14 2.865E-14 2.837E-14 2.797E-14 2.768E-14 2.765E-14 2.730E-14 2.541E-14
 1.991E-14 1.693E-14 1.500E-14 1.246E-14 1.007E-14 5.824E-15 2.253E-15 7.611E-16
 3.765E-16 2.129E-16 8.294E-17 1.817E-17 3.861E-19 0.000E+00 0.000E+00 0.000E+00
 0.000E+00 0.000E+00 0.000E+00 0.000E+00 0.000E+00 0.000E+00 0.000E+00 0.000E+00
 0.000E+00 0.000E+00 0.000E+00 0.000E+00 0.000E+00 0.000E+00 0.000E+00 0.000E+00
 0.000E+00 0.000E+00 0.000E+00 0.000E+00
                                   Total (all groups):  5.431E-13 neutrons/sec-cm**3   .
                               Average Neutron Energy:  4.370E+00 MeV.


 (a,n) neutrons/sec-cc from  8.59070E+05 at/cc pa231  alphas on  c 13  in target
 0.000E+00 0.000E+00 0.000E+00 0.000E+00 0.000E+00 0.000E+00 0.000E+00 0.000E+00
 0.000E+00 0.000E+00 0.000E+00 0.000E+00 0.000E+00 0.000E+00 0.000E+00 0.000E+00
 0.000E+00 0.000E+00 0.000E+00 0.000E+00 0.000E+00 0.000E+00 0.000E+00 0.000E+00
 0.000E+00 0.000E+00 0.000E+00 0.000E+00 0.000E+00 7.002E-18 9.544E-17 1.694E-16
 2.153E-16 2.620E-16 3.147E-16 3.405E-16 4.045E-16 4.196E-16 4.343E-16 4.508E-16
 4.560E-16 4.589E-16 4.730E-16 4.839E-16 5.100E-16 6.299E-16 8.011E-16 9.030E-16
 9.777E-16 1.028E-15 1.072E-15 1.154E-15 1.213E-15 1.265E-15 1.345E-15 1.343E-15
 1.363E-15 1.365E-15 1.351E-15 1.332E-15 1.319E-15 1.317E-15 1.300E-15 1.210E-15
 9.486E-16 8.062E-16 7.147E-16 5.937E-16 4.795E-16 2.774E-16 1.073E-16 3.626E-17
 1.795E-17 1.015E-17 3.949E-18 8.644E-19 1.839E-20 0.000E+00 0.000E+00 0.000E+00
 0.000E+00 0.000E+00 0.000E+00 0.000E+00 0.000E+00 0.000E+00 0.000E+00 0.000E+00
 0.000E+00 0.000E+00 0.000E+00 0.000E+00 0.000E+00 0.000E+00 0.000E+00 0.000E+00
 0.000E+00 0.000E+00 1.487E-18 2.830E-18
                                   Total (all groups):  3.179E-14 neutrons/sec-cm**3   .
                               Average Neutron Energy:  4.611E+00 MeV.


 (a,n) neutrons/sec-cc from  1.38020E+08 at/cc  u234  alphas on  c 13  in target
 0.000E+00 0.000E+00 0.000E+00 0.000E+00 0.000E+00 0.000E+00 0.000E+00 0.000E+00
 0.000E+00 0.000E+00 0.000E+00 0.000E+00 0.000E+00 0.000E+00 0.000E+00 0.000E+00
 0.000E+00 0.000E+00 0.000E+00 0.000E+00 0.000E+00 0.000E+00 0.000E+00 0.000E+00
 0.000E+00 0.000E+00 0.000E+00 0.000E+00 0.000E+00 0.000E+00 0.000E+00 0.000E+00
 4.033E-16 1.379E-15 2.513E-15 3.069E-15 4.446E-15 4.770E-15 5.087E-15 5.442E-15
 5.554E-15 5.615E-15 5.919E-15 6.153E-15 6.716E-15 9.296E-15 1.298E-14 1.517E-14
 1.678E-14 1.785E-14 1.882E-14 2.057E-14 2.185E-14 2.297E-14 2.473E-14 2.717E-14
 2.926E-14 2.936E-14 2.908E-14 2.867E-14 2.837E-14 2.834E-14 2.798E-14 2.604E-14
 2.041E-14 1.735E-14 1.538E-14 1.277E-14 1.032E-14 5.969E-15 2.309E-15 7.802E-16
 3.859E-16 2.182E-16 8.502E-17 1.863E-17 3.958E-19 0.000E+00 0.000E+00 0.000E+00
 0.000E+00 0.000E+00 0.000E+00 0.000E+00 0.000E+00 0.000E+00 0.000E+00 0.000E+00
 0.000E+00 0.000E+00 0.000E+00 0.000E+00 0.000E+00 0.000E+00 0.000E+00 0.000E+00
 0.000E+00 0.000E+00 0.000E+00 0.000E+00
                                   Total (all groups):  5.784E-13 neutrons/sec-cm**3   .
                               Average Neutron Energy:  4.414E+00 MeV.


 (a,n) neutrons/sec-cc from  1.84610E+10 at/cc  u235  alphas on  c 13  in target
 0.000E+00 0.000E+00 0.000E+00 0.000E+00 0.000E+00 0.000E+00 0.000E+00 0.000E+00
 0.000E+00 0.000E+00 0.000E+00 0.000E+00 0.000E+00 0.000E+00 0.000E+00 0.000E+00
 0.000E+00 0.000E+00 0.000E+00 0.000E+00 0.000E+00 0.000E+00 0.000E+00 0.000E+00
 0.000E+00 0.000E+00 0.000E+00 0.000E+00 0.000E+00 0.000E+00 0.000E+00 0.000E+00
 0.000E+00 1.254E-19 3.223E-18 1.068E-17 5.961E-17 7.363E-17 8.828E-17 1.048E-16
 1.100E-16 1.128E-16 1.270E-16 1.379E-16 1.640E-16 2.839E-16 4.551E-16 5.571E-16
 6.318E-16 6.818E-16 7.266E-16 8.080E-16 8.677E-16 9.195E-16 1.001E-15 1.115E-15
 1.236E-15 1.319E-15 1.345E-15 1.333E-15 1.319E-15 1.317E-15 1.301E-15 1.211E-15
 9.489E-16 8.065E-16 7.148E-16 5.938E-16 4.797E-16 2.775E-16 1.073E-16 3.626E-17
 1.794E-17 1.014E-17 3.951E-18 8.655E-19 1.840E-20 0.000E+00 0.000E+00 0.000E+00
 0.000E+00 0.000E+00 0.000E+00 0.000E+00 0.000E+00 0.000E+00 0.000E+00 0.000E+00
 0.000E+00 0.000E+00 0.000E+00 0.000E+00 0.000E+00 0.000E+00 0.000E+00 0.000E+00
 0.000E+00 0.000E+00 0.000E+00 0.000E+00
                                   Total (all groups):  2.342E-14 neutrons/sec-cm**3   .
                               Average Neutron Energy:  4.260E+00 MeV.


 (a,n) neutrons/sec-cc from  2.51190E+12 at/cc  u238  alphas on  c 13  in target
 0.000E+00 0.000E+00 0.000E+00 0.000E+00 0.000E+00 0.000E+00 0.000E+00 0.000E+00
 0.000E+00 0.000E+00 0.000E+00 0.000E+00 0.000E+00 0.000E+00 0.000E+00 0.000E+00
 0.000E+00 0.000E+00 0.000E+00 0.000E+00 0.000E+00 0.000E+00 0.000E+00 0.000E+00
 0.000E+00 0.000E+00 0.000E+00 0.000E+00 0.000E+00 0.000E+00 0.000E+00 0.000E+00
 0.000E+00 0.000E+00 0.000E+00 0.000E+00 0.000E+00 2.502E-17 2.959E-16 6.499E-16
 7.608E-16 8.220E-16 1.124E-15 1.358E-15 1.919E-15 4.489E-15 8.158E-15 1.034E-14
 1.195E-14 1.302E-14 1.398E-14 1.572E-14 1.700E-14 1.811E-14 1.986E-14 2.229E-14
 2.490E-14 2.673E-14 2.809E-14 2.854E-14 2.827E-14 2.824E-14 2.788E-14 2.594E-14
 2.034E-14 1.728E-14 1.532E-14 1.273E-14 1.028E-14 5.946E-15 2.300E-15 7.766E-16
 3.839E-16 2.168E-16 8.460E-17 1.853E-17 3.943E-19 0.000E+00 0.000E+00 0.000E+00
 0.000E+00 0.000E+00 0.000E+00 0.000E+00 0.000E+00 0.000E+00 0.000E+00 0.000E+00
 0.000E+00 0.000E+00 0.000E+00 0.000E+00 0.000E+00 0.000E+00 0.000E+00 0.000E+00
 0.000E+00 0.000E+00 0.000E+00 0.000E+00
                                   Total (all groups):  4.661E-13 neutrons/sec-cm**3   .
                               Average Neutron Energy:  4.182E+00 MeV.



 Total (alpha,n) neutron spectrum this target
 0.000E+00 0.000E+00 0.000E+00 0.000E+00 1.188E-16 2.463E-15 5.611E-15 9.011E-15
 1.227E-14 1.531E-14 1.881E-14 2.264E-14 2.668E-14 3.054E-14 3.353E-14 3.648E-14
 3.973E-14 4.420E-14 4.884E-14 5.435E-14 6.131E-14 7.218E-14 8.221E-14 9.164E-14
 9.703E-14 1.056E-13 1.231E-13 1.402E-13 1.602E-13 1.801E-13 1.963E-13 2.046E-13
 2.104E-13 2.172E-13 2.255E-13 2.295E-13 2.396E-13 2.420E-13 2.446E-13 2.476E-13
 2.484E-13 2.449E-13 2.415E-13 2.379E-13 2.362E-13 2.507E-13 2.759E-13 2.884E-13
 2.938E-13 2.921E-13 2.826E-13 2.812E-13 2.781E-13 2.579E-13 2.378E-13 2.301E-13
 2.397E-13 2.423E-13 2.417E-13 2.391E-13 2.367E-13 2.364E-13 2.334E-13 2.172E-13
 1.703E-13 1.447E-13 1.283E-13 1.065E-13 8.606E-14 4.978E-14 1.940E-14 9.985E-15
 2.249E-14 3.950E-14 5.722E-14 7.416E-14 9.032E-14 1.085E-13 1.275E-13 1.469E-13
 1.650E-13 1.832E-13 2.034E-13 2.255E-13 2.526E-13 2.816E-13 3.095E-13 3.441E-13
 3.796E-13 4.160E-13 4.205E-13 4.197E-13 4.078E-13 3.953E-13 4.057E-13 4.079E-13
 3.893E-13 3.450E-13 2.715E-13 1.730E-13
                                   Total (all groups):  1.761E-11 neutrons/sec-cm**3   .
                               Average Neutron Energy:  3.710E+00 MeV.
 

--------------------------------------------------------------------------------
 

--------------------------------------------------------------------------------



 Grand total (alpha,n) neutron spectrum, all targets, all sources
 0.000E+00 0.000E+00 0.000E+00 0.000E+00 1.188E-16 2.463E-15 5.611E-15 9.011E-15
 1.227E-14 1.531E-14 1.881E-14 2.264E-14 2.668E-14 3.054E-14 3.353E-14 3.648E-14
 3.973E-14 4.420E-14 4.884E-14 5.435E-14 6.131E-14 7.218E-14 8.221E-14 9.164E-14
 9.703E-14 1.056E-13 1.231E-13 1.402E-13 1.602E-13 1.801E-13 1.963E-13 2.046E-13
 2.104E-13 2.172E-13 2.255E-13 2.295E-13 2.396E-13 2.420E-13 2.446E-13 2.476E-13
 2.484E-13 2.449E-13 2.415E-13 2.379E-13 2.362E-13 2.507E-13 2.759E-13 2.884E-13
 2.938E-13 2.921E-13 2.826E-13 2.812E-13 2.781E-13 2.579E-13 2.378E-13 2.301E-13
 2.397E-13 2.423E-13 2.417E-13 2.391E-13 2.367E-13 2.364E-13 2.334E-13 2.172E-13
 1.703E-13 1.447E-13 1.283E-13 1.065E-13 8.606E-14 4.978E-14 1.940E-14 9.985E-15
 2.249E-14 3.950E-14 5.722E-14 7.416E-14 9.032E-14 1.085E-13 1.275E-13 1.469E-13
 1.650E-13 1.832E-13 2.034E-13 2.255E-13 2.526E-13 2.816E-13 3.095E-13 3.441E-13
 3.796E-13 4.160E-13 4.205E-13 4.197E-13 4.078E-13 3.953E-13 4.057E-13 4.079E-13
 3.893E-13 3.450E-13 2.715E-13 1.730E-13
                                   Total (all groups):  1.761E-11 neutrons/sec-cm**3   .
                               Average Neutron Energy:  3.710E+00 MeV.
 

--------------------------------------------------------------------------------

--------------------------------------------------------------------------------
 


 S.F. neutrons/cc from  4.23900E+07 at/cc th230 
 1.801E-22 2.014E-22 2.248E-22 2.513E-22 2.799E-22 3.125E-22 3.488E-22 3.889E-22
 4.337E-22 4.836E-22 5.386E-22 6.007E-22 6.688E-22 7.449E-22 8.297E-22 9.232E-22
 1.028E-21 1.143E-21 1.272E-21 1.415E-21 1.572E-21 1.748E-21 1.942E-21 2.156E-21
 2.395E-21 2.658E-21 2.950E-21 3.272E-21 3.629E-21 4.023E-21 4.459E-21 4.939E-21
 5.470E-21 6.056E-21 6.702E-21 7.413E-21 8.197E-21 9.061E-21 1.001E-20 1.106E-20
 1.221E-20 1.347E-20 1.486E-20 1.638E-20 1.805E-20 1.988E-20 2.188E-20 2.408E-20
 2.648E-20 2.910E-20 3.197E-20 3.509E-20 3.850E-20 4.222E-20 4.627E-20 5.066E-20
 5.544E-20 6.063E-20 6.625E-20 7.235E-20 7.894E-20 8.606E-20 9.374E-20 1.020E-19
 1.109E-19 1.205E-19 1.308E-19 1.417E-19 1.535E-19 1.660E-19 1.794E-19 1.935E-19
 2.085E-19 2.244E-19 2.411E-19 2.586E-19 2.769E-19 2.961E-19 3.159E-19 3.363E-19
 3.573E-19 3.788E-19 4.004E-19 4.221E-19 4.436E-19 4.647E-19 4.848E-19 5.038E-19
 5.209E-19 5.357E-19 5.475E-19 5.553E-19 5.581E-19 5.546E-19 5.433E-19 5.219E-19
 4.872E-19 4.343E-19 3.526E-19 2.014E-19
                                   Total (all groups):  1.379E-17 neutrons/sec-cm**3   .
                               Average Neutron Energy:  1.708E+00 MeV.


 S.F. neutrons/cc from  8.59070E+05 at/cc pa231 
 1.611E-22 1.765E-22 1.935E-22 2.118E-22 2.320E-22 2.540E-22 2.780E-22 3.042E-22
 3.329E-22 3.643E-22 3.984E-22 4.356E-22 4.764E-22 5.207E-22 5.691E-22 6.218E-22
 6.792E-22 7.420E-22 8.101E-22 8.844E-22 9.653E-22 1.053E-21 1.149E-21 1.253E-21
 1.366E-21 1.489E-21 1.623E-21 1.769E-21 1.926E-21 2.098E-21 2.283E-21 2.485E-21
 2.703E-21 2.941E-21 3.197E-21 3.475E-21 3.776E-21 4.101E-21 4.453E-21 4.834E-21
 5.245E-21 5.690E-21 6.169E-21 6.686E-21 7.244E-21 7.845E-21 8.492E-21 9.189E-21
 9.938E-21 1.074E-20 1.161E-20 1.254E-20 1.353E-20 1.460E-20 1.575E-20 1.697E-20
 1.828E-20 1.968E-20 2.117E-20 2.276E-20 2.446E-20 2.626E-20 2.818E-20 3.021E-20
 3.237E-20 3.465E-20 3.706E-20 3.960E-20 4.228E-20 4.510E-20 4.806E-20 5.115E-20
 5.438E-20 5.775E-20 6.125E-20 6.488E-20 6.862E-20 7.247E-20 7.641E-20 8.043E-20
 8.449E-20 8.859E-20 9.267E-20 9.671E-20 1.007E-19 1.045E-19 1.080E-19 1.113E-19
 1.142E-19 1.167E-19 1.185E-19 1.195E-19 1.195E-19 1.183E-19 1.156E-19 1.108E-19
 1.034E-19 9.226E-20 7.511E-20 4.309E-20
                                   Total (all groups):  3.311E-18 neutrons/sec-cm**3   .
                               Average Neutron Energy:  1.925E+00 MeV.


 S.F. neutrons/cc from  1.38020E+08 at/cc  u234 
 1.070E-20 1.176E-20 1.292E-20 1.420E-20 1.559E-20 1.712E-20 1.880E-20 2.064E-20
 2.265E-20 2.486E-20 2.727E-20 2.992E-20 3.280E-20 3.596E-20 3.942E-20 4.321E-20
 4.734E-20 5.186E-20 5.679E-20 6.219E-20 6.807E-20 7.449E-20 8.150E-20 8.915E-20
 9.749E-20 1.066E-19 1.165E-19 1.273E-19 1.390E-19 1.518E-19 1.657E-19 1.809E-19
 1.973E-19 2.152E-19 2.347E-19 2.558E-19 2.787E-19 3.035E-19 3.305E-19 3.597E-19
 3.914E-19 4.257E-19 4.628E-19 5.029E-19 5.463E-19 5.932E-19 6.439E-19 6.985E-19
 7.574E-19 8.210E-19 8.893E-19 9.630E-19 1.042E-18 1.127E-18 1.219E-18 1.317E-18
 1.422E-18 1.534E-18 1.654E-18 1.783E-18 1.920E-18 2.066E-18 2.222E-18 2.388E-18
 2.564E-18 2.751E-18 2.949E-18 3.158E-18 3.379E-18 3.611E-18 3.856E-18 4.113E-18
 4.381E-18 4.662E-18 4.953E-18 5.256E-18 5.570E-18 5.892E-18 6.223E-18 6.561E-18
 6.903E-18 7.248E-18 7.593E-18 7.935E-18 8.269E-18 8.591E-18 8.896E-18 9.177E-18
 9.425E-18 9.632E-18 9.787E-18 9.876E-18 9.883E-18 9.786E-18 9.559E-18 9.165E-18
 8.550E-18 7.624E-18 6.201E-18 3.554E-18
                                   Total (all groups):  2.691E-16 neutrons/sec-cm**3   .
                               Average Neutron Energy:  1.889E+00 MeV.


 S.F. neutrons/cc from  1.84610E+10 at/cc  u235 
 8.711E-20 9.569E-20 1.051E-19 1.155E-19 1.268E-19 1.391E-19 1.528E-19 1.676E-19
 1.839E-19 2.018E-19 2.213E-19 2.426E-19 2.660E-19 2.916E-19 3.195E-19 3.501E-19
 3.834E-19 4.199E-19 4.598E-19 5.032E-19 5.507E-19 6.025E-19 6.590E-19 7.206E-19
 7.878E-19 8.610E-19 9.407E-19 1.028E-18 1.122E-18 1.225E-18 1.337E-18 1.459E-18
 1.591E-18 1.735E-18 1.891E-18 2.061E-18 2.245E-18 2.444E-18 2.661E-18 2.895E-18
 3.149E-18 3.424E-18 3.722E-18 4.044E-18 4.392E-18 4.768E-18 5.173E-18 5.611E-18
 6.083E-18 6.592E-18 7.139E-18 7.729E-18 8.362E-18 9.043E-18 9.774E-18 1.056E-17
 1.140E-17 1.230E-17 1.326E-17 1.429E-17 1.538E-17 1.655E-17 1.780E-17 1.912E-17
 2.053E-17 2.202E-17 2.360E-17 2.528E-17 2.704E-17 2.890E-17 3.085E-17 3.290E-17
 3.505E-17 3.729E-17 3.962E-17 4.204E-17 4.454E-17 4.712E-17 4.976E-17 5.246E-17
 5.519E-17 5.795E-17 6.071E-17 6.345E-17 6.612E-17 6.870E-17 7.114E-17 7.340E-17
 7.539E-17 7.706E-17 7.832E-17 7.904E-17 7.911E-17 7.836E-17 7.656E-17 7.343E-17
 6.853E-17 6.113E-17 4.975E-17 2.852E-17
                                   Total (all groups):  2.154E-15 neutrons/sec-cm**3   .
                               Average Neutron Energy:  1.890E+00 MeV.


 S.F. neutrons/cc from  2.51190E+12 at/cc  u238 
 1.512E-16 1.690E-16 1.891E-16 2.117E-16 2.369E-16 2.645E-16 2.964E-16 3.308E-16
 3.701E-16 4.132E-16 4.618E-16 5.158E-16 5.756E-16 6.429E-16 7.175E-16 8.005E-16
 8.926E-16 9.958E-16 1.109E-15 1.237E-15 1.378E-15 1.535E-15 1.709E-15 1.903E-15
 2.117E-15 2.355E-15 2.620E-15 2.912E-15 3.237E-15 3.596E-15 3.994E-15 4.434E-15
 4.921E-15 5.460E-15 6.055E-15 6.712E-15 7.438E-15 8.238E-15 9.122E-15 1.010E-14
 1.117E-14 1.235E-14 1.365E-14 1.508E-14 1.665E-14 1.837E-14 2.027E-14 2.234E-14
 2.462E-14 2.711E-14 2.984E-14 3.283E-14 3.608E-14 3.964E-14 4.352E-14 4.775E-14
 5.236E-14 5.736E-14 6.280E-14 6.870E-14 7.509E-14 8.201E-14 8.949E-14 9.757E-14
 1.063E-13 1.156E-13 1.257E-13 1.365E-13 1.481E-13 1.604E-13 1.736E-13 1.876E-13
 2.024E-13 2.182E-13 2.347E-13 2.522E-13 2.705E-13 2.895E-13 3.093E-13 3.298E-13
 3.508E-13 3.723E-13 3.941E-13 4.159E-13 4.375E-13 4.587E-13 4.791E-13 4.982E-13
 5.156E-13 5.306E-13 5.425E-13 5.505E-13 5.535E-13 5.502E-13 5.390E-13 5.177E-13
 4.831E-13 4.304E-13 3.492E-13 1.993E-13
                                   Total (all groups):  1.353E-11 neutrons/sec-cm**3   .
                               Average Neutron Energy:  1.688E+00 MeV.

--------------------------------------------------------------------------------



 Total S.F. neutron spectrum
 1.513E-16 1.691E-16 1.892E-16 2.118E-16 2.370E-16 2.647E-16 2.966E-16 3.310E-16
 3.703E-16 4.135E-16 4.621E-16 5.161E-16 5.759E-16 6.433E-16 7.178E-16 8.009E-16
 8.931E-16 9.963E-16 1.110E-15 1.238E-15 1.379E-15 1.536E-15 1.710E-15 1.904E-15
 2.118E-15 2.356E-15 2.621E-15 2.914E-15 3.238E-15 3.597E-15 3.996E-15 4.436E-15
 4.923E-15 5.462E-15 6.057E-15 6.714E-15 7.441E-15 8.241E-15 9.125E-15 1.010E-14
 1.117E-14 1.235E-14 1.365E-14 1.508E-14 1.665E-14 1.838E-14 2.027E-14 2.235E-14
 2.463E-14 2.712E-14 2.985E-14 3.283E-14 3.609E-14 3.965E-14 4.354E-14 4.776E-14
 5.237E-14 5.738E-14 6.281E-14 6.871E-14 7.511E-14 8.203E-14 8.951E-14 9.759E-14
 1.063E-13 1.157E-13 1.257E-13 1.365E-13 1.481E-13 1.604E-13 1.736E-13 1.876E-13
 2.025E-13 2.182E-13 2.348E-13 2.522E-13 2.705E-13 2.896E-13 3.094E-13 3.299E-13
 3.509E-13 3.724E-13 3.941E-13 4.160E-13 4.376E-13 4.588E-13 4.792E-13 4.983E-13
 5.157E-13 5.307E-13 5.426E-13 5.506E-13 5.536E-13 5.503E-13 5.391E-13 5.178E-13
 4.832E-13 4.305E-13 3.492E-13 1.993E-13
                                   Total (all groups):  1.353E-11 neutrons/sec-cm**3   .
                               Average Neutron Energy:  1.688E+00 MeV.
 

--------------------------------------------------------------------------------
 
 

--------------------------------------------------------------------------------




 Total Neutron Spectrum
 1.513E-16 1.691E-16 1.892E-16 2.118E-16 3.558E-16 2.728E-15 5.908E-15 9.342E-15
 1.264E-14 1.572E-14 1.928E-14 2.315E-14 2.726E-14 3.118E-14 3.425E-14 3.728E-14
 4.062E-14 4.520E-14 4.995E-14 5.559E-14 6.269E-14 7.372E-14 8.392E-14 9.354E-14
 9.914E-14 1.079E-13 1.257E-13 1.431E-13 1.635E-13 1.837E-13 2.003E-13 2.091E-13
 2.153E-13 2.227E-13 2.315E-13 2.363E-13 2.471E-13 2.503E-13 2.538E-13 2.577E-13
 2.595E-13 2.572E-13 2.552E-13 2.530E-13 2.529E-13 2.691E-13 2.961E-13 3.107E-13
 3.184E-13 3.192E-13 3.125E-13 3.141E-13 3.142E-13 2.976E-13 2.813E-13 2.778E-13
 2.921E-13 2.997E-13 3.045E-13 3.078E-13 3.118E-13 3.184E-13 3.229E-13 3.148E-13
 2.766E-13 2.604E-13 2.540E-13 2.431E-13 2.342E-13 2.102E-13 1.930E-13 1.976E-13
 2.250E-13 2.577E-13 2.920E-13 3.264E-13 3.608E-13 3.980E-13 4.369E-13 4.767E-13
 5.159E-13 5.555E-13 5.975E-13 6.414E-13 6.902E-13 7.404E-13 7.887E-13 8.424E-13
 8.953E-13 9.467E-13 9.632E-13 9.703E-13 9.614E-13 9.456E-13 9.448E-13 9.256E-13
 8.725E-13 7.754E-13 6.207E-13 3.723E-13
                                   Total (all groups):  3.114E-11 neutrons/sec-cm**3   .
                               Average Neutron Energy:  2.832E+00 MeV.
