#DataThief /Users/villaa/Research/n-elec-scattering/SCDMS_flux/papers/silicon_HV_bknd_sensitivity.png Monday 15-Jul-2024 11:18:26 AM
0.0394, 0.4551
0.0388, 0.4952
0.0382, 0.539
0.0376, 0.5554
0.037, 0.6045
0.0364, 0.623
0.0358, 0.6781
0.0352, 0.7379
0.0347, 0.8031
0.0342, 0.874
0.0337, 0.9008
0.0331, 0.9804
0.0326, 1.0104
0.0321, 1.0996
0.0316, 1.1332
0.0311, 1.106
0.0306, 1.0794
0.0302, 1.0534
0.0302, 0.9975
0.0302, 0.9445
0.0297, 0.9219
0.0297, 0.873
0.0292, 0.8519
0.0292, 0.8068
0.0288, 0.7873
0.0288, 0.7456
0.0288, 0.706
0.0283, 0.6891
0.0283, 0.6524
0.0283, 0.6179
0.0283, 0.5851
0.0279, 0.571
0.0279, 0.5408
0.0279, 0.5121
0.0279, 0.4849
0.0275, 0.4732
0.0275, 0.4481
0.0275, 0.4243
0.0275, 0.4019
0.027, 0.3921
0.027, 0.3714
0.027, 0.3517
0.027, 0.333
0.027, 0.3154
0.027, 0.2986
0.027, 0.2828
0.0266, 0.276
0.0266, 0.2614
0.0266, 0.2475
0.0266, 0.2344
0.0266, 0.2219
0.0266, 0.2102
0.0266, 0.199
0.0266, 0.1885
0.0262, 0.1839
0.0258, 0.1795
0.0258, 0.17
0.0258, 0.161
0.0258, 0.1524
0.0258, 0.1443
0.0258, 0.1367
0.0258, 0.1294
0.0258, 0.1226
0.0262, 0.1189
0.0262, 0.1256
0.0262, 0.1326
0.0262, 0.1401
0.0262, 0.1479
0.0262, 0.1562
0.0262, 0.1649
0.0258, 0.17
0.0254, 0.1752
0.0254, 0.185
0.0254, 0.1954
0.0258, 0.2002
0.0254, 0.2179
0.0254, 0.2301
0.0254, 0.2429
0.0254, 0.2565
0.0254, 0.2709
0.025, 0.2948
0.025, 0.3114
0.025, 0.3288
0.025, 0.3472
0.025, 0.3667
0.0246, 0.399
0.0246, 0.4214
0.0246, 0.445
0.0246, 0.4699
0.0242, 0.5114
0.0242, 0.5401
0.0242, 0.5703
0.0238, 0.6207
0.0238, 0.6555
0.0235, 0.7134
0.0231, 0.7764
0.0231, 0.8199
0.0227, 0.8923
0.0227, 0.9422
0.0224, 1.0255
0.0224, 1.0829
0.022, 1.116
0.0217, 1.1502
0.0217, 1.0892
0.022, 1.0568
0.0217, 1.0314
0.0214, 1.063
0.0214, 1.0066
0.021, 0.9824
0.021, 0.9303
0.021, 0.8809
0.0207, 0.8597
0.0207, 0.8141
0.0207, 0.7709
0.0204, 0.7524
0.0204, 0.7125
0.0204, 0.6747
0.0204, 0.6389
0.0204, 0.605
0.0201, 0.5904
0.0201, 0.5591
0.0201, 0.5295
0.0201, 0.5013
0.0197, 0.4893
0.0197, 0.4634
0.0197, 0.4388
0.0197, 0.4155
0.0197, 0.3935
0.0197, 0.3726
0.0194, 0.3636
0.0194, 0.3444
0.0194, 0.3261
0.0191, 0.3182
0.0191, 0.3014
0.0191, 0.2854
0.0191, 0.2702
0.0191, 0.2559
0.0191, 0.2423
0.0191, 0.2295
0.0191, 0.2173
0.0191, 0.2058
0.0191, 0.1949
0.0191, 0.1844
0.0191, 0.1747
0.0188, 0.1705
0.0185, 0.1758
0.0183, 0.1811
0.018, 0.1867
0.0177, 0.1924
0.0174, 0.1983
0.0171, 0.2043
0.0169, 0.1994
0.0166, 0.217
0.0166, 0.2292
0.0169, 0.2106
0.0169, 0.2224
0.0166, 0.242
0.0164, 0.2634
0.0164, 0.2782
0.0164, 0.2937
0.0164, 0.3102
0.0161, 0.3376
0.0161, 0.3565
0.0161, 0.3765
0.0161, 0.3976
0.0159, 0.4327
0.0159, 0.4569
0.0159, 0.4825
0.0156, 0.5251
0.0156, 0.5545
0.0154, 0.6035
0.0154, 0.6373
0.0154, 0.673
0.0151, 0.7324
0.0151, 0.7734
0.0149, 0.7971
0.0147, 0.8215
0.0144, 0.8467
0.0142, 0.8726
0.014, 0.8516
0.0138, 0.8776
0.0136, 0.9045
0.0133, 0.8827
0.0131, 0.9097
0.0129, 0.9375
0.0127, 0.915
0.0125, 0.943
0.0123, 0.9203
0.0121, 0.9484
0.012, 0.9775
0.0118, 0.9539
0.0116, 0.983
0.0114, 1.0132
0.0112, 0.9888
0.0111, 1.0191
0.0109, 0.9946
0.0107, 0.9706
0.0105, 1.0003
0.0104, 0.9762
0.0102, 1.0061
0.0101, 0.9819
9.9042e-3, 0.9583
9.7501e-3, 0.9876
9.5984e-3, 0.9638
9.449e-3, 0.9933
9.302e-3, 0.9694
9.1572e-3, 0.9461
9.0147e-3, 0.9233
8.8744e-3, 0.9011
8.7363e-3, 0.8794
8.6003e-3, 0.8582
8.4665e-3, 0.8376
8.3347e-3, 0.8174
8.205e-3, 0.7978
8.205e-3, 0.7553
8.0774e-3, 0.7372
7.9517e-3, 0.7195
7.9517e-3, 0.6814
7.8279e-3, 0.7022
7.8279e-3, 0.665
7.8279e-3, 0.6297
7.7061e-3, 0.6145
7.7061e-3, 0.5819
7.5862e-3, 0.5678
7.5862e-3, 0.5377
7.4681e-3, 0.5249
7.4681e-3, 0.4969
7.3519e-3, 0.4851
7.3519e-3, 0.4593
7.3519e-3, 0.435
7.3519e-3, 0.4119
7.3519e-3, 0.3901
7.2375e-3, 0.3807
7.2375e-3, 0.3605
7.2375e-3, 0.3414
7.1248e-3, 0.3331
7.1248e-3, 0.3155
7.1248e-3, 0.2987
7.1248e-3, 0.2829
7.1248e-3, 0.2679
7.014e-3, 0.2614
6.9048e-3, 0.2694
6.9048e-3, 0.2845
7.014e-3, 0.2761
7.014e-3, 0.2916
6.9048e-3, 0.3005
6.7974e-3, 0.3096
6.6916e-3, 0.337
6.7974e-3, 0.327
6.6916e-3, 0.3559
6.5874e-3, 0.3873
6.4849e-3, 0.4215
6.384e-3, 0.4588
6.2847e-3, 0.4993
6.1869e-3, 0.5434
6.0906e-3, 0.5914
5.9958e-3, 0.6436
5.9025e-3, 0.7005
5.9025e-3, 0.7397
5.8106e-3, 0.805
5.7202e-3, 0.8761
5.6312e-3, 0.9029
5.6312e-3, 0.9535
5.5436e-3, 0.9827
5.5436e-3, 1.0377
5.4573e-3, 1.1294
5.3724e-3, 1.1639
5.2888e-3, 1.1995
5.2888e-3, 1.2667
5.2065e-3, 1.3054
5.1254e-3, 1.4208
5.0457e-3, 1.5463
4.9671e-3, 1.5936
4.8898e-3, 1.7343
4.8138e-3, 1.7873
4.7388e-3, 1.9453
4.6651e-3, 2.1171
4.5925e-3, 2.3041
4.521e-3, 2.3746
4.4507e-3, 2.4472
4.3814e-3, 2.3883
4.3132e-3, 2.4614
4.2461e-3, 2.4022
4.18e-3, 2.3444
4.115e-3, 2.2879
4.0509e-3, 2.2328
3.9879e-3, 2.1791
3.9258e-3, 2.1267
3.9258e-3, 2.0139
3.8647e-3, 1.9654
3.8046e-3, 1.9181
3.7454e-3, 1.8719
3.7454e-3, 1.7727
3.6871e-3, 1.73
3.6297e-3, 1.6884
3.6297e-3, 1.5988
3.6297e-3, 1.514
3.6297e-3, 1.4337
3.5732e-3, 1.3992
3.5732e-3, 1.325
3.5176e-3, 1.2931
3.5176e-3, 1.2245
3.5176e-3, 1.1596
3.4629e-3, 1.1317
3.4629e-3, 1.0716
3.4629e-3, 1.0148
3.4629e-3, 0.9609
3.409e-3, 0.9379
3.409e-3, 0.8881
3.409e-3, 0.841
3.3559e-3, 0.8208
3.3559e-3, 0.7772
3.3559e-3, 0.736
3.3559e-3, 0.697
3.3559e-3, 0.66
3.3037e-3, 0.6441
3.3037e-3, 0.6099
3.2523e-3, 0.5953
3.2017e-3, 0.5809
3.1519e-3, 0.5987
3.1028e-3, 0.5843
3.0545e-3, 0.6021
3.007e-3, 0.6206
2.9602e-3, 0.6057
2.9141e-3, 0.6242
2.8688e-3, 0.6433
2.8241e-3, 0.6278
2.7802e-3, 0.647
2.7369e-3, 0.6315
2.6943e-3, 0.6508
2.6524e-3, 0.6707
2.6111e-3, 0.6545
2.5705e-3, 0.6745
2.5305e-3, 0.6583
2.4911e-3, 0.6785
2.4523e-3, 0.6622
2.4142e-3, 0.6824
2.3766e-3, 0.666
2.3396e-3, 0.6864
2.3032e-3, 0.6699
2.2674e-3, 0.6904
2.2321e-3, 0.6737
2.1974e-3, 0.6944
2.1632e-3, 0.6776
2.1295e-3, 0.6984
2.0964e-3, 0.7198
2.0637e-3, 0.7418
2.0316e-3, 0.7645
2.0e-3, 0.7879
1.9689e-3, 0.8574
1.9382e-3, 0.8837
1.9081e-3, 0.9106
1.8784e-3, 0.9912
1.8491e-3, 1.0215
1.8204e-3, 1.0527
1.792e-3, 1.1457
1.792e-3, 1.2099
1.792e-3, 1.2777
1.792e-3, 1.3492
1.792e-3, 1.4248
1.792e-3, 1.5046
1.792e-3, 1.5889
1.792e-3, 1.6779
1.792e-3, 1.7719
1.792e-3, 1.8711
1.792e-3, 1.9759
1.792e-3, 2.0866
1.792e-3, 2.2034
1.7642e-3, 2.3981
1.7642e-3, 2.5324
1.7642e-3, 2.6742
1.7642e-3, 2.8239
1.7642e-3, 2.9822
1.7642e-3, 3.1492
1.7642e-3, 3.3256
1.7642e-3, 3.5119
1.7367e-3, 3.8221
1.7367e-3, 4.0361
1.7367e-3, 4.2622
1.7367e-3, 4.5009
1.7367e-3, 4.753
1.7097e-3, 5.1729
1.7097e-3, 5.4626
1.7097e-3, 5.7686
1.7097e-3, 6.0917
1.7097e-3, 6.4329
1.6831e-3, 7.001
1.6831e-3, 7.3932
1.6831e-3, 7.8073
1.6831e-3, 8.2446
1.6831e-3, 8.7064
1.6569e-3, 9.4753
1.6569e-3, 10.0061
1.6311e-3, 10.8898
1.6311e-3, 11.4998
1.6311e-3, 12.1439
1.6057e-3, 13.2165
1.6057e-3, 13.9567
1.5807e-3, 15.1895
1.5807e-3, 16.0402
1.5561e-3, 17.457
1.5319e-3, 17.0368
1.5561e-3, 16.531
1.5319e-3, 16.1332
1.5561e-3, 15.6542
1.5319e-3, 15.2775
1.5081e-3, 14.9098
1.5081e-3, 14.119
1.4846e-3, 13.7792
1.4846e-3, 13.0483
1.4846e-3, 12.3562
1.4615e-3, 12.0589
1.4615e-3, 11.4193
1.4615e-3, 10.8136
1.4615e-3, 10.24
1.4615e-3, 9.6968
1.4387e-3, 9.4635
1.4387e-3, 8.9616
1.4387e-3, 8.4862
1.4387e-3, 8.0361
1.4387e-3, 7.6099
1.4387e-3, 7.2063
1.4164e-3, 7.0328
1.4164e-3, 6.6598
1.4164e-3, 6.3066
1.4164e-3, 5.9721
1.4164e-3, 5.6553
1.4164e-3, 5.3553
1.4164e-3, 5.0713
1.4164e-3, 4.8023
1.4164e-3, 4.5476
1.4164e-3, 4.3064
1.3943e-3, 4.2027
1.3943e-3, 3.9798
1.3943e-3, 3.7687
1.3726e-3, 3.678
1.3726e-3, 3.4828
1.3726e-3, 3.2982
1.3726e-3, 3.1233
1.3726e-3, 2.9576
1.3726e-3, 2.8007
1.3726e-3, 2.6522
1.3513e-3, 2.5884
1.3513e-3, 2.4511
