#DataThief /Users/villaa/Research/n-elec-scattering/SCDMS_flux/papers/silicon_HV_bknd_sensitivity.png Monday 15-Jul-2024 11:22:27 AM
2.9979e-4, 55.0268
2.9512e-4, 56.7105
2.9512e-4, 53.7025
2.9512e-4, 50.854
2.9512e-4, 48.1568
2.9512e-4, 45.6025
2.9512e-4, 43.1837
2.9512e-4, 40.8932
2.9512e-4, 38.7242
2.9512e-4, 36.6703
2.9512e-4, 34.7252
2.9512e-4, 32.8834
2.9512e-4, 31.1393
2.9512e-4, 29.4876
2.9512e-4, 27.9236
2.9512e-4, 26.4425
2.9512e-4, 25.04
2.9512e-4, 23.7118
2.9512e-4, 22.4541
2.9053e-4, 21.9138
2.8601e-4, 22.5843
2.8601e-4, 21.3864
2.8156e-4, 20.8717
2.7718e-4, 20.3694
2.7718e-4, 19.289
2.7286e-4, 18.8248
2.7286e-4, 17.8263
2.7286e-4, 16.8808
2.7286e-4, 15.9854
2.6862e-4, 16.4745
2.6444e-4, 16.9786
2.6032e-4, 18.4782
2.5627e-4, 19.0436
2.5228e-4, 18.5853
2.4836e-4, 19.1539
2.4836e-4, 20.2268
2.4449e-4, 22.0132
2.4069e-4, 22.6867
2.3694e-4, 24.6905
2.3325e-4, 26.8713
2.2962e-4, 27.6935
2.2962e-4, 26.2246
2.2605e-4, 25.5935
2.2253e-4, 24.9775
2.1907e-4, 25.7418
2.1566e-4, 25.1223
2.1231e-4, 25.8909
2.09e-4, 26.6831
2.0575e-4, 29.0399
2.0575e-4, 30.6663
2.0575e-4, 32.3841
2.0255e-4, 35.2443
1.9939e-4, 36.3227
1.9629e-4, 37.4341
1.9324e-4, 36.5332
1.9023e-4, 37.651
1.8727e-4, 38.803
1.8436e-4, 39.9903
1.8149e-4, 39.0279
1.7866e-4, 40.2221
1.7588e-4, 41.4527
1.7314e-4, 42.721
1.7045e-4, 44.0282
1.678e-4, 47.9169
1.678e-4, 50.6008
1.6519e-4, 55.07
1.6262e-4, 56.755
1.6262e-4, 59.9339
1.6519e-4, 58.1546
1.6519e-4, 55.07
1.6262e-4, 53.7447
1.6008e-4, 52.4513
1.6008e-4, 49.6692
1.5759e-4, 51.189
1.5759e-4, 48.4739
1.5514e-4, 49.9569
1.5273e-4, 51.4856
1.5273e-4, 48.7548
1.5035e-4, 50.2465
1.4801e-4, 51.7839
1.4571e-4, 53.3684
1.4344e-4, 58.082
1.4121e-4, 63.212
1.3901e-4, 68.795
1.3685e-4, 70.9
1.3685e-4, 67.1394
1.3901e-4, 61.6907
1.3901e-4, 65.1461
1.4121e-4, 66.7526
1.3901e-4, 72.6482
1.3685e-4, 74.8712
1.3472e-4, 77.162
1.3262e-4, 79.523
1.3056e-4, 86.5466
1.2852e-4, 89.1947
1.2652e-4, 91.9239
1.2456e-4, 94.7365
1.2456e-4, 100.0428
1.2456e-4, 105.6463
1.2262e-4, 108.8788
1.2262e-4, 114.9773
1.2262e-4, 121.4174
1.2262e-4, 128.2181
1.2262e-4, 135.3998
1.2262e-4, 142.9838
1.2456e-4, 146.5097
1.2456e-4, 138.7387
1.2456e-4, 131.3799
1.2456e-4, 124.4115
1.2456e-4, 117.8126
1.2456e-4, 111.5638
1.2652e-4, 108.2516
1.2652e-4, 102.5098
1.2652e-4, 97.0726
1.2652e-4, 91.9239
1.2652e-4, 87.0482
1.2456e-4, 84.9532
1.2456e-4, 80.4473
1.2262e-4, 78.5112
1.2071e-4, 76.6217
1.1883e-4, 74.7778
1.1698e-4, 77.0658
1.1516e-4, 79.4238
1.1337e-4, 81.8538
1.116e-4, 84.3584
1.0987e-4, 86.9396
1.0816e-4, 89.5997
1.0647e-4, 97.5133
1.0482e-4, 100.4969
1.0319e-4, 103.5718
1.0319e-4, 98.0784
1.0319e-4, 103.5718
1.0158e-4, 112.7197
1.0158e-4, 119.0333
1.0e-4, 122.6754
1.0e-4, 116.1686
1.0e-4, 122.6754
1.0158e-4, 125.7005
1.0e-4, 129.5466
1.0e-4, 136.8027
1.0e-4, 144.4652
1.0e-4, 152.5569
1.0e-4, 161.1019
1.0e-4, 170.1254
1.0e-4, 179.6543
1.0e-4, 189.717
1.0e-4, 200.3434
1.0e-4, 211.565
1.0e-4, 223.4151
1.0e-4, 235.9289
1.0e-4, 249.1436
1.0e-4, 263.0985
1.0e-4, 277.835
1.0e-4, 293.397
1.0e-4, 309.8306
1.0e-4, 327.1846
1.0e-4, 345.5107
1.0e-4, 364.8633
1.0e-4, 385.2998
1.0e-4, 406.881
9.8444e-5, 397.089
9.8444e-5, 376.0271
9.6912e-5, 366.9776
9.8444e-5, 356.0824
9.6912e-5, 347.5129
9.5404e-5, 339.1496
9.6912e-5, 329.0806
9.5404e-5, 321.1609
9.5404e-5, 304.1263
9.3919e-5, 296.8072
9.3919e-5, 281.0643
9.3919e-5, 266.1565
9.3919e-5, 252.0394
9.3919e-5, 238.6711
9.2457e-5, 232.9272
9.2457e-5, 220.5726
9.2457e-5, 208.8733
9.2457e-5, 197.7945
9.2457e-5, 187.3034
9.1019e-5, 182.7957
9.1019e-5, 173.1001
9.1019e-5, 163.9188
9.1019e-5, 155.2244
9.1019e-5, 146.9912
9.1019e-5, 139.1947
8.9602e-5, 135.8448
8.8208e-5, 140.0013
8.6835e-5, 144.285
8.5484e-5, 148.6997
8.4153e-5, 153.2495
8.2844e-5, 157.9386
8.1555e-5, 162.7711
8.0285e-5, 167.7513
7.9036e-5, 172.8841
7.7806e-5, 178.1739
7.6595e-5, 183.6256
7.5403e-5, 189.244
7.5403e-5, 199.8439
7.5403e-5, 211.0374
7.5403e-5, 222.8578
7.5403e-5, 235.3406
7.5403e-5, 248.5223
7.5403e-5, 262.4424
7.423e-5, 285.6219
7.423e-5, 301.62
7.423e-5, 318.5143
7.423e-5, 336.3548
7.423e-5, 355.1945
7.423e-5, 375.0895
7.423e-5, 396.0988
7.423e-5, 418.2849
7.423e-5, 441.7136
7.423e-5, 466.4546
7.423e-5, 492.5815
7.423e-5, 520.1717
7.423e-5, 549.3073
7.3075e-5, 597.8235
7.3075e-5, 631.3085
7.3075e-5, 666.669
7.3075e-5, 704.0102
7.3075e-5, 743.4428
7.3075e-5, 785.0841
7.1937e-5, 854.4248
7.1937e-5, 902.2824
7.1937e-5, 952.8206
7.1937e-5, 1006.1895
7.0818e-5, 1095.0587
7.0818e-5, 1156.3946
7.0818e-5, 1221.1659
7.0818e-5, 1289.5653
6.9716e-5, 1403.463
6.9716e-5, 1482.073
6.8631e-5, 1446.4052
6.8631e-5, 1369.687
6.9716e-5, 1329.0225
6.8631e-5, 1297.038
6.9716e-5, 1258.5303
6.8631e-5, 1228.2423
6.7563e-5, 1265.8232
6.7563e-5, 1198.6832
6.7563e-5, 1135.1043
6.7563e-5, 1074.8977
6.7563e-5, 1017.8845
6.6511e-5, 993.3879
6.6511e-5, 940.698
6.6511e-5, 890.8028
6.6511e-5, 843.5541
6.6511e-5, 798.8115
6.6511e-5, 756.4421
6.6511e-5, 716.3199
6.6511e-5, 678.3259
6.6511e-5, 642.3471
6.6511e-5, 608.2766
6.5476e-5, 593.6377
6.5476e-5, 562.1508
6.5476e-5, 532.334
6.5476e-5, 504.0987
6.5476e-5, 477.361
6.5476e-5, 452.0415
6.5476e-5, 428.0649
6.5476e-5, 405.3601
6.5476e-5, 383.8596
6.5476e-5, 363.4994
6.5476e-5, 344.2192
6.4457e-5, 335.9352
6.4457e-5, 318.117
6.4457e-5, 301.2438
6.4457e-5, 285.2657
6.4457e-5, 270.135
6.4457e-5, 255.8069
6.3454e-5, 249.6505
6.2467e-5, 257.2892
6.1495e-5, 265.1616
6.0538e-5, 273.2748
5.9596e-5, 281.6362
5.8668e-5, 306.5112
5.7755e-5, 315.8896
5.6856e-5, 325.555
5.5972e-5, 335.5161
5.5101e-5, 345.7819
5.4243e-5, 356.3618
5.3399e-5, 367.2657
5.2568e-5, 378.503
5.175e-5, 390.0842
5.0945e-5, 402.0197
5.0152e-5, 414.3204
4.9371e-5, 426.9975
4.8603e-5, 440.0625
4.7847e-5, 453.5272
4.7102e-5, 467.4039
4.6369e-5, 481.7052
4.5647e-5, 496.4441
4.4937e-5, 511.634
4.4238e-5, 527.2886
4.3549e-5, 543.4222
4.2872e-5, 560.0495
4.2204e-5, 546.5712
4.1548e-5, 563.2948
