#DataThief C:\Users\cecih\Desktop\Villano Research\Neutron Scattering\incoherent scatter func\fig42trace.png Friday 21-Mar-2025 2:05:07 PM
3.1355e-3, 6.132e-3
5.2191e-3, 8.1792e-3
7.3027e-3, 0.0102
9.3863e-3, 0.0123
9.3931e-3, 0.0143
0.0115, 0.0164
0.0136, 0.0184
0.0156, 0.0205
0.0157, 0.0225
0.0177, 0.0245
0.0177, 0.0266
0.0198, 0.0286
0.0219, 0.0307
0.0219, 0.0327
0.024, 0.0348
0.024, 0.0368
0.0261, 0.0389
0.0261, 0.0409
0.0282, 0.0429
0.0282, 0.045
0.0303, 0.047
0.0303, 0.0491
0.0324, 0.0511
0.0324, 0.0532
0.0345, 0.0552
0.0345, 0.0572
0.0365, 0.0593
0.0365, 0.0613
0.0366, 0.0634
0.0366, 0.0654
0.0366, 0.0675
0.0387, 0.0695
0.0387, 0.0715
0.0387, 0.0735
0.0407, 0.0756
0.0408, 0.0777
0.0408, 0.0796
0.0408, 0.0818
0.0429, 0.0838
0.0429, 0.0858
0.0429, 0.0879
0.0429, 0.0899
0.0429, 0.092
0.0429, 0.094
0.0429, 0.096
0.0429, 0.0981
0.0429, 0.1001
0.0429, 0.1022
0.045, 0.1042
0.045, 0.1063
0.045, 0.1083
0.0471, 0.1103
0.0471, 0.1124
0.0471, 0.1144
0.0492, 0.1165
0.0492, 0.1185
0.0492, 0.1206
0.0492, 0.1226
0.0513, 0.1246
0.0513, 0.1267
0.0513, 0.1287
0.0513, 0.1308
0.0513, 0.1328
0.0534, 0.1349
0.0534, 0.1369
0.0534, 0.1389
0.0534, 0.141
0.0534, 0.143
0.0555, 0.1451
0.0555, 0.1471
0.0555, 0.1491
0.0555, 0.1512
0.0576, 0.1532
0.0576, 0.1553
0.0576, 0.1573
0.0597, 0.1594
0.0597, 0.1614
0.0597, 0.1634
0.0597, 0.1655
0.0597, 0.1675
0.0598, 0.1696
0.0598, 0.1716
0.0618, 0.1737
0.0618, 0.1757
0.0619, 0.1777
0.0619, 0.1798
0.0619, 0.1818
0.0619, 0.1839
0.0619, 0.1859
0.0619, 0.1879
0.0619, 0.19
0.0619, 0.192
0.064, 0.1941
0.064, 0.1961
0.064, 0.1982
0.064, 0.2002
0.064, 0.2022
0.064, 0.2043
0.064, 0.2063
0.0661, 0.2084
0.0661, 0.2104
0.0661, 0.2124
0.0661, 0.2145
0.0682, 0.2165
0.0682, 0.2186
0.0682, 0.2206
0.0682, 0.2227
0.0682, 0.2247
0.0703, 0.2267
0.0703, 0.2288
0.0703, 0.2308
0.0703, 0.2328
0.0724, 0.2349
0.0724, 0.237
0.0724, 0.2389
0.0724, 0.241
0.0745, 0.2431
0.0745, 0.2451
0.0745, 0.2472
0.0746, 0.2492
0.0746, 0.2511
0.0746, 0.2533
0.0746, 0.2553
0.0767, 0.2574
0.0767, 0.2594
0.0767, 0.2615
0.0788, 0.2635
0.0788, 0.2655
0.0788, 0.2676
0.0788, 0.2696
0.0788, 0.2717
0.0809, 0.2737
0.0809, 0.2758
0.0809, 0.2778
0.0809, 0.2798
0.0809, 0.2819
0.0809, 0.2839
0.083, 0.286
0.083, 0.288
0.083, 0.29
0.0851, 0.2921
0.0851, 0.2941
0.0851, 0.2962
0.0851, 0.2982
0.0872, 0.3003
0.0872, 0.3023
0.0872, 0.3043
0.0872, 0.3064
0.0893, 0.3084
0.0893, 0.3105
0.0893, 0.3125
0.0893, 0.3146
0.0914, 0.3166
0.0914, 0.3186
0.0914, 0.3207
0.0914, 0.3227
0.0914, 0.3248
0.0935, 0.3268
0.0935, 0.3289
0.0935, 0.3309
0.0935, 0.3329
0.0935, 0.335
0.0956, 0.337
0.0956, 0.3391
0.0956, 0.3411
0.0956, 0.3431
0.0956, 0.3452
0.0956, 0.3472
0.0957, 0.3493
0.0957, 0.3513
0.0957, 0.3534
0.0957, 0.3554
0.0957, 0.3574
0.0977, 0.3595
0.0977, 0.3615
0.0977, 0.3636
0.0999, 0.3656
0.0999, 0.3677
0.0999, 0.3697
0.0999, 0.3717
0.0999, 0.3738
0.102, 0.3758
0.102, 0.3779
0.102, 0.3799
0.102, 0.3819
0.102, 0.384
0.1041, 0.386
0.1041, 0.3881
0.1041, 0.3901
0.1041, 0.3921
0.1041, 0.3942
0.1041, 0.3961
0.1041, 0.3982
0.1041, 0.4003
0.1041, 0.4024
0.1041, 0.4043
0.1041, 0.4064
0.1062, 0.4085
0.1062, 0.4104
0.1062, 0.4126
0.1083, 0.4146
0.1083, 0.4167
0.1083, 0.4187
0.1104, 0.4207
0.1104, 0.4228
0.1125, 0.4248
0.1125, 0.4269
0.1146, 0.4289
0.1146, 0.431
0.1167, 0.433
0.1167, 0.4351
0.1167, 0.4371
0.1188, 0.4391
0.1209, 0.4412
0.123, 0.4432
0.125, 0.4453
0.1251, 0.4473
0.1251, 0.4494
0.1271, 0.4514
0.1271, 0.4535
0.1272, 0.4555
0.1292, 0.4575
0.1313, 0.4596
0.1313, 0.4616
0.1334, 0.4637
0.1334, 0.4657
0.1355, 0.4678
0.1355, 0.4698
0.1355, 0.4718
0.1376, 0.4739
0.1376, 0.4759
0.1397, 0.478
0.1418, 0.48
0.1418, 0.4821
0.1439, 0.4841
0.1439, 0.4862
0.146, 0.4882
0.146, 0.4902
0.146, 0.4923
0.1481, 0.4943
0.1481, 0.4964
0.1501, 0.4984
0.1522, 0.5005
0.1543, 0.5025
0.1564, 0.5046
0.1564, 0.5066
0.1585, 0.5086
0.1606, 0.5107
0.1606, 0.5127
0.1627, 0.5148
0.1647, 0.5168
0.1668, 0.5189
0.1689, 0.5209
0.1689, 0.523
0.171, 0.525
0.1731, 0.5271
0.1731, 0.5291
0.1752, 0.5311
0.1773, 0.5332
0.1793, 0.5352
0.1814, 0.5373
0.1814, 0.5393
0.1835, 0.5413
0.1856, 0.5434
0.1877, 0.5455
0.1898, 0.5474
0.1918, 0.5495
0.1939, 0.5516
0.196, 0.5537
0.1981, 0.5556
0.2002, 0.5577
0.2023, 0.5577
0.2043, 0.5577
0.2043, 0.5598
0.2064, 0.5598
0.2064, 0.5619
0.2085, 0.5619
0.2085, 0.5638
0.2106, 0.5638
0.2127, 0.5659
0.2147, 0.568
0.2168, 0.5701
0.2189, 0.5721
0.221, 0.5741
0.2231, 0.5742
0.2231, 0.5762
0.2252, 0.5782
0.2273, 0.5803
0.2293, 0.5803
0.2314, 0.5823
0.2335, 0.5844
0.2356, 0.5864
0.2377, 0.5864
0.2397, 0.5885
0.2418, 0.5905
0.2439, 0.5905
0.246, 0.5926
0.2481, 0.5926
0.2501, 0.5946
0.2522, 0.5946
0.2543, 0.5967
0.2564, 0.5967
0.2585, 0.5988
0.2605, 0.5988
0.2626, 0.5988
0.2647, 0.6008
0.2668, 0.6008
0.2689, 0.6029
0.2709, 0.6029
0.273, 0.6049
0.2751, 0.6049
0.2772, 0.607
0.2793, 0.607
0.2812, 0.609
0.2833, 0.609
0.2854, 0.6111
0.2876, 0.6131
0.2897, 0.6131
0.2918, 0.6152
0.2938, 0.6172
0.2959, 0.6172
0.298, 0.6193
0.3001, 0.6213
0.3022, 0.6234
0.3042, 0.6234
0.3063, 0.6254
0.3084, 0.6275
0.3105, 0.6275
0.3126, 0.6295
0.3147, 0.6316
0.3167, 0.6336
0.3188, 0.6357
0.3209, 0.6357
0.323, 0.6377
0.3251, 0.6377
0.3271, 0.6398
0.3292, 0.6418
0.3313, 0.6439
0.3334, 0.6439
0.3355, 0.6459
0.3376, 0.648
0.3396, 0.648
0.3417, 0.65
0.3437, 0.65
0.3458, 0.6521
0.3479, 0.6521
0.35, 0.6541
0.3521, 0.6541
0.3542, 0.6562
0.3563, 0.6582
0.3584, 0.6582
0.3604, 0.6602
0.3625, 0.6623
0.3646, 0.6623
0.3667, 0.6644
0.3688, 0.6663
0.3708, 0.6663
0.3729, 0.6684
0.375, 0.6705
0.3771, 0.6726
0.3792, 0.6726
0.3813, 0.6745
0.3833, 0.6766
0.3854, 0.6787
0.3875, 0.6808
0.3896, 0.6808
0.3917, 0.6827
0.3917, 0.6848
0.3938, 0.6869
0.3958, 0.689
0.3979, 0.6909
0.4, 0.6931
0.4021, 0.6951
0.4042, 0.6972
0.4062, 0.6972
0.4083, 0.6992
0.4104, 0.7013
0.4125, 0.7013
0.4146, 0.7033
0.4167, 0.7054
0.4187, 0.7054
0.4208, 0.7074
0.4229, 0.7095
0.425, 0.7095
0.4271, 0.7115
0.4291, 0.7136
0.4312, 0.7136
0.4333, 0.7156
0.4354, 0.7177
0.4375, 0.7197
0.4396, 0.7197
0.4416, 0.7218
0.4437, 0.7238
0.4458, 0.7259
0.4479, 0.7259
0.45, 0.7279
0.452, 0.7279
0.4541, 0.73
0.4562, 0.73
0.4583, 0.73
0.4604, 0.732
0.4624, 0.732
0.4645, 0.732
0.4666, 0.732
0.4687, 0.732
0.4708, 0.7341
0.4727, 0.7341
0.4748, 0.7341
0.4769, 0.7341
0.4791, 0.7362
0.4811, 0.7362
0.4832, 0.7382
0.4853, 0.7382
0.4874, 0.7403
0.4895, 0.7423
0.4916, 0.7444
0.4936, 0.7444
0.4957, 0.7464
0.4978, 0.7485
0.4999, 0.7485
0.502, 0.7505
0.504, 0.7526
0.5061, 0.7526
0.5082, 0.7546
0.5103, 0.7567
0.5124, 0.7587
0.5144, 0.7587
0.5165, 0.7608
0.5186, 0.7628
0.5207, 0.7628
0.5228, 0.7649
0.5249, 0.7649
0.5269, 0.7669
0.529, 0.769
0.5311, 0.769
0.5332, 0.771
0.5352, 0.771
0.5373, 0.7731
0.5394, 0.7751
0.5415, 0.7772
0.5436, 0.7772
0.5457, 0.7792
0.5476, 0.7792
0.5497, 0.7812
0.5518, 0.7812
0.554, 0.7833
0.5561, 0.7854
0.5582, 0.7854
0.5602, 0.7873
0.5623, 0.7873
0.5644, 0.7894
0.5665, 0.7894
0.5686, 0.7915
0.5706, 0.7936
0.5727, 0.7936
0.5748, 0.7955
0.5769, 0.7955
0.579, 0.7976
0.581, 0.7976
0.5831, 0.7997
0.5852, 0.7997
0.5873, 0.8018
0.5894, 0.8037
0.5914, 0.8039
0.5935, 0.8058
0.5956, 0.8058
0.5977, 0.808
0.5998, 0.81
0.6019, 0.812
0.6038, 0.8141
0.6059, 0.8141
0.608, 0.8161
0.6101, 0.8182
0.6122, 0.8182
0.6143, 0.8202
0.6164, 0.8203
0.6185, 0.8223
0.6206, 0.8223
0.6227, 0.8244
0.6247, 0.8244
0.6268, 0.8264
0.6289, 0.8285
0.631, 0.8285
0.6331, 0.8305
0.6351, 0.8305
0.6372, 0.8326
0.6393, 0.8326
0.6414, 0.8346
0.6435, 0.8346
0.6455, 0.8367
0.6476, 0.8367
0.6497, 0.8387
0.6518, 0.8387
0.6539, 0.8408
0.6559, 0.8408
0.658, 0.8428
0.6601, 0.8449
0.6622, 0.8449
0.6643, 0.8469
0.6663, 0.8469
0.6684, 0.849
0.6705, 0.849
0.6726, 0.851
0.6747, 0.851
0.6768, 0.8531
0.6787, 0.8531
0.6808, 0.8551
0.683, 0.8552
0.6851, 0.8572
0.6872, 0.8572
0.6892, 0.8572
0.6913, 0.8593
0.6934, 0.8593
0.6955, 0.8613
0.6975, 0.8613
0.6996, 0.8634
0.7017, 0.8634
0.7038, 0.8654
0.7059, 0.8654
0.708, 0.8675
0.71, 0.8675
0.7121, 0.8675
0.7142, 0.8675
0.7163, 0.8695
0.7183, 0.8695
0.7204, 0.8696
0.7225, 0.8696
0.7246, 0.8716
0.7267, 0.8716
0.7287, 0.8737
0.7308, 0.8737
0.7328, 0.8737
0.7349, 0.8757
0.737, 0.8757
0.7391, 0.8778
0.7412, 0.8778
0.7433, 0.8798
0.7454, 0.8798
0.7475, 0.8819
0.7495, 0.8819
0.7516, 0.8839
0.7537, 0.8839
0.7558, 0.886
0.7579, 0.886
0.7599, 0.886
0.762, 0.888
0.7641, 0.8881
0.7662, 0.8881
0.7683, 0.8901
0.7703, 0.8901
0.7724, 0.8921
0.7745, 0.8921
0.7766, 0.8921
0.7787, 0.8942
0.7807, 0.8942
0.7828, 0.8942
0.7849, 0.8963
0.787, 0.8963
0.789, 0.8963
0.7911, 0.8982
0.7932, 0.8982
0.7953, 0.8984
0.7974, 0.9003
0.7993, 0.9003
0.8014, 0.9003
0.8035, 0.9003
0.8056, 0.9024
0.8077, 0.9024
0.8098, 0.9024
0.8119, 0.9024
0.814, 0.9045
0.8161, 0.9045
0.8181, 0.9045
0.8202, 0.9045
0.8223, 0.9066
0.8244, 0.9066
0.8265, 0.9066
0.8285, 0.9066
0.8306, 0.9066
0.8327, 0.9087
0.8348, 0.9087
0.8369, 0.9106
0.8389, 0.9106
0.841, 0.9106
0.8431, 0.9127
0.8452, 0.9127
0.8473, 0.9127
0.8493, 0.9148
0.8514, 0.9149
0.8535, 0.9149
0.8556, 0.9169
0.8577, 0.9169
0.8597, 0.9169
0.8618, 0.9169
0.8639, 0.919
0.866, 0.919
0.8679, 0.919
0.87, 0.919
0.8721, 0.919
0.8742, 0.921
0.8763, 0.9211
0.8784, 0.9211
0.8805, 0.9211
0.8826, 0.9211
0.8847, 0.9211
0.8867, 0.9211
0.8888, 0.9231
0.8909, 0.9231
0.893, 0.9252
0.8951, 0.9252
0.8971, 0.9272
0.8992, 0.9272
0.9013, 0.9272
0.9034, 0.9293
0.9055, 0.9293
0.9075, 0.9293
0.9096, 0.9293
0.9117, 0.9293
0.9138, 0.9314
0.9158, 0.9314
0.9179, 0.9314
0.92, 0.9314
0.9221, 0.9314
0.9242, 0.9314
0.9262, 0.9334
0.9283, 0.9335
0.9304, 0.9335
0.9325, 0.9335
0.9344, 0.9335
0.9365, 0.9335
0.9386, 0.9355
0.9407, 0.9355
0.9428, 0.9355
0.9449, 0.9355
0.947, 0.9356
0.9491, 0.9356
0.9512, 0.9356
0.9532, 0.9356
0.9553, 0.9356
0.9574, 0.9356
0.9595, 0.9356
0.9616, 0.9356
0.9636, 0.9376
0.9657, 0.9377
0.9678, 0.9377
0.9699, 0.9377
0.972, 0.9397
0.974, 0.9397
0.9761, 0.9397
0.9782, 0.9397
0.9803, 0.9397
0.9823, 0.9418
0.9844, 0.9418
0.9865, 0.9418
0.9886, 0.9418
0.9907, 0.9418
0.9927, 0.9439
0.9948, 0.9439
0.9969, 0.9439
0.999, 0.9439
1.001, 0.9439
1.0031, 0.9459
1.0052, 0.9459
1.0073, 0.9459
1.0094, 0.9459
1.0114, 0.946
1.0135, 0.946
1.0156, 0.948
1.0177, 0.948
1.0197, 0.948
1.0218, 0.948
1.0239, 0.948
1.026, 0.948
1.0281, 0.948
1.0301, 0.9481
1.0322, 0.9501
1.0343, 0.9501
1.0364, 0.9501
1.0384, 0.9501
1.0405, 0.9501
1.0426, 0.9501
1.0447, 0.9501
1.0468, 0.9501
1.0488, 0.9501
1.0509, 0.9522
1.053, 0.9522
1.0551, 0.9522
1.0571, 0.9522
1.0592, 0.9522
1.0613, 0.9522
1.0634, 0.9522
1.0655, 0.9543
1.0675, 0.9543
1.0695, 0.9543
1.0717, 0.9543
1.0738, 0.9543
1.0758, 0.9543
1.0779, 0.9543
1.08, 0.9543
1.0821, 0.9543
1.0842, 0.9543
1.0862, 0.9564
1.0883, 0.9564
1.0904, 0.9564
1.0925, 0.9564
1.0945, 0.9564
1.0966, 0.9564
1.0987, 0.9564
1.1008, 0.9564
1.1028, 0.9564
1.1049, 0.9564
1.107, 0.9565
1.1091, 0.9565
1.1112, 0.9565
1.1132, 0.9565
1.1153, 0.9585
1.1174, 0.9585
1.1195, 0.9585
1.1215, 0.9585
1.1236, 0.9585
1.1257, 0.9585
1.1278, 0.9606
1.1299, 0.9606
1.1319, 0.9606
1.134, 0.9606
1.136, 0.9606
1.1381, 0.9627
1.1403, 0.9627
1.1423, 0.9627
1.1444, 0.9627
1.1465, 0.9627
1.1486, 0.9627
1.1506, 0.9647
1.1527, 0.9647
1.1548, 0.9647
1.1569, 0.9647
1.159, 0.9647
1.161, 0.9647
1.1631, 0.9647
1.1652, 0.9647
1.1673, 0.9647
1.1693, 0.9647
1.1714, 0.9647
1.1735, 0.9647
1.1756, 0.9668
1.1776, 0.9668
1.1797, 0.9668
1.1818, 0.9668
1.1839, 0.9668
1.186, 0.9668
1.188, 0.9668
1.1901, 0.9668
1.1922, 0.9668
1.1943, 0.9668
1.1963, 0.9668
1.1984, 0.9668
1.2005, 0.9668
1.2026, 0.9668
1.2046, 0.9689
1.2067, 0.9689
1.2088, 0.9689
1.2109, 0.9689
1.213, 0.9689
1.215, 0.9689
1.2171, 0.971
1.2192, 0.971
1.2213, 0.971
1.2234, 0.971
1.2254, 0.971
1.2275, 0.971
1.2296, 0.9731
1.2317, 0.9731
1.2337, 0.9731
1.2358, 0.9731
1.2379, 0.9731
1.24, 0.9731
1.2421, 0.9731
1.2441, 0.9731
1.2462, 0.9731
1.2483, 0.9731
1.2504, 0.9752
1.2524, 0.9752
1.2545, 0.9752
1.2566, 0.9752
1.2587, 0.9752
1.2608, 0.9752
1.2628, 0.9752
1.2649, 0.9752
1.267, 0.9752
1.2691, 0.9752
1.2711, 0.9752
1.2732, 0.9752
1.2753, 0.9752
1.2774, 0.9752
1.2793, 0.9752
1.2814, 0.9754
1.2836, 0.9754
1.2857, 0.9754
1.2878, 0.9754
1.2898, 0.9754
1.2919, 0.9754
1.294, 0.9754
1.2961, 0.9754
1.2981, 0.9754
1.3002, 0.9754
1.3023, 0.9775
1.3044, 0.9775
1.3064, 0.9775
1.3085, 0.9775
1.3106, 0.9775
1.3127, 0.9775
1.3148, 0.9775
1.3168, 0.9775
1.3189, 0.9775
1.321, 0.9775
1.3231, 0.9775
1.3251, 0.9775
1.3272, 0.9775
1.3293, 0.9775
1.3314, 0.9775
1.3334, 0.9776
1.3355, 0.9776
1.3376, 0.9776
1.3397, 0.9776
1.3418, 0.9776
1.3437, 0.9776
1.3458, 0.9776
1.3479, 0.9776
1.3501, 0.9796
1.3521, 0.9796
1.3542, 0.9797
1.3563, 0.9797
1.3584, 0.9797
1.3605, 0.9797
1.3625, 0.9797
1.3646, 0.9797
1.3667, 0.9797
1.3688, 0.9797
1.3708, 0.9817
1.3729, 0.9818
1.375, 0.9818
1.3771, 0.9818
1.3792, 0.9818
1.3812, 0.9818
1.3833, 0.9818
1.3854, 0.9838
1.3875, 0.9838
1.3895, 0.9838
1.3916, 0.9839
1.3937, 0.9839
1.3958, 0.9859
1.3979, 0.9859
1.3999, 0.9859
1.402, 0.9859
1.4041, 0.9859
1.4062, 0.9859
1.4082, 0.9859
1.4102, 0.9859
1.4123, 0.986
1.4144, 0.986
1.4165, 0.986
1.4186, 0.986
1.4207, 0.986
1.4228, 0.986
1.4249, 0.986
1.4269, 0.986
1.429, 0.988
1.4311, 0.9881
1.4332, 0.9881
1.4352, 0.9881
1.4373, 0.9881
1.4394, 0.9881
1.4415, 0.9881
1.4436, 0.9881
1.4456, 0.9881
1.4477, 0.9881
1.4498, 0.9881
1.4519, 0.9881
1.4539, 0.9881
1.456, 0.9881
1.4581, 0.9881
1.4602, 0.9881
1.4622, 0.9881
1.4643, 0.9882
1.4664, 0.9882
1.4685, 0.9882
1.4706, 0.9902
1.4726, 0.9902
1.4747, 0.9902
1.4768, 0.9902
1.4788, 0.9902
1.4809, 0.9902
1.483, 0.9903
1.4851, 0.9903
1.4872, 0.9903
1.4893, 0.9903
1.4913, 0.9903
1.4934, 0.9903
1.4955, 0.9903
1.4976, 0.9903
1.4996, 0.9903
1.5017, 0.9903
1.5038, 0.9903
1.5059, 0.9903
1.5079, 0.9903
1.51, 0.9903
1.5121, 0.9903
1.5142, 0.9903
1.5163, 0.9904
1.5183, 0.9904
1.5204, 0.9924
1.5225, 0.9924
1.5246, 0.9924
1.5266, 0.9924
1.5287, 0.9924
1.5308, 0.9924
1.5329, 0.9924
1.535, 0.9925
1.537, 0.9925
1.5391, 0.9925
1.5412, 0.9925
1.5433, 0.9925
1.5453, 0.9925
1.5474, 0.9925
1.5495, 0.9925
1.5516, 0.9925
1.5535, 0.9925
1.5556, 0.9925
1.5577, 0.9925
1.5598, 0.9925
1.562, 0.9925
1.564, 0.9925
1.5661, 0.9925
1.5682, 0.9926
1.5703, 0.9926
1.5723, 0.9926
1.5744, 0.9926
1.5765, 0.9926
1.5786, 0.9926
1.5806, 0.9926
1.5827, 0.9926
1.5848, 0.9926
1.5869, 0.9926
1.5889, 0.9926
1.591, 0.9926
1.5931, 0.9926
1.5952, 0.9926
1.5973, 0.9926
1.5993, 0.9927
1.6014, 0.9927
1.6035, 0.9927
1.6056, 0.9947
1.6076, 0.9947
1.6097, 0.9947
1.6118, 0.9947
1.6139, 0.9947
1.616, 0.9947
1.6179, 0.9947
1.62, 0.9948
1.6221, 0.9968
1.6242, 0.9968
1.6263, 0.9968
1.6284, 0.9968
1.6305, 0.9968
1.6326, 0.9989
1.6347, 0.9989
1.6367, 0.9989
1.6388, 0.9989
1.6409, 0.9989
1.643, 0.9989
1.645, 0.9989
1.6471, 0.9989
1.6492, 0.9989
1.6513, 0.9989
1.6534, 0.9989
1.6554, 0.9989
1.6575, 0.999
1.6596, 0.999
1.6617, 0.999
1.6637, 0.999
1.6658, 0.999
1.6679, 0.999
1.67, 0.999
1.672, 0.999
1.6741, 0.999
1.6762, 0.999
1.6783, 0.999
1.6804, 0.999
1.6824, 0.999
1.6844, 0.999
1.6865, 0.999
1.6886, 0.999
1.6907, 0.999
1.6928, 0.999
1.6949, 0.999
1.697, 0.999
1.6989, 0.999
1.701, 0.999
1.7032, 0.999
1.7053, 0.999
1.7074, 0.999
1.7094, 0.999
1.7115, 0.999
1.7136, 0.999
1.7157, 0.999
1.7177, 0.999
1.7198, 0.999
1.7219, 0.999
1.724, 0.9992
1.726, 0.9992
1.7281, 0.9992
1.7302, 0.9992
1.7323, 0.9992
1.7344, 0.9992
1.7364, 0.9992
1.7385, 0.9992
1.7406, 0.9992
1.7427, 0.9992
1.7447, 0.9992
1.7468, 0.9992
1.7489, 0.9992
1.751, 0.9992
1.753, 0.9992
1.7551, 0.9992
1.7572, 0.9992
1.7593, 0.9992
1.7612, 0.9992
1.7633, 0.9992
1.7654, 0.9992
1.7675, 0.9992
1.7697, 0.9992
1.7717, 0.9992
1.7738, 0.9992
1.7759, 0.9992
1.778, 0.9992
1.78, 0.9992
1.7821, 0.9992
1.7842, 0.9992
1.7863, 0.9992
1.7883, 0.9994
1.7904, 0.9994
1.7925, 0.9994
1.7946, 0.9994
1.7967, 0.9994
1.7987, 0.9994
1.8008, 0.9994
1.8029, 0.9994
1.805, 0.9994
1.807, 0.9994
1.8091, 0.9994
1.8112, 0.9994
1.8133, 0.9994
1.8154, 1.0015
1.8174, 1.0015
1.8195, 1.0015
1.8216, 1.0015
1.8237, 1.0015
1.8256, 1.0015
1.8277, 1.0015
1.8298, 1.0015
1.8319, 1.0015
1.834, 1.0015
1.8361, 1.0015
1.8382, 1.0015
1.8403, 1.0016
1.8424, 1.0016
1.8444, 1.0016
1.8465, 1.0016
1.8486, 1.0016
1.8507, 1.0016
1.8527, 1.0016
1.8548, 1.0016
1.8569, 1.0016
1.859, 1.0016
1.861, 1.0016
1.8631, 1.0016
1.8652, 1.0016
1.8673, 1.0016
1.8694, 1.0016
1.8714, 1.0016
1.8735, 1.0017
1.8756, 1.0017
1.8777, 1.0017
1.8797, 1.0017
1.8818, 1.0017
1.8839, 1.0017
1.886, 1.0017
1.888, 1.0017
1.8901, 1.0017
1.8921, 1.0017
1.8942, 1.0017
1.8963, 1.0017
1.8984, 1.0017
1.9005, 1.0017
1.9026, 1.0017
1.9047, 1.0017
1.9066, 1.0018
1.9088, 1.0018
1.9109, 1.0018
1.913, 1.0018
1.915, 1.0018
1.9171, 1.0018
1.9192, 1.0018
1.9213, 1.0018
1.9234, 1.0018
1.9254, 1.0018
1.9275, 1.0018
1.9296, 1.0018
1.9317, 1.0018
1.9337, 1.0018
1.9358, 1.0018
1.9379, 1.0019
1.94, 1.0019
1.942, 1.0019
1.9441, 1.0019
1.9462, 1.0019
1.9483, 1.0019
1.9504, 1.0019
1.9524, 1.0019
1.9545, 1.0019
1.9566, 1.0019
1.9586, 1.0019
1.9607, 1.0019
1.9628, 1.0019
1.9649, 1.0019
1.967, 1.0019
1.9689, 1.0019
1.971, 1.002
1.9731, 1.002
1.9752, 1.002
1.9774, 1.002
1.9794, 1.002
1.9815, 1.002
1.9836, 1.002
1.9857, 1.002
1.9877, 1.002
1.9898, 1.002
1.9919, 1.002
1.994, 1.002
1.996, 1.002
1.9981, 1.0
2.0002, 1.0
