#DataThief /Users/villaa/Research/n-elec-scattering/SCDMS_flux/papers/silicon_HV_bknd_sensitivity.png Monday 15-Jul-2024 12:05:12 PM
0.5674, -2.301
0.5674, -2.3246
0.5674, -2.3483
0.5674, -2.3719
0.5674, -2.3957
0.5674, -2.4193
0.5674, -2.443
0.5674, -2.4667
0.5674, -2.4903
0.5674, -2.514
0.5674, -2.5377
0.5674, -2.5613
0.5674, -2.585
0.5674, -2.6087
0.5674, -2.6322
0.5674, -2.656
0.5674, -2.6797
0.5674, -2.7033
0.5674, -2.7269
0.5674, -2.7507
0.5737, -2.7743
0.5798, -2.7742
0.5798, -2.7979
0.5862, -2.8215
0.5925, -2.8451
0.5925, -2.8687
0.5987, -2.8923
0.5987, -2.916
0.5987, -2.9397
0.5987, -2.9633
0.605, -2.9633
0.6113, -2.9632
0.6176, -2.9394
0.6238, -2.9394
0.6301, -2.963
0.6364, -2.9628
0.6364, -2.9392
0.6425, -2.9155
0.6489, -2.9154
0.6552, -2.8917
0.6614, -2.8679
0.6677, -2.8678
0.6677, -2.8915
0.674, -2.9151
0.6803, -2.9386
0.6865, -2.9386
0.6928, -2.9622
0.6991, -2.9621
0.7053, -2.9621
0.7116, -2.9383
0.7116, -2.9146
0.7116, -2.891
0.7179, -2.8672
0.7241, -2.8672
0.7304, -2.8671
0.7367, -2.8907
0.7429, -2.8906
0.7492, -2.8904
0.7555, -2.8904
0.7618, -2.9141
0.768, -2.914
0.7743, -2.9139
0.7806, -2.9138
0.7868, -2.9138
0.7931, -2.89
0.7931, -2.8664
0.7993, -2.8426
0.8056, -2.8425
0.8056, -2.8189
0.7993, -2.8189
0.7993, -2.8426
0.8056, -2.8662
0.8119, -2.8898
0.8119, -2.9135
0.8182, -2.9134
0.8182, -2.9371
0.8245, -2.937
0.8307, -2.9369
0.8307, -2.9606
0.837, -2.9605
0.8433, -2.9604
0.8495, -2.9604
0.8558, -2.9365
0.862, -2.9129
0.8683, -2.8891
0.8746, -2.8891
0.8746, -2.9127
0.8683, -2.9365
0.8683, -2.9127
0.862, -2.8892
0.8683, -2.8655
0.8746, -2.8654
0.8809, -2.8653
0.8871, -2.8652
0.8934, -2.8415
0.8997, -2.8414
0.906, -2.8413
0.9122, -2.8413
0.9122, -2.8176
0.9122, -2.7939
0.9184, -2.7939
0.9184, -2.7702
0.9184, -2.7465
0.9184, -2.7229
0.9184, -2.6992
0.9184, -2.6755
0.9122, -2.6519
0.9122, -2.6756
0.9122, -2.6993
0.9122, -2.7229
0.9122, -2.7466
0.9122, -2.7703
0.906, -2.7703
0.906, -2.794
0.906, -2.8176
0.906, -2.8413
0.906, -2.865
0.9122, -2.8885
0.9122, -2.9123
0.9184, -2.9359
0.9247, -2.9595
0.931, -2.983
0.9373, -2.983
0.9436, -2.9828
0.9498, -2.9828
0.9561, -2.9828
0.9624, -2.9827
0.9687, -2.9826
0.9748, -2.9588
0.9811, -2.9588
0.9875, -2.9586
0.9875, -2.9824
0.9875, -2.9586
0.9937, -2.935
0.9937, -2.9113
1.0, -2.9112
1.0, -2.9348
1.0, -2.9112
0.9937, -2.8876
1.0, -2.8876
1.0, -2.8639
1.0, -2.8401
1.0, -2.8166
1.0, -2.7929
1.0, -2.7692
1.0, -2.7456
1.0, -2.7219
1.0, -2.6982
1.0, -2.6745
1.0, -2.6509
1.0, -2.6272
1.0, -2.6036
1.0, -2.5798
1.0, -2.5562
1.0, -2.5325
1.0, -2.5089
1.0, -2.4852
1.0, -2.4615
1.0, -2.4379
1.0, -2.4142
1.0, -2.3905
1.0063, -2.4141
1.0063, -2.4378
1.0125, -2.4614
1.0063, -2.4615
1.0125, -2.4851
1.0188, -2.5087
1.0125, -2.5087
1.0188, -2.5323
1.0188, -2.556
1.0251, -2.5796
1.0251, -2.6033
1.0251, -2.6269
1.0251, -2.6505
1.0251, -2.6743
1.0313, -2.6979
1.0313, -2.7215
1.0313, -2.7452
1.0313, -2.7689
1.0313, -2.7925
1.0376, -2.8161
1.0376, -2.8397
1.0376, -2.8635
1.0376, -2.8871
1.0376, -2.9108
1.0376, -2.9344
1.0439, -2.9581
1.0502, -2.958
1.0564, -2.9579
1.0627, -2.9578
1.069, -2.9578
1.0752, -2.9577
1.0815, -2.9576
1.0878, -2.9575
1.094, -2.9575
1.1003, -2.9574
1.1066, -2.9573
1.1129, -2.9572
1.1129, -2.9336
1.1129, -2.9099
1.1129, -2.8862
1.1129, -2.8626
1.1129, -2.8389
1.1129, -2.8152
1.1191, -2.7915
1.1191, -2.7678
1.1191, -2.7442
1.1191, -2.7205
1.1191, -2.6968
1.1191, -2.6731
1.1191, -2.6495
1.1191, -2.6258
1.1191, -2.6021
1.1191, -2.5785
1.1191, -2.5548
1.1191, -2.5311
1.1191, -2.5074
1.1254, -2.4837
1.1254, -2.4601
1.1254, -2.4364
1.1254, -2.4127
1.1254, -2.389
1.1254, -2.3654
1.1317, -2.3416
1.1317, -2.318
1.1317, -2.2943
1.1317, -2.2706
1.1379, -2.2469
1.1379, -2.2232
1.1379, -2.1996
1.1379, -2.1759
1.1442, -2.1521
1.1442, -2.1285
1.1505, -2.1521
1.1505, -2.1757
1.1442, -2.1758
1.1505, -2.1994
1.1442, -2.1995
1.1505, -2.2231
1.1567, -2.223
1.1567, -2.2467
1.1567, -2.2703
1.1567, -2.294
1.1567, -2.3176
1.163, -2.3413
1.163, -2.3649
1.163, -2.3886
1.163, -2.4123
1.163, -2.4359
1.163, -2.4596
1.163, -2.4833
1.163, -2.5069
1.163, -2.5306
1.163, -2.5543
1.1693, -2.5779
1.1693, -2.6015
1.1693, -2.6252
1.1693, -2.6489
1.1693, -2.6726
1.1693, -2.6962
1.1693, -2.7199
1.1693, -2.7436
1.1693, -2.7671
1.1693, -2.7909
1.1693, -2.8146
1.1755, -2.8382
1.1755, -2.8618
1.1755, -2.8855
1.1755, -2.9092
1.1755, -2.9327
1.1755, -2.9565
1.1818, -2.9801
1.1881, -2.98
1.1944, -2.9799
1.2006, -2.9799
1.2069, -2.9798
1.2132, -2.9561
1.2194, -2.956
1.2257, -2.9559
1.232, -2.9558
1.2382, -2.9558
1.2445, -2.9557
1.2508, -2.9556
1.257, -2.9555
1.2633, -2.9555
1.2696, -2.9554
1.2759, -2.9553
1.2821, -2.9552
1.2884, -2.9552
1.2947, -2.955
1.3009, -2.955
1.3072, -2.9548
1.3135, -2.9548
1.3197, -2.9548
1.326, -2.9546
1.3323, -2.9546
1.3386, -2.9546
1.3448, -2.9545
1.3511, -2.9544
1.3574, -2.9544
1.3636, -2.9306
1.3699, -2.9304
