SOURCES 4A Calculation
<<<<<<<<<<<>>>>>>>>>>>



                Neutron Source Spectra by Nuclide Energy Level
                ~~~~~~~~~~~~~~~~~~~~~~~~~~~~~~~~~~~~~~~~~~~~~~

Title: Th232 (1 ppb) carbon (1.00 g/cm**3)                                          

 Neutron Multigroup Structure (MeV)
 1.000E+01 9.900E+00 9.800E+00 9.700E+00 9.600E+00 9.500E+00 9.400E+00 9.300E+00
 9.200E+00 9.100E+00 9.000E+00 8.900E+00 8.800E+00 8.700E+00 8.600E+00 8.500E+00
 8.400E+00 8.300E+00 8.200E+00 8.100E+00 8.000E+00 7.900E+00 7.800E+00 7.700E+00
 7.600E+00 7.500E+00 7.400E+00 7.300E+00 7.200E+00 7.100E+00 7.000E+00 6.900E+00
 6.800E+00 6.700E+00 6.600E+00 6.500E+00 6.400E+00 6.300E+00 6.200E+00 6.100E+00
 6.000E+00 5.900E+00 5.800E+00 5.700E+00 5.600E+00 5.500E+00 5.400E+00 5.300E+00
 5.200E+00 5.100E+00 5.000E+00 4.900E+00 4.800E+00 4.700E+00 4.600E+00 4.500E+00
 4.400E+00 4.300E+00 4.200E+00 4.100E+00 4.000E+00 3.900E+00 3.800E+00 3.700E+00
 3.600E+00 3.500E+00 3.400E+00 3.300E+00 3.200E+00 3.100E+00 3.000E+00 2.900E+00
 2.800E+00 2.700E+00 2.600E+00 2.500E+00 2.400E+00 2.300E+00 2.200E+00 2.100E+00
 2.000E+00 1.900E+00 1.800E+00 1.700E+00 1.600E+00 1.500E+00 1.400E+00 1.300E+00
 1.200E+00 1.100E+00 1.000E+00 9.000E-01 8.000E-01 7.000E-01 6.000E-01 5.000E-01
 4.000E-01 3.000E-01 2.000E-01 1.000E-01 0.000E+00

--------------------------------------------------------------------------------


 Neutron spectrum from bi212  alphas on  c 13  via the   0.00-MeV product level
 1.159E-18 1.256E-18 1.377E-18 1.544E-18 1.728E-18 1.895E-18 2.044E-18 2.204E-18
 2.352E-18 2.489E-18 2.647E-18 2.820E-18 3.002E-18 3.173E-18 3.303E-18 3.428E-18
 3.564E-18 3.751E-18 3.944E-18 1.691E-17 2.759E-16 8.731E-16 1.400E-15 1.892E-15
 2.170E-15 2.549E-15 3.186E-15 3.727E-15 4.278E-15 4.825E-15 5.269E-15 5.496E-15
 5.625E-15 5.746E-15 5.879E-15 5.944E-15 6.106E-15 6.144E-15 6.182E-15 6.223E-15
 6.236E-15 6.243E-15 6.278E-15 6.306E-15 6.372E-15 6.675E-15 7.109E-15 7.367E-15
 7.556E-15 7.507E-15 6.698E-15 6.068E-15 5.592E-15 4.699E-15 3.932E-15 3.449E-15
 3.459E-15 3.459E-15 3.426E-15 3.377E-15 3.343E-15 3.339E-15 3.297E-15 3.068E-15
 2.405E-15 2.045E-15 1.813E-15 1.506E-15 1.217E-15 7.044E-16 2.731E-16 9.301E-17
 4.657E-17 2.683E-17 1.020E-17 2.243E-18 4.663E-20 0.000E+00 0.000E+00 0.000E+00
 0.000E+00 0.000E+00 0.000E+00 0.000E+00 0.000E+00 0.000E+00 0.000E+00 0.000E+00
 0.000E+00 0.000E+00 0.000E+00 0.000E+00 0.000E+00 0.000E+00 0.000E+00 0.000E+00
 0.000E+00 0.000E+00 0.000E+00 0.000E+00
                                   Total (all groups):  2.186E-13 neutrons/sec-cm**3   .
                               Average Neutron Energy:  5.581E+00 MeV.


 Neutron spectrum from bi212  alphas on  c 13  via the   6.05-MeV product level
 0.000E+00 0.000E+00 0.000E+00 0.000E+00 0.000E+00 0.000E+00 0.000E+00 0.000E+00
 0.000E+00 0.000E+00 0.000E+00 0.000E+00 0.000E+00 0.000E+00 0.000E+00 0.000E+00
 0.000E+00 0.000E+00 0.000E+00 0.000E+00 0.000E+00 0.000E+00 0.000E+00 0.000E+00
 0.000E+00 0.000E+00 0.000E+00 0.000E+00 0.000E+00 0.000E+00 0.000E+00 0.000E+00
 0.000E+00 0.000E+00 0.000E+00 0.000E+00 0.000E+00 0.000E+00 0.000E+00 0.000E+00
 0.000E+00 0.000E+00 0.000E+00 0.000E+00 0.000E+00 0.000E+00 0.000E+00 0.000E+00
 0.000E+00 0.000E+00 3.947E-21 3.443E-20 7.068E-20 1.092E-19 1.541E-19 2.007E-19
 2.483E-19 2.970E-19 3.470E-19 3.983E-19 4.511E-19 5.055E-19 5.613E-19 6.185E-19
 6.772E-19 7.374E-19 7.994E-19 8.633E-19 9.466E-19 1.055E-18 1.174E-18 1.276E-18
 1.370E-18 1.469E-18 1.560E-18 1.643E-18 1.738E-18 1.840E-18 1.906E-18 1.941E-18
 1.936E-18 1.919E-18 1.900E-18 1.893E-18 1.901E-18 1.891E-18 3.732E-17 2.285E-16
 5.260E-16 7.526E-16 9.637E-16 1.075E-15 1.197E-15 1.420E-15 1.619E-15 1.786E-15
 1.902E-15 1.572E-15 1.154E-15 6.382E-16
                                   Total (all groups):  1.489E-14 neutrons/sec-cm**3   .
                               Average Neutron Energy:  5.654E-01 MeV.


 Neutron spectrum from bi212  alphas on  c 13  via the   6.13-MeV product level
 0.000E+00 0.000E+00 0.000E+00 0.000E+00 0.000E+00 0.000E+00 0.000E+00 0.000E+00
 0.000E+00 0.000E+00 0.000E+00 0.000E+00 0.000E+00 0.000E+00 0.000E+00 0.000E+00
 0.000E+00 0.000E+00 0.000E+00 0.000E+00 0.000E+00 0.000E+00 0.000E+00 0.000E+00
 0.000E+00 0.000E+00 0.000E+00 0.000E+00 0.000E+00 0.000E+00 0.000E+00 0.000E+00
 0.000E+00 0.000E+00 0.000E+00 0.000E+00 0.000E+00 0.000E+00 0.000E+00 0.000E+00
 0.000E+00 0.000E+00 0.000E+00 0.000E+00 0.000E+00 0.000E+00 0.000E+00 0.000E+00
 0.000E+00 0.000E+00 0.000E+00 5.602E-20 3.750E-19 7.330E-19 1.115E-18 1.556E-18
 2.008E-18 2.468E-18 2.937E-18 3.415E-18 3.901E-18 4.398E-18 4.905E-18 5.421E-18
 5.946E-18 6.480E-18 7.022E-18 7.573E-18 8.137E-18 8.879E-18 9.812E-18 1.082E-17
 1.164E-17 1.241E-17 1.320E-17 1.392E-17 1.456E-17 1.527E-17 1.594E-17 1.613E-17
 1.613E-17 1.583E-17 1.544E-17 1.501E-17 1.463E-17 1.432E-17 1.389E-17 2.059E-16
 1.264E-15 2.929E-15 4.181E-15 5.358E-15 5.986E-15 6.580E-15 7.691E-15 8.778E-15
 9.628E-15 9.031E-15 6.216E-15 3.630E-15
                                   Total (all groups):  7.169E-14 neutrons/sec-cm**3   .
                               Average Neutron Energy:  5.262E-01 MeV.


 Neutron spectrum from bi212  alphas on  c 13  via the   6.92-MeV product level
 0.000E+00 0.000E+00 0.000E+00 0.000E+00 0.000E+00 0.000E+00 0.000E+00 0.000E+00
 0.000E+00 0.000E+00 0.000E+00 0.000E+00 0.000E+00 0.000E+00 0.000E+00 0.000E+00
 0.000E+00 0.000E+00 0.000E+00 0.000E+00 0.000E+00 0.000E+00 0.000E+00 0.000E+00
 0.000E+00 0.000E+00 0.000E+00 0.000E+00 0.000E+00 0.000E+00 0.000E+00 0.000E+00
 0.000E+00 0.000E+00 0.000E+00 0.000E+00 0.000E+00 0.000E+00 0.000E+00 0.000E+00
 0.000E+00 0.000E+00 0.000E+00 0.000E+00 0.000E+00 0.000E+00 0.000E+00 0.000E+00
 0.000E+00 0.000E+00 0.000E+00 0.000E+00 0.000E+00 0.000E+00 0.000E+00 0.000E+00
 0.000E+00 0.000E+00 0.000E+00 0.000E+00 3.087E-20 2.002E-19 3.891E-19 5.898E-19
 8.211E-19 1.058E-18 1.299E-18 1.543E-18 1.791E-18 2.044E-18 2.300E-18 2.562E-18
 2.827E-18 3.095E-18 3.365E-18 3.639E-18 3.914E-18 4.193E-18 4.515E-18 4.961E-18
 5.435E-18 5.892E-18 6.248E-18 6.630E-18 6.901E-18 6.872E-18 6.755E-18 6.632E-18
 6.495E-18 6.339E-18 6.132E-18 5.822E-18 5.462E-18 5.021E-18 4.272E-18 3.627E-18
 3.067E-18 2.497E-18 1.784E-18 1.031E-18
                                   Total (all groups):  1.480E-16 neutrons/sec-cm**3   .
                               Average Neutron Energy:  1.608E+00 MeV.


 Neutron spectrum from bi212  alphas on  c 13  via the   7.12-MeV product level
 0.000E+00 0.000E+00 0.000E+00 0.000E+00 0.000E+00 0.000E+00 0.000E+00 0.000E+00
 0.000E+00 0.000E+00 0.000E+00 0.000E+00 0.000E+00 0.000E+00 0.000E+00 0.000E+00
 0.000E+00 0.000E+00 0.000E+00 0.000E+00 0.000E+00 0.000E+00 0.000E+00 0.000E+00
 0.000E+00 0.000E+00 0.000E+00 0.000E+00 0.000E+00 0.000E+00 0.000E+00 0.000E+00
 0.000E+00 0.000E+00 0.000E+00 0.000E+00 0.000E+00 0.000E+00 0.000E+00 0.000E+00
 0.000E+00 0.000E+00 0.000E+00 0.000E+00 0.000E+00 0.000E+00 0.000E+00 0.000E+00
 0.000E+00 0.000E+00 0.000E+00 0.000E+00 0.000E+00 0.000E+00 0.000E+00 0.000E+00
 0.000E+00 0.000E+00 0.000E+00 0.000E+00 0.000E+00 0.000E+00 3.330E-21 7.362E-20
 1.716E-19 2.727E-19 3.896E-19 5.124E-19 6.369E-19 7.631E-19 8.911E-19 1.021E-18
 1.153E-18 1.287E-18 1.423E-18 1.561E-18 1.700E-18 1.840E-18 1.981E-18 2.123E-18
 2.271E-18 2.475E-18 2.710E-18 2.960E-18 3.158E-18 3.340E-18 3.397E-18 3.366E-18
 3.280E-18 3.192E-18 3.106E-18 3.007E-18 2.899E-18 2.757E-18 2.559E-18 2.199E-18
 1.787E-18 1.422E-18 1.039E-18 4.881E-19
                                   Total (all groups):  6.922E-17 neutrons/sec-cm**3   .
                               Average Neutron Energy:  1.485E+00 MeV.


 Neutron spectrum from bi212  alphas on  c 13  via the   8.87-MeV product level
 0.000E+00 0.000E+00 0.000E+00 0.000E+00 0.000E+00 0.000E+00 0.000E+00 0.000E+00
 0.000E+00 0.000E+00 0.000E+00 0.000E+00 0.000E+00 0.000E+00 0.000E+00 0.000E+00
 0.000E+00 0.000E+00 0.000E+00 0.000E+00 0.000E+00 0.000E+00 0.000E+00 0.000E+00
 0.000E+00 0.000E+00 0.000E+00 0.000E+00 0.000E+00 0.000E+00 0.000E+00 0.000E+00
 0.000E+00 0.000E+00 0.000E+00 0.000E+00 0.000E+00 0.000E+00 0.000E+00 0.000E+00
 0.000E+00 0.000E+00 0.000E+00 0.000E+00 0.000E+00 0.000E+00 0.000E+00 0.000E+00
 0.000E+00 0.000E+00 0.000E+00 0.000E+00 0.000E+00 0.000E+00 0.000E+00 0.000E+00
 0.000E+00 0.000E+00 0.000E+00 0.000E+00 0.000E+00 0.000E+00 0.000E+00 0.000E+00
 0.000E+00 0.000E+00 0.000E+00 0.000E+00 0.000E+00 0.000E+00 0.000E+00 0.000E+00
 0.000E+00 0.000E+00 0.000E+00 0.000E+00 0.000E+00 0.000E+00 0.000E+00 0.000E+00
 0.000E+00 0.000E+00 0.000E+00 0.000E+00 2.921E-20 1.218E-19 2.142E-19 3.060E-19
 4.075E-19 5.074E-19 6.033E-19 6.950E-19 7.823E-19 8.650E-19 9.430E-19 1.015E-18
 1.080E-18 1.059E-18 8.145E-19 4.348E-19
                                   Total (all groups):  9.878E-18 neutrons/sec-cm**3   .
                               Average Neutron Energy:  6.043E-01 MeV.


 Neutron spectrum from bi212  alphas on  c 13  via the   9.59-MeV product level
 0.000E+00 0.000E+00 0.000E+00 0.000E+00 0.000E+00 0.000E+00 0.000E+00 0.000E+00
 0.000E+00 0.000E+00 0.000E+00 0.000E+00 0.000E+00 0.000E+00 0.000E+00 0.000E+00
 0.000E+00 0.000E+00 0.000E+00 0.000E+00 0.000E+00 0.000E+00 0.000E+00 0.000E+00
 0.000E+00 0.000E+00 0.000E+00 0.000E+00 0.000E+00 0.000E+00 0.000E+00 0.000E+00
 0.000E+00 0.000E+00 0.000E+00 0.000E+00 0.000E+00 0.000E+00 0.000E+00 0.000E+00
 0.000E+00 0.000E+00 0.000E+00 0.000E+00 0.000E+00 0.000E+00 0.000E+00 0.000E+00
 0.000E+00 0.000E+00 0.000E+00 0.000E+00 0.000E+00 0.000E+00 0.000E+00 0.000E+00
 0.000E+00 0.000E+00 0.000E+00 0.000E+00 0.000E+00 0.000E+00 0.000E+00 0.000E+00
 0.000E+00 0.000E+00 0.000E+00 0.000E+00 0.000E+00 0.000E+00 0.000E+00 0.000E+00
 0.000E+00 0.000E+00 0.000E+00 0.000E+00 0.000E+00 0.000E+00 0.000E+00 0.000E+00
 0.000E+00 0.000E+00 0.000E+00 0.000E+00 0.000E+00 0.000E+00 0.000E+00 0.000E+00
 0.000E+00 0.000E+00 0.000E+00 0.000E+00 0.000E+00 0.000E+00 2.824E-23 1.346E-20
 3.583E-20 5.383E-20 6.538E-20 4.789E-20
                                   Total (all groups):  2.164E-19 neutrons/sec-cm**3   .
                               Average Neutron Energy:  2.039E-01 MeV.


 Neutron spectrum from po212  alphas on  c 13  via the   0.00-MeV product level
 2.359E-15 2.797E-15 3.336E-15 4.085E-15 4.913E-15 5.660E-15 6.327E-15 7.045E-15
 7.709E-15 8.324E-15 9.034E-15 9.807E-15 1.063E-14 1.139E-14 1.198E-14 1.254E-14
 1.315E-14 1.398E-14 1.485E-14 1.587E-14 1.708E-14 1.818E-14 1.916E-14 2.006E-14
 2.056E-14 2.125E-14 2.239E-14 2.336E-14 2.435E-14 2.534E-14 2.614E-14 2.655E-14
 2.678E-14 2.699E-14 2.723E-14 2.699E-14 2.661E-14 2.598E-14 2.530E-14 2.448E-14
 2.315E-14 2.187E-14 2.070E-14 1.962E-14 1.845E-14 1.758E-14 1.727E-14 1.665E-14
 1.549E-14 1.381E-14 1.208E-14 1.092E-14 1.006E-14 8.449E-15 7.070E-15 6.201E-15
 6.220E-15 6.221E-15 6.161E-15 6.073E-15 6.011E-15 6.004E-15 5.928E-15 5.517E-15
 4.325E-15 3.677E-15 3.260E-15 2.708E-15 2.188E-15 1.266E-15 4.907E-16 1.668E-16
 8.327E-17 4.776E-17 1.803E-17 3.877E-18 8.386E-20 0.000E+00 0.000E+00 0.000E+00
 0.000E+00 0.000E+00 0.000E+00 0.000E+00 0.000E+00 0.000E+00 0.000E+00 0.000E+00
 0.000E+00 0.000E+00 0.000E+00 0.000E+00 0.000E+00 0.000E+00 0.000E+00 0.000E+00
 0.000E+00 0.000E+00 0.000E+00 0.000E+00
                                   Total (all groups):  9.563E-13 neutrons/sec-cm**3   .
                               Average Neutron Energy:  6.675E+00 MeV.


 Neutron spectrum from po212  alphas on  c 13  via the   6.05-MeV product level
 0.000E+00 0.000E+00 0.000E+00 0.000E+00 0.000E+00 0.000E+00 0.000E+00 0.000E+00
 0.000E+00 0.000E+00 0.000E+00 0.000E+00 0.000E+00 0.000E+00 0.000E+00 0.000E+00
 0.000E+00 0.000E+00 0.000E+00 0.000E+00 0.000E+00 0.000E+00 0.000E+00 0.000E+00
 0.000E+00 0.000E+00 0.000E+00 0.000E+00 0.000E+00 0.000E+00 0.000E+00 0.000E+00
 0.000E+00 0.000E+00 0.000E+00 0.000E+00 0.000E+00 0.000E+00 0.000E+00 0.000E+00
 0.000E+00 0.000E+00 0.000E+00 0.000E+00 0.000E+00 0.000E+00 0.000E+00 0.000E+00
 0.000E+00 0.000E+00 0.000E+00 0.000E+00 0.000E+00 0.000E+00 0.000E+00 0.000E+00
 0.000E+00 0.000E+00 0.000E+00 0.000E+00 8.623E-17 3.274E-16 5.777E-16 8.342E-16
 1.097E-15 1.368E-15 1.645E-15 1.932E-15 2.305E-15 2.792E-15 3.325E-15 3.782E-15
 4.202E-15 4.647E-15 5.055E-15 5.429E-15 5.853E-15 6.312E-15 6.789E-15 7.256E-15
 7.605E-15 7.919E-15 8.246E-15 8.482E-15 8.522E-15 8.477E-15 8.614E-15 8.503E-15
 8.132E-15 7.676E-15 7.234E-15 6.671E-15 5.996E-15 5.508E-15 5.196E-15 4.638E-15
 3.798E-15 2.847E-15 2.076E-15 1.148E-15
                                   Total (all groups):  1.929E-13 neutrons/sec-cm**3   .
                               Average Neutron Energy:  1.670E+00 MeV.


 Neutron spectrum from po212  alphas on  c 13  via the   6.13-MeV product level
 0.000E+00 0.000E+00 0.000E+00 0.000E+00 0.000E+00 0.000E+00 0.000E+00 0.000E+00
 0.000E+00 0.000E+00 0.000E+00 0.000E+00 0.000E+00 0.000E+00 0.000E+00 0.000E+00
 0.000E+00 0.000E+00 0.000E+00 0.000E+00 0.000E+00 0.000E+00 0.000E+00 0.000E+00
 0.000E+00 0.000E+00 0.000E+00 0.000E+00 0.000E+00 0.000E+00 0.000E+00 0.000E+00
 0.000E+00 0.000E+00 0.000E+00 0.000E+00 0.000E+00 0.000E+00 0.000E+00 0.000E+00
 0.000E+00 0.000E+00 0.000E+00 0.000E+00 0.000E+00 0.000E+00 0.000E+00 0.000E+00
 0.000E+00 0.000E+00 0.000E+00 0.000E+00 0.000E+00 0.000E+00 0.000E+00 0.000E+00
 0.000E+00 0.000E+00 0.000E+00 0.000E+00 0.000E+00 9.693E-16 3.239E-15 5.553E-15
 7.906E-15 1.030E-14 1.273E-14 1.520E-14 1.773E-14 2.106E-14 2.524E-14 2.974E-14
 3.345E-14 3.691E-14 4.045E-14 4.364E-14 4.651E-14 4.972E-14 5.311E-14 5.655E-14
 5.981E-14 6.218E-14 6.428E-14 6.623E-14 6.561E-14 6.423E-14 6.229E-14 6.132E-14
 5.771E-14 5.268E-14 4.816E-14 4.398E-14 3.895E-14 3.320E-14 2.981E-14 2.715E-14
 2.270E-14 1.656E-14 1.121E-14 6.528E-15
                                   Total (all groups):  1.405E-12 neutrons/sec-cm**3   .
                               Average Neutron Energy:  1.730E+00 MeV.


 Neutron spectrum from po212  alphas on  c 13  via the   6.92-MeV product level
 0.000E+00 0.000E+00 0.000E+00 0.000E+00 0.000E+00 0.000E+00 0.000E+00 0.000E+00
 0.000E+00 0.000E+00 0.000E+00 0.000E+00 0.000E+00 0.000E+00 0.000E+00 0.000E+00
 0.000E+00 0.000E+00 0.000E+00 0.000E+00 0.000E+00 0.000E+00 0.000E+00 0.000E+00
 0.000E+00 0.000E+00 0.000E+00 0.000E+00 0.000E+00 0.000E+00 0.000E+00 0.000E+00
 0.000E+00 0.000E+00 0.000E+00 0.000E+00 0.000E+00 0.000E+00 0.000E+00 0.000E+00
 0.000E+00 0.000E+00 0.000E+00 0.000E+00 0.000E+00 0.000E+00 0.000E+00 0.000E+00
 0.000E+00 0.000E+00 0.000E+00 0.000E+00 0.000E+00 0.000E+00 0.000E+00 0.000E+00
 0.000E+00 0.000E+00 0.000E+00 0.000E+00 0.000E+00 0.000E+00 0.000E+00 0.000E+00
 0.000E+00 0.000E+00 0.000E+00 0.000E+00 0.000E+00 0.000E+00 3.704E-16 1.520E-15
 2.708E-15 3.909E-15 5.123E-15 6.348E-15 7.585E-15 8.832E-15 1.028E-14 1.228E-14
 1.440E-14 1.645E-14 1.805E-14 1.976E-14 2.135E-14 2.275E-14 2.409E-14 2.559E-14
 2.710E-14 2.823E-14 2.749E-14 2.610E-14 2.449E-14 2.251E-14 1.916E-14 1.626E-14
 1.375E-14 1.119E-14 8.000E-15 4.604E-15
                                   Total (all groups):  4.503E-13 neutrons/sec-cm**3   .
                               Average Neutron Energy:  1.242E+00 MeV.


 Neutron spectrum from po212  alphas on  c 13  via the   7.12-MeV product level
 0.000E+00 0.000E+00 0.000E+00 0.000E+00 0.000E+00 0.000E+00 0.000E+00 0.000E+00
 0.000E+00 0.000E+00 0.000E+00 0.000E+00 0.000E+00 0.000E+00 0.000E+00 0.000E+00
 0.000E+00 0.000E+00 0.000E+00 0.000E+00 0.000E+00 0.000E+00 0.000E+00 0.000E+00
 0.000E+00 0.000E+00 0.000E+00 0.000E+00 0.000E+00 0.000E+00 0.000E+00 0.000E+00
 0.000E+00 0.000E+00 0.000E+00 0.000E+00 0.000E+00 0.000E+00 0.000E+00 0.000E+00
 0.000E+00 0.000E+00 0.000E+00 0.000E+00 0.000E+00 0.000E+00 0.000E+00 0.000E+00
 0.000E+00 0.000E+00 0.000E+00 0.000E+00 0.000E+00 0.000E+00 0.000E+00 0.000E+00
 0.000E+00 0.000E+00 0.000E+00 0.000E+00 0.000E+00 0.000E+00 0.000E+00 0.000E+00
 0.000E+00 0.000E+00 0.000E+00 0.000E+00 0.000E+00 0.000E+00 0.000E+00 0.000E+00
 5.547E-17 5.615E-16 1.173E-15 1.791E-15 2.414E-15 3.042E-15 3.674E-15 4.312E-15
 4.973E-15 5.889E-15 6.943E-15 8.064E-15 8.953E-15 9.792E-15 1.065E-14 1.142E-14
 1.209E-14 1.280E-14 1.354E-14 1.348E-14 1.300E-14 1.236E-14 1.147E-14 9.861E-15
 8.013E-15 6.375E-15 4.659E-15 2.189E-15
                                   Total (all groups):  2.036E-13 neutrons/sec-cm**3   .
                               Average Neutron Energy:  1.112E+00 MeV.


 Neutron spectrum from po212  alphas on  c 13  via the   8.87-MeV product level
 0.000E+00 0.000E+00 0.000E+00 0.000E+00 0.000E+00 0.000E+00 0.000E+00 0.000E+00
 0.000E+00 0.000E+00 0.000E+00 0.000E+00 0.000E+00 0.000E+00 0.000E+00 0.000E+00
 0.000E+00 0.000E+00 0.000E+00 0.000E+00 0.000E+00 0.000E+00 0.000E+00 0.000E+00
 0.000E+00 0.000E+00 0.000E+00 0.000E+00 0.000E+00 0.000E+00 0.000E+00 0.000E+00
 0.000E+00 0.000E+00 0.000E+00 0.000E+00 0.000E+00 0.000E+00 0.000E+00 0.000E+00
 0.000E+00 0.000E+00 0.000E+00 0.000E+00 0.000E+00 0.000E+00 0.000E+00 0.000E+00
 0.000E+00 0.000E+00 0.000E+00 0.000E+00 0.000E+00 0.000E+00 0.000E+00 0.000E+00
 0.000E+00 0.000E+00 0.000E+00 0.000E+00 0.000E+00 0.000E+00 0.000E+00 0.000E+00
 0.000E+00 0.000E+00 0.000E+00 0.000E+00 0.000E+00 0.000E+00 0.000E+00 0.000E+00
 0.000E+00 0.000E+00 0.000E+00 0.000E+00 0.000E+00 0.000E+00 0.000E+00 0.000E+00
 0.000E+00 0.000E+00 0.000E+00 0.000E+00 0.000E+00 0.000E+00 0.000E+00 0.000E+00
 0.000E+00 0.000E+00 0.000E+00 0.000E+00 0.000E+00 0.000E+00 0.000E+00 0.000E+00
 2.568E-17 1.794E-16 2.555E-16 1.762E-16
                                   Total (all groups):  6.369E-16 neutrons/sec-cm**3   .
                               Average Neutron Energy:  1.588E-01 MeV.


 Neutron spectrum from po216  alphas on  c 13  via the   0.00-MeV product level
 0.000E+00 0.000E+00 0.000E+00 0.000E+00 0.000E+00 0.000E+00 0.000E+00 0.000E+00
 0.000E+00 0.000E+00 0.000E+00 0.000E+00 0.000E+00 2.633E-16 1.101E-15 1.938E-15
 2.850E-15 4.101E-15 5.393E-15 6.924E-15 8.722E-15 1.037E-14 1.183E-14 1.318E-14
 1.393E-14 1.495E-14 1.666E-14 1.811E-14 1.959E-14 2.106E-14 2.226E-14 2.287E-14
 2.321E-14 2.354E-14 2.390E-14 2.407E-14 2.451E-14 2.461E-14 2.471E-14 2.482E-14
 2.486E-14 2.488E-14 2.497E-14 2.505E-14 2.523E-14 2.590E-14 2.580E-14 2.488E-14
 2.315E-14 2.063E-14 1.805E-14 1.631E-14 1.502E-14 1.262E-14 1.056E-14 9.264E-15
 9.292E-15 9.293E-15 9.204E-15 9.073E-15 8.980E-15 8.970E-15 8.856E-15 8.242E-15
 6.460E-15 5.491E-15 4.867E-15 4.043E-15 3.266E-15 1.889E-15 7.310E-16 2.471E-16
 1.224E-16 6.936E-17 2.679E-17 5.818E-18 1.253E-19 0.000E+00 0.000E+00 0.000E+00
 0.000E+00 0.000E+00 0.000E+00 0.000E+00 0.000E+00 0.000E+00 0.000E+00 0.000E+00
 0.000E+00 0.000E+00 0.000E+00 0.000E+00 0.000E+00 0.000E+00 0.000E+00 0.000E+00
 0.000E+00 0.000E+00 0.000E+00 0.000E+00
                                   Total (all groups):  8.357E-13 neutrons/sec-cm**3   .
                               Average Neutron Energy:  5.927E+00 MeV.


 Neutron spectrum from po216  alphas on  c 13  via the   6.05-MeV product level
 0.000E+00 0.000E+00 0.000E+00 0.000E+00 0.000E+00 0.000E+00 0.000E+00 0.000E+00
 0.000E+00 0.000E+00 0.000E+00 0.000E+00 0.000E+00 0.000E+00 0.000E+00 0.000E+00
 0.000E+00 0.000E+00 0.000E+00 0.000E+00 0.000E+00 0.000E+00 0.000E+00 0.000E+00
 0.000E+00 0.000E+00 0.000E+00 0.000E+00 0.000E+00 0.000E+00 0.000E+00 0.000E+00
 0.000E+00 0.000E+00 0.000E+00 0.000E+00 0.000E+00 0.000E+00 0.000E+00 0.000E+00
 0.000E+00 0.000E+00 0.000E+00 0.000E+00 0.000E+00 0.000E+00 0.000E+00 0.000E+00
 0.000E+00 0.000E+00 0.000E+00 0.000E+00 0.000E+00 0.000E+00 0.000E+00 0.000E+00
 0.000E+00 0.000E+00 0.000E+00 0.000E+00 0.000E+00 0.000E+00 0.000E+00 0.000E+00
 0.000E+00 0.000E+00 0.000E+00 0.000E+00 0.000E+00 0.000E+00 0.000E+00 0.000E+00
 0.000E+00 0.000E+00 0.000E+00 0.000E+00 0.000E+00 0.000E+00 0.000E+00 8.383E-17
 5.400E-16 1.010E-15 1.498E-15 2.101E-15 2.844E-15 3.500E-15 4.470E-15 5.214E-15
 6.038E-15 6.664E-15 7.241E-15 7.545E-15 7.871E-15 8.184E-15 7.762E-15 6.928E-15
 5.674E-15 4.253E-15 3.101E-15 1.714E-15
                                   Total (all groups):  9.424E-14 neutrons/sec-cm**3   .
                               Average Neutron Energy:  8.559E-01 MeV.


 Neutron spectrum from po216  alphas on  c 13  via the   6.13-MeV product level
 0.000E+00 0.000E+00 0.000E+00 0.000E+00 0.000E+00 0.000E+00 0.000E+00 0.000E+00
 0.000E+00 0.000E+00 0.000E+00 0.000E+00 0.000E+00 0.000E+00 0.000E+00 0.000E+00
 0.000E+00 0.000E+00 0.000E+00 0.000E+00 0.000E+00 0.000E+00 0.000E+00 0.000E+00
 0.000E+00 0.000E+00 0.000E+00 0.000E+00 0.000E+00 0.000E+00 0.000E+00 0.000E+00
 0.000E+00 0.000E+00 0.000E+00 0.000E+00 0.000E+00 0.000E+00 0.000E+00 0.000E+00
 0.000E+00 0.000E+00 0.000E+00 0.000E+00 0.000E+00 0.000E+00 0.000E+00 0.000E+00
 0.000E+00 0.000E+00 0.000E+00 0.000E+00 0.000E+00 0.000E+00 0.000E+00 0.000E+00
 0.000E+00 0.000E+00 0.000E+00 0.000E+00 0.000E+00 0.000E+00 0.000E+00 0.000E+00
 0.000E+00 0.000E+00 0.000E+00 0.000E+00 0.000E+00 0.000E+00 0.000E+00 0.000E+00
 0.000E+00 0.000E+00 0.000E+00 0.000E+00 0.000E+00 0.000E+00 0.000E+00 0.000E+00
 6.509E-16 3.811E-15 6.943E-15 1.009E-14 1.380E-14 1.821E-14 2.203E-14 2.758E-14
 3.180E-14 3.641E-14 3.988E-14 4.310E-14 4.481E-14 4.626E-14 4.453E-14 4.055E-14
 3.391E-14 2.474E-14 1.675E-14 9.759E-15
                                   Total (all groups):  5.156E-13 neutrons/sec-cm**3   .
                               Average Neutron Energy:  8.260E-01 MeV.


 Neutron spectrum from po216  alphas on  c 13  via the   6.92-MeV product level
 0.000E+00 0.000E+00 0.000E+00 0.000E+00 0.000E+00 0.000E+00 0.000E+00 0.000E+00
 0.000E+00 0.000E+00 0.000E+00 0.000E+00 0.000E+00 0.000E+00 0.000E+00 0.000E+00
 0.000E+00 0.000E+00 0.000E+00 0.000E+00 0.000E+00 0.000E+00 0.000E+00 0.000E+00
 0.000E+00 0.000E+00 0.000E+00 0.000E+00 0.000E+00 0.000E+00 0.000E+00 0.000E+00
 0.000E+00 0.000E+00 0.000E+00 0.000E+00 0.000E+00 0.000E+00 0.000E+00 0.000E+00
 0.000E+00 0.000E+00 0.000E+00 0.000E+00 0.000E+00 0.000E+00 0.000E+00 0.000E+00
 0.000E+00 0.000E+00 0.000E+00 0.000E+00 0.000E+00 0.000E+00 0.000E+00 0.000E+00
 0.000E+00 0.000E+00 0.000E+00 0.000E+00 0.000E+00 0.000E+00 0.000E+00 0.000E+00
 0.000E+00 0.000E+00 0.000E+00 0.000E+00 0.000E+00 0.000E+00 0.000E+00 0.000E+00
 0.000E+00 0.000E+00 0.000E+00 0.000E+00 0.000E+00 0.000E+00 0.000E+00 0.000E+00
 0.000E+00 0.000E+00 0.000E+00 0.000E+00 0.000E+00 0.000E+00 0.000E+00 0.000E+00
 0.000E+00 0.000E+00 2.995E-16 1.657E-15 2.957E-15 4.218E-15 5.501E-15 7.083E-15
 8.681E-15 9.925E-15 1.067E-14 6.892E-15
                                   Total (all groups):  5.789E-14 neutrons/sec-cm**3   .
                               Average Neutron Energy:  3.508E-01 MeV.


 Neutron spectrum from po216  alphas on  c 13  via the   7.12-MeV product level
 0.000E+00 0.000E+00 0.000E+00 0.000E+00 0.000E+00 0.000E+00 0.000E+00 0.000E+00
 0.000E+00 0.000E+00 0.000E+00 0.000E+00 0.000E+00 0.000E+00 0.000E+00 0.000E+00
 0.000E+00 0.000E+00 0.000E+00 0.000E+00 0.000E+00 0.000E+00 0.000E+00 0.000E+00
 0.000E+00 0.000E+00 0.000E+00 0.000E+00 0.000E+00 0.000E+00 0.000E+00 0.000E+00
 0.000E+00 0.000E+00 0.000E+00 0.000E+00 0.000E+00 0.000E+00 0.000E+00 0.000E+00
 0.000E+00 0.000E+00 0.000E+00 0.000E+00 0.000E+00 0.000E+00 0.000E+00 0.000E+00
 0.000E+00 0.000E+00 0.000E+00 0.000E+00 0.000E+00 0.000E+00 0.000E+00 0.000E+00
 0.000E+00 0.000E+00 0.000E+00 0.000E+00 0.000E+00 0.000E+00 0.000E+00 0.000E+00
 0.000E+00 0.000E+00 0.000E+00 0.000E+00 0.000E+00 0.000E+00 0.000E+00 0.000E+00
 0.000E+00 0.000E+00 0.000E+00 0.000E+00 0.000E+00 0.000E+00 0.000E+00 0.000E+00
 0.000E+00 0.000E+00 0.000E+00 0.000E+00 0.000E+00 0.000E+00 0.000E+00 0.000E+00
 0.000E+00 0.000E+00 0.000E+00 0.000E+00 0.000E+00 2.329E-16 9.394E-16 1.583E-15
 2.196E-15 2.731E-15 3.035E-15 2.625E-15
                                   Total (all groups):  1.334E-14 neutrons/sec-cm**3   .
                               Average Neutron Energy:  2.555E-01 MeV.


 Neutron spectrum from rn220  alphas on  c 13  via the   0.00-MeV product level
 0.000E+00 0.000E+00 0.000E+00 0.000E+00 0.000E+00 0.000E+00 0.000E+00 0.000E+00
 0.000E+00 0.000E+00 0.000E+00 0.000E+00 0.000E+00 0.000E+00 0.000E+00 0.000E+00
 0.000E+00 1.486E-17 8.193E-16 2.402E-15 4.260E-15 5.970E-15 7.476E-15 8.868E-15
 9.646E-15 1.070E-14 1.247E-14 1.397E-14 1.550E-14 1.703E-14 1.826E-14 1.889E-14
 1.925E-14 1.958E-14 1.996E-14 2.014E-14 2.059E-14 2.069E-14 2.080E-14 2.091E-14
 2.095E-14 2.097E-14 2.107E-14 2.115E-14 2.133E-14 2.218E-14 2.338E-14 2.410E-14
 2.389E-14 2.134E-14 1.867E-14 1.687E-14 1.554E-14 1.306E-14 1.093E-14 9.584E-15
 9.613E-15 9.613E-15 9.521E-15 9.385E-15 9.289E-15 9.279E-15 9.161E-15 8.526E-15
 6.683E-15 5.680E-15 5.034E-15 4.182E-15 3.378E-15 1.954E-15 7.557E-16 2.552E-16
 1.261E-16 7.131E-17 2.777E-17 6.076E-18 1.296E-19 0.000E+00 0.000E+00 0.000E+00
 0.000E+00 0.000E+00 0.000E+00 0.000E+00 0.000E+00 0.000E+00 0.000E+00 0.000E+00
 0.000E+00 0.000E+00 0.000E+00 0.000E+00 0.000E+00 0.000E+00 0.000E+00 0.000E+00
 0.000E+00 0.000E+00 0.000E+00 0.000E+00
                                   Total (all groups):  7.157E-13 neutrons/sec-cm**3   .
                               Average Neutron Energy:  5.733E+00 MeV.


 Neutron spectrum from rn220  alphas on  c 13  via the   6.05-MeV product level
 0.000E+00 0.000E+00 0.000E+00 0.000E+00 0.000E+00 0.000E+00 0.000E+00 0.000E+00
 0.000E+00 0.000E+00 0.000E+00 0.000E+00 0.000E+00 0.000E+00 0.000E+00 0.000E+00
 0.000E+00 0.000E+00 0.000E+00 0.000E+00 0.000E+00 0.000E+00 0.000E+00 0.000E+00
 0.000E+00 0.000E+00 0.000E+00 0.000E+00 0.000E+00 0.000E+00 0.000E+00 0.000E+00
 0.000E+00 0.000E+00 0.000E+00 0.000E+00 0.000E+00 0.000E+00 0.000E+00 0.000E+00
 0.000E+00 0.000E+00 0.000E+00 0.000E+00 0.000E+00 0.000E+00 0.000E+00 0.000E+00
 0.000E+00 0.000E+00 0.000E+00 0.000E+00 0.000E+00 0.000E+00 0.000E+00 0.000E+00
 0.000E+00 0.000E+00 0.000E+00 0.000E+00 0.000E+00 0.000E+00 0.000E+00 0.000E+00
 0.000E+00 0.000E+00 0.000E+00 0.000E+00 0.000E+00 0.000E+00 0.000E+00 0.000E+00
 0.000E+00 0.000E+00 0.000E+00 0.000E+00 0.000E+00 0.000E+00 0.000E+00 0.000E+00
 0.000E+00 0.000E+00 0.000E+00 0.000E+00 1.640E-16 8.071E-16 1.809E-15 2.579E-15
 3.431E-15 4.079E-15 4.675E-15 4.989E-15 5.327E-15 5.947E-15 6.500E-15 6.853E-15
 5.868E-15 4.400E-15 3.208E-15 1.773E-15
                                   Total (all groups):  6.241E-14 neutrons/sec-cm**3   .
                               Average Neutron Energy:  6.768E-01 MeV.


 Neutron spectrum from rn220  alphas on  c 13  via the   6.13-MeV product level
 0.000E+00 0.000E+00 0.000E+00 0.000E+00 0.000E+00 0.000E+00 0.000E+00 0.000E+00
 0.000E+00 0.000E+00 0.000E+00 0.000E+00 0.000E+00 0.000E+00 0.000E+00 0.000E+00
 0.000E+00 0.000E+00 0.000E+00 0.000E+00 0.000E+00 0.000E+00 0.000E+00 0.000E+00
 0.000E+00 0.000E+00 0.000E+00 0.000E+00 0.000E+00 0.000E+00 0.000E+00 0.000E+00
 0.000E+00 0.000E+00 0.000E+00 0.000E+00 0.000E+00 0.000E+00 0.000E+00 0.000E+00
 0.000E+00 0.000E+00 0.000E+00 0.000E+00 0.000E+00 0.000E+00 0.000E+00 0.000E+00
 0.000E+00 0.000E+00 0.000E+00 0.000E+00 0.000E+00 0.000E+00 0.000E+00 0.000E+00
 0.000E+00 0.000E+00 0.000E+00 0.000E+00 0.000E+00 0.000E+00 0.000E+00 0.000E+00
 0.000E+00 0.000E+00 0.000E+00 0.000E+00 0.000E+00 0.000E+00 0.000E+00 0.000E+00
 0.000E+00 0.000E+00 0.000E+00 0.000E+00 0.000E+00 0.000E+00 0.000E+00 0.000E+00
 0.000E+00 0.000E+00 0.000E+00 0.000E+00 0.000E+00 9.758E-16 4.725E-15 1.046E-14
 1.483E-14 1.959E-14 2.318E-14 2.651E-14 2.827E-14 2.993E-14 3.302E-14 3.604E-14
 3.499E-14 2.559E-14 1.733E-14 1.010E-14
                                   Total (all groups):  3.155E-13 neutrons/sec-cm**3   .
                               Average Neutron Energy:  6.332E-01 MeV.


 Neutron spectrum from rn220  alphas on  c 13  via the   6.92-MeV product level
 0.000E+00 0.000E+00 0.000E+00 0.000E+00 0.000E+00 0.000E+00 0.000E+00 0.000E+00
 0.000E+00 0.000E+00 0.000E+00 0.000E+00 0.000E+00 0.000E+00 0.000E+00 0.000E+00
 0.000E+00 0.000E+00 0.000E+00 0.000E+00 0.000E+00 0.000E+00 0.000E+00 0.000E+00
 0.000E+00 0.000E+00 0.000E+00 0.000E+00 0.000E+00 0.000E+00 0.000E+00 0.000E+00
 0.000E+00 0.000E+00 0.000E+00 0.000E+00 0.000E+00 0.000E+00 0.000E+00 0.000E+00
 0.000E+00 0.000E+00 0.000E+00 0.000E+00 0.000E+00 0.000E+00 0.000E+00 0.000E+00
 0.000E+00 0.000E+00 0.000E+00 0.000E+00 0.000E+00 0.000E+00 0.000E+00 0.000E+00
 0.000E+00 0.000E+00 0.000E+00 0.000E+00 0.000E+00 0.000E+00 0.000E+00 0.000E+00
 0.000E+00 0.000E+00 0.000E+00 0.000E+00 0.000E+00 0.000E+00 0.000E+00 0.000E+00
 0.000E+00 0.000E+00 0.000E+00 0.000E+00 0.000E+00 0.000E+00 0.000E+00 0.000E+00
 0.000E+00 0.000E+00 0.000E+00 0.000E+00 0.000E+00 0.000E+00 0.000E+00 0.000E+00
 0.000E+00 0.000E+00 0.000E+00 0.000E+00 0.000E+00 0.000E+00 0.000E+00 0.000E+00
 3.924E-16 1.629E-15 2.701E-15 2.696E-15
                                   Total (all groups):  7.417E-15 neutrons/sec-cm**3   .
                               Average Neutron Energy:  1.446E-01 MeV.


 Neutron spectrum from ra224  alphas on  c 13  via the   0.00-MeV product level
 0.000E+00 0.000E+00 0.000E+00 0.000E+00 0.000E+00 0.000E+00 0.000E+00 0.000E+00
 0.000E+00 0.000E+00 0.000E+00 0.000E+00 0.000E+00 0.000E+00 0.000E+00 0.000E+00
 0.000E+00 0.000E+00 0.000E+00 0.000E+00 0.000E+00 0.000E+00 0.000E+00 1.018E-16
 6.914E-16 1.691E-15 3.426E-15 4.916E-15 6.436E-15 7.946E-15 9.171E-15 9.796E-15
 1.015E-14 1.048E-14 1.085E-14 1.103E-14 1.148E-14 1.159E-14 1.169E-14 1.180E-14
 1.184E-14 1.186E-14 1.196E-14 1.204E-14 1.222E-14 1.306E-14 1.425E-14 1.497E-14
 1.549E-14 1.584E-14 1.615E-14 1.648E-14 1.539E-14 1.296E-14 1.084E-14 9.510E-15
 9.539E-15 9.540E-15 9.448E-15 9.314E-15 9.218E-15 9.208E-15 9.091E-15 8.461E-15
 6.632E-15 5.636E-15 4.996E-15 4.150E-15 3.352E-15 1.939E-15 7.501E-16 2.533E-16
 1.252E-16 7.063E-17 2.757E-17 6.038E-18 1.286E-19 0.000E+00 0.000E+00 0.000E+00
 0.000E+00 0.000E+00 0.000E+00 0.000E+00 0.000E+00 0.000E+00 0.000E+00 0.000E+00
 0.000E+00 0.000E+00 0.000E+00 0.000E+00 0.000E+00 0.000E+00 0.000E+00 0.000E+00
 0.000E+00 0.000E+00 0.000E+00 0.000E+00
                                   Total (all groups):  4.499E-13 neutrons/sec-cm**3   .
                               Average Neutron Energy:  5.303E+00 MeV.


 Neutron spectrum from ra224  alphas on  c 13  via the   6.05-MeV product level
 0.000E+00 0.000E+00 0.000E+00 0.000E+00 0.000E+00 0.000E+00 0.000E+00 0.000E+00
 0.000E+00 0.000E+00 0.000E+00 0.000E+00 0.000E+00 0.000E+00 0.000E+00 0.000E+00
 0.000E+00 0.000E+00 0.000E+00 0.000E+00 0.000E+00 0.000E+00 0.000E+00 0.000E+00
 0.000E+00 0.000E+00 0.000E+00 0.000E+00 0.000E+00 0.000E+00 0.000E+00 0.000E+00
 0.000E+00 0.000E+00 0.000E+00 0.000E+00 0.000E+00 0.000E+00 0.000E+00 0.000E+00
 0.000E+00 0.000E+00 0.000E+00 0.000E+00 0.000E+00 0.000E+00 0.000E+00 0.000E+00
 0.000E+00 0.000E+00 0.000E+00 0.000E+00 0.000E+00 0.000E+00 0.000E+00 0.000E+00
 0.000E+00 0.000E+00 0.000E+00 0.000E+00 0.000E+00 0.000E+00 0.000E+00 0.000E+00
 0.000E+00 0.000E+00 0.000E+00 0.000E+00 0.000E+00 0.000E+00 0.000E+00 0.000E+00
 0.000E+00 0.000E+00 0.000E+00 0.000E+00 0.000E+00 0.000E+00 0.000E+00 0.000E+00
 0.000E+00 0.000E+00 0.000E+00 0.000E+00 0.000E+00 0.000E+00 0.000E+00 0.000E+00
 0.000E+00 0.000E+00 4.661E-17 2.893E-16 6.082E-16 1.208E-15 1.757E-15 2.219E-15
 2.650E-15 3.063E-15 3.093E-15 1.758E-15
                                   Total (all groups):  1.669E-14 neutrons/sec-cm**3   .
                               Average Neutron Energy:  3.438E-01 MeV.


 Neutron spectrum from ra224  alphas on  c 13  via the   6.13-MeV product level
 0.000E+00 0.000E+00 0.000E+00 0.000E+00 0.000E+00 0.000E+00 0.000E+00 0.000E+00
 0.000E+00 0.000E+00 0.000E+00 0.000E+00 0.000E+00 0.000E+00 0.000E+00 0.000E+00
 0.000E+00 0.000E+00 0.000E+00 0.000E+00 0.000E+00 0.000E+00 0.000E+00 0.000E+00
 0.000E+00 0.000E+00 0.000E+00 0.000E+00 0.000E+00 0.000E+00 0.000E+00 0.000E+00
 0.000E+00 0.000E+00 0.000E+00 0.000E+00 0.000E+00 0.000E+00 0.000E+00 0.000E+00
 0.000E+00 0.000E+00 0.000E+00 0.000E+00 0.000E+00 0.000E+00 0.000E+00 0.000E+00
 0.000E+00 0.000E+00 0.000E+00 0.000E+00 0.000E+00 0.000E+00 0.000E+00 0.000E+00
 0.000E+00 0.000E+00 0.000E+00 0.000E+00 0.000E+00 0.000E+00 0.000E+00 0.000E+00
 0.000E+00 0.000E+00 0.000E+00 0.000E+00 0.000E+00 0.000E+00 0.000E+00 0.000E+00
 0.000E+00 0.000E+00 0.000E+00 0.000E+00 0.000E+00 0.000E+00 0.000E+00 0.000E+00
 0.000E+00 0.000E+00 0.000E+00 0.000E+00 0.000E+00 0.000E+00 0.000E+00 0.000E+00
 0.000E+00 0.000E+00 0.000E+00 1.883E-16 1.454E-15 3.017E-15 5.988E-15 8.984E-15
 1.133E-14 1.332E-14 1.465E-14 9.949E-15
                                   Total (all groups):  6.889E-14 neutrons/sec-cm**3   .
                               Average Neutron Energy:  2.979E-01 MeV.


 Neutron spectrum from th228  alphas on  c 13  via the   0.00-MeV product level
 0.000E+00 0.000E+00 0.000E+00 0.000E+00 0.000E+00 0.000E+00 0.000E+00 0.000E+00
 0.000E+00 0.000E+00 0.000E+00 0.000E+00 0.000E+00 0.000E+00 0.000E+00 0.000E+00
 0.000E+00 0.000E+00 0.000E+00 0.000E+00 0.000E+00 0.000E+00 0.000E+00 0.000E+00
 0.000E+00 1.409E-18 7.174E-16 2.093E-15 3.618E-15 5.138E-15 6.372E-15 7.002E-15
 7.360E-15 7.695E-15 8.066E-15 8.248E-15 8.698E-15 8.804E-15 8.908E-15 9.024E-15
 9.061E-15 9.081E-15 9.180E-15 9.257E-15 9.441E-15 1.028E-14 1.149E-14 1.221E-14
 1.273E-14 1.308E-14 1.340E-14 1.397E-14 1.433E-14 1.302E-14 1.092E-14 9.576E-15
 9.605E-15 9.606E-15 9.514E-15 9.378E-15 9.282E-15 9.272E-15 9.154E-15 8.519E-15
 6.678E-15 5.676E-15 5.031E-15 4.180E-15 3.376E-15 1.953E-15 7.560E-16 2.558E-16
 1.268E-16 7.188E-17 2.787E-17 6.098E-18 1.295E-19 0.000E+00 0.000E+00 0.000E+00
 0.000E+00 0.000E+00 0.000E+00 0.000E+00 0.000E+00 0.000E+00 0.000E+00 0.000E+00
 0.000E+00 0.000E+00 0.000E+00 0.000E+00 0.000E+00 0.000E+00 0.000E+00 0.000E+00
 0.000E+00 0.000E+00 0.000E+00 0.000E+00
                                   Total (all groups):  3.753E-13 neutrons/sec-cm**3   .
                               Average Neutron Energy:  5.132E+00 MeV.


 Neutron spectrum from th228  alphas on  c 13  via the   6.05-MeV product level
 0.000E+00 0.000E+00 0.000E+00 0.000E+00 0.000E+00 0.000E+00 0.000E+00 0.000E+00
 0.000E+00 0.000E+00 0.000E+00 0.000E+00 0.000E+00 0.000E+00 0.000E+00 0.000E+00
 0.000E+00 0.000E+00 0.000E+00 0.000E+00 0.000E+00 0.000E+00 0.000E+00 0.000E+00
 0.000E+00 0.000E+00 0.000E+00 0.000E+00 0.000E+00 0.000E+00 0.000E+00 0.000E+00
 0.000E+00 0.000E+00 0.000E+00 0.000E+00 0.000E+00 0.000E+00 0.000E+00 0.000E+00
 0.000E+00 0.000E+00 0.000E+00 0.000E+00 0.000E+00 0.000E+00 0.000E+00 0.000E+00
 0.000E+00 0.000E+00 0.000E+00 0.000E+00 0.000E+00 0.000E+00 0.000E+00 0.000E+00
 0.000E+00 0.000E+00 0.000E+00 0.000E+00 0.000E+00 0.000E+00 0.000E+00 0.000E+00
 0.000E+00 0.000E+00 0.000E+00 0.000E+00 0.000E+00 0.000E+00 0.000E+00 0.000E+00
 0.000E+00 0.000E+00 0.000E+00 0.000E+00 0.000E+00 0.000E+00 0.000E+00 0.000E+00
 0.000E+00 0.000E+00 0.000E+00 0.000E+00 0.000E+00 0.000E+00 0.000E+00 0.000E+00
 0.000E+00 0.000E+00 0.000E+00 0.000E+00 0.000E+00 1.102E-16 5.186E-16 9.760E-16
 1.409E-15 1.825E-15 2.056E-15 1.626E-15
                                   Total (all groups):  8.522E-15 neutrons/sec-cm**3   .
                               Average Neutron Energy:  2.501E-01 MeV.


 Neutron spectrum from th228  alphas on  c 13  via the   6.13-MeV product level
 0.000E+00 0.000E+00 0.000E+00 0.000E+00 0.000E+00 0.000E+00 0.000E+00 0.000E+00
 0.000E+00 0.000E+00 0.000E+00 0.000E+00 0.000E+00 0.000E+00 0.000E+00 0.000E+00
 0.000E+00 0.000E+00 0.000E+00 0.000E+00 0.000E+00 0.000E+00 0.000E+00 0.000E+00
 0.000E+00 0.000E+00 0.000E+00 0.000E+00 0.000E+00 0.000E+00 0.000E+00 0.000E+00
 0.000E+00 0.000E+00 0.000E+00 0.000E+00 0.000E+00 0.000E+00 0.000E+00 0.000E+00
 0.000E+00 0.000E+00 0.000E+00 0.000E+00 0.000E+00 0.000E+00 0.000E+00 0.000E+00
 0.000E+00 0.000E+00 0.000E+00 0.000E+00 0.000E+00 0.000E+00 0.000E+00 0.000E+00
 0.000E+00 0.000E+00 0.000E+00 0.000E+00 0.000E+00 0.000E+00 0.000E+00 0.000E+00
 0.000E+00 0.000E+00 0.000E+00 0.000E+00 0.000E+00 0.000E+00 0.000E+00 0.000E+00
 0.000E+00 0.000E+00 0.000E+00 0.000E+00 0.000E+00 0.000E+00 0.000E+00 0.000E+00
 0.000E+00 0.000E+00 0.000E+00 0.000E+00 0.000E+00 0.000E+00 0.000E+00 0.000E+00
 0.000E+00 0.000E+00 0.000E+00 0.000E+00 0.000E+00 0.000E+00 3.253E-16 2.292E-15
 4.560E-15 6.552E-15 8.091E-15 7.530E-15
                                   Total (all groups):  2.935E-14 neutrons/sec-cm**3   .
                               Average Neutron Energy:  2.046E-01 MeV.


 Neutron spectrum from th232  alphas on  c 13  via the   0.00-MeV product level
 0.000E+00 0.000E+00 0.000E+00 0.000E+00 0.000E+00 0.000E+00 0.000E+00 0.000E+00
 0.000E+00 0.000E+00 0.000E+00 0.000E+00 0.000E+00 0.000E+00 0.000E+00 0.000E+00
 0.000E+00 0.000E+00 0.000E+00 0.000E+00 0.000E+00 0.000E+00 0.000E+00 0.000E+00
 0.000E+00 0.000E+00 0.000E+00 0.000E+00 0.000E+00 0.000E+00 0.000E+00 0.000E+00
 0.000E+00 0.000E+00 0.000E+00 0.000E+00 0.000E+00 0.000E+00 0.000E+00 1.577E-17
 4.665E-17 6.673E-17 1.661E-16 2.429E-16 4.272E-16 1.272E-15 2.478E-15 3.196E-15
 3.722E-15 4.074E-15 4.390E-15 4.963E-15 5.383E-15 5.748E-15 6.324E-15 7.123E-15
 7.979E-15 8.582E-15 9.026E-15 9.215E-15 9.282E-15 9.279E-15 9.161E-15 8.526E-15
 6.683E-15 5.680E-15 5.035E-15 4.182E-15 3.378E-15 1.954E-15 7.557E-16 2.552E-16
 1.261E-16 7.114E-17 2.777E-17 6.082E-18 1.296E-19 0.000E+00 0.000E+00 0.000E+00
 0.000E+00 0.000E+00 0.000E+00 0.000E+00 0.000E+00 0.000E+00 0.000E+00 0.000E+00
 0.000E+00 0.000E+00 0.000E+00 0.000E+00 0.000E+00 0.000E+00 0.000E+00 0.000E+00
 0.000E+00 0.000E+00 0.000E+00 0.000E+00
                                   Total (all groups):  1.488E-13 neutrons/sec-cm**3   .
                               Average Neutron Energy:  4.156E+00 MeV.
 

--------------------------------------------------------------------------------
 
