#DataThief D:\Users\kcm\Downloads\Fig6BR.png Thursday 10-Oct-2024 2:51:45 PM
0.0477, 65.9513
0.048, 63.8742
0.048, 61.8638
0.048, 59.9167
0.048, 58.0309
0.048, 56.2044
0.0483, 54.4343
0.0483, 52.721
0.0487, 51.0607
0.0487, 49.4536
0.0487, 47.897
0.049, 46.3886
0.049, 44.9285
0.049, 43.5145
0.0493, 42.144
0.0493, 40.8176
0.0493, 39.5329
0.0493, 38.2886
0.0497, 37.0828
0.0497, 35.9156
0.0497, 34.7852
0.05, 33.6897
0.05, 32.6293
0.05, 31.6023
0.0503, 30.6071
0.0503, 29.6437
0.0503, 28.7107
0.0503, 27.8071
0.0507, 26.9313
0.0507, 26.0836
0.0507, 25.2627
0.0507, 24.4676
0.051, 23.697
0.051, 22.9512
0.051, 22.2288
0.051, 21.5292
0.0514, 20.8511
0.0514, 20.1949
0.0514, 19.5592
0.0514, 18.9436
0.0517, 18.347
0.0517, 17.7696
0.0517, 17.2103
0.0517, 16.6686
0.0521, 16.1436
0.0521, 15.6355
0.0521, 15.1434
0.0521, 14.6667
0.0524, 14.2049
0.0524, 13.7578
0.0524, 13.3248
0.0524, 12.9054
0.0524, 12.4992
0.0528, 12.1055
0.0528, 11.7245
0.0528, 11.3555
0.0528, 10.9981
0.0528, 10.6519
0.0531, 10.3165
0.0531, 9.9918
0.0531, 9.6773
0.0531, 9.3727
0.0535, 9.0775
0.0535, 8.7917
0.0535, 8.5151
0.0535, 8.2471
0.0535, 7.9875
0.0539, 7.736
0.0539, 7.4925
0.0539, 7.2567
0.0539, 7.0283
0.0539, 6.807
0.0542, 6.5927
0.0542, 6.3852
0.0542, 6.1842
0.0542, 5.9896
0.0542, 5.801
0.0546, 5.6183
0.0546, 5.4415
0.0546, 5.2702
0.0546, 5.1044
0.0546, 4.9437
0.055, 4.788
0.055, 4.6373
0.055, 4.4914
0.055, 4.35
0.055, 4.2131
0.055, 4.0805
0.055, 3.952
0.055, 3.8277
0.0553, 3.7071
0.0553, 3.5904
0.0553, 3.4774
0.0553, 3.3679
0.0553, 3.262
0.0553, 3.1593
0.0557, 3.0598
0.0557, 2.9635
0.0557, 2.8702
0.0557, 2.7799
0.0561, 2.6923
0.0561, 2.6076
0.0561, 2.5255
0.0561, 2.446
0.0565, 2.369
0.0565, 2.2944
0.0565, 2.2222
0.0565, 2.1522
0.0565, 2.0845
0.0565, 2.0189
0.0565, 1.9554
0.0565, 1.8938
0.0565, 1.8342
0.0565, 1.7765
0.0569, 1.7206
0.0569, 1.6663
0.0569, 1.6139
0.0569, 1.5632
0.0569, 1.514
0.0569, 1.4663
0.0569, 1.4202
0.0573, 1.3754
0.0573, 1.3321
0.0573, 1.2902
0.0573, 1.2496
0.0573, 1.2103
0.0573, 1.1722
0.0573, 1.1353
0.0576, 1.0995
0.0576, 1.0649
0.0576, 1.0314
0.0576, 0.9989
0.0576, 0.9675
0.0576, 0.937
0.0576, 0.9076
0.058, 0.879
0.058, 0.8513
0.058, 0.8245
0.058, 0.7986
0.058, 0.7734
0.058, 0.749
0.058, 0.7255
0.0584, 0.7027
0.0584, 0.6804
0.0584, 0.6591
0.0584, 0.6383
0.0584, 0.6183
0.0584, 0.5988
0.0584, 0.58
0.0588, 0.5617
0.0588, 0.544
0.0588, 0.5269
0.0588, 0.5103
0.0588, 0.4943
0.0588, 0.4787
0.0588, 0.4636
0.0588, 0.449
0.0592, 0.4349
0.0592, 0.4212
0.0592, 0.408
0.0592, 0.3951
0.0592, 0.3827
0.0592, 0.3706
0.0592, 0.359
0.0592, 0.3477
0.0596, 0.3367
0.0596, 0.3261
0.0596, 0.3159
0.0596, 0.3059
0.0596, 0.2963
0.0596, 0.287
0.0596, 0.2779
0.0596, 0.2692
0.06, 0.2607
0.06, 0.2525
0.06, 0.2446
0.06, 0.2368
0.06, 0.2294
0.06, 0.2222
0.06, 0.2152
0.06, 0.2084
0.0604, 0.2019
0.0604, 0.1955
0.0604, 0.1893
0.0604, 0.1834
0.0604, 0.1776
0.0604, 0.172
0.0604, 0.1666
0.0604, 0.1614
0.0604, 0.1562
0.0608, 0.1514
0.0608, 0.1466
0.0608, 0.142
0.0608, 0.1375
0.0608, 0.1332
0.0608, 0.129
0.0608, 0.1249
0.0608, 0.121
0.0613, 0.1172
0.0613, 0.1135
0.0613, 0.1099
0.0613, 0.1065
0.0613, 0.1031
0.0613, 0.0999
0.0613, 0.0967
0.0613, 0.0937
0.0613, 0.0907
0.0617, 0.0879
0.0617, 0.0851
0.0617, 0.0824
0.0617, 0.0798
0.0617, 0.0773
0.0617, 0.0749
0.0617, 0.0725
0.0617, 0.0703
0.0621, 0.068
0.0621, 0.0659
0.0621, 0.0638
0.0621, 0.0618
0.0621, 0.0599
0.0621, 0.058
0.0621, 0.0562
0.0621, 0.0544
0.0621, 0.0527
0.0621, 0.051
0.0625, 0.0493
0.0625, 0.0479
0.0625, 0.0464
0.0625, 0.0449
0.0625, 0.0435
0.0625, 0.0421
0.0625, 0.0408
0.0625, 0.0395
0.0625, 0.0383
0.0629, 0.0371
0.0629, 0.0359
0.0629, 0.0348
0.0629, 0.0337
0.0629, 0.0326
0.0629, 0.0316
0.0629, 0.0306
0.0629, 0.0296
0.0629, 0.0287
0.0629, 0.0278
0.0634, 0.0269
0.0634, 0.0261
0.0634, 0.0252
0.0634, 0.0245
0.0634, 0.0237
0.0634, 0.0229
0.0634, 0.0222
0.0634, 0.0215
0.0634, 0.0208
0.0634, 0.0202
0.0638, 0.0195
0.0638, 0.0189
0.0638, 0.0183
0.0638, 0.0178
0.0638, 0.0172
0.0638, 0.0167
0.0638, 0.0161
0.0638, 0.0156
0.0638, 0.0151
0.0638, 0.0147
0.0642, 0.0142
0.0642, 0.0137
0.0642, 0.0133
0.0642, 0.0129
0.0642, 0.0125
0.0642, 0.0121
0.0642, 0.0117
0.0642, 0.0113
0.0642, 0.011
0.0642, 0.0106
0.0642, 0.0103
0.0642, 9.9863e-3
0.0647, 9.6718e-3
0.0647, 9.3674e-3
0.0647, 9.0725e-3
0.0647, 8.787e-3
0.0647, 8.5104e-3
0.0647, 8.2426e-3
0.0647, 7.9831e-3
0.0647, 7.7319e-3
0.0647, 7.4885e-3
0.0651, 7.2527e-3
0.0651, 7.0244e-3
0.0651, 6.8033e-3
0.0651, 6.5892e-3
0.0651, 6.3818e-3
0.0651, 6.1809e-3
0.0651, 5.9864e-3
0.0651, 5.798e-3
0.0651, 5.6155e-3
0.0651, 5.4387e-3
0.0656, 5.2675e-3
0.0656, 5.1017e-3
0.0656, 4.9411e-3
0.0656, 4.7856e-3
0.0656, 4.635e-3
0.0656, 4.4891e-3
0.0656, 4.3478e-3
0.0656, 4.2109e-3
0.0656, 4.0784e-3
0.0656, 3.95e-3
0.0656, 3.8257e-3
0.066, 3.7052e-3
0.066, 3.5886e-3
0.066, 3.4757e-3
0.066, 3.3663e-3
0.066, 3.2603e-3
0.066, 3.1577e-3
0.066, 3.0583e-3
0.066, 2.9621e-3
0.066, 2.8688e-3
0.066, 2.7785e-3
0.066, 2.6911e-3
0.066, 2.6064e-3
0.0664, 2.5243e-3
0.0664, 2.4448e-3
0.0664, 2.3679e-3
0.0664, 2.2934e-3
0.0664, 2.2212e-3
0.0664, 2.1513e-3
0.0664, 2.0836e-3
0.0664, 2.018e-3
0.0664, 1.9545e-3
0.0664, 1.893e-3
0.0664, 1.8334e-3
0.0669, 1.7756e-3
0.0669, 1.7197e-3
0.0669, 1.6656e-3
0.0669, 1.6132e-3
0.0669, 1.5624e-3
0.0669, 1.5132e-3
0.0669, 1.4656e-3
0.0669, 1.4195e-3
0.0669, 1.3748e-3
0.0669, 1.3315e-3
0.0669, 1.2896e-3
0.0669, 1.249e-3
0.0673, 1.2097e-3
0.0673, 1.1716e-3
0.0673, 1.1348e-3
0.0673, 1.099e-3
0.0673, 1.0644e-3
0.0673, 1.0309e-3
0.0673, 9.9849e-4
0.0673, 9.6707e-4
0.0673, 9.3663e-4
0.0673, 9.0715e-4
0.0673, 8.786e-4
0.0673, 8.5094e-4
0.0678, 8.2414e-4
0.0678, 7.982e-4
0.0678, 7.7308e-4
0.0678, 7.4875e-4
0.0678, 7.2518e-4
0.0678, 7.0236e-4
0.0678, 6.8025e-4
0.0678, 6.5884e-4
0.0678, 6.381e-4
0.0678, 6.1802e-4
0.0678, 5.9857e-4
0.0678, 5.7973e-4
0.0678, 5.6148e-4
0.0683, 5.438e-4
0.0683, 5.2668e-4
0.0683, 5.1011e-4
0.0683, 4.9405e-4
0.0683, 4.785e-4
0.0683, 4.6344e-4
0.0683, 4.4885e-4
0.0683, 4.3473e-4
0.0683, 4.2104e-4
0.0683, 4.0779e-4
0.0683, 3.9496e-4
0.0683, 3.8253e-4
0.0687, 3.7048e-4
0.0687, 3.5882e-4
0.0687, 3.4752e-4
0.0687, 3.3659e-4
0.0687, 3.2599e-4
0.0687, 3.1573e-4
0.0687, 3.0579e-4
0.0687, 2.9617e-4
0.0687, 2.8685e-4
0.0687, 2.7782e-4
0.0687, 2.6908e-4
0.0687, 2.6061e-4
0.0692, 2.524e-4
0.0692, 2.4446e-4
0.0692, 2.3676e-4
0.0692, 2.2931e-4
0.0692, 2.2209e-4
0.0692, 2.151e-4
0.0692, 2.0833e-4
0.0692, 2.0177e-4
0.0692, 1.9542e-4
0.0692, 1.8927e-4
0.0692, 1.8332e-4
0.0692, 1.7755e-4
0.0692, 1.7196e-4
0.0692, 1.6655e-4
0.0697, 1.613e-4
0.0697, 1.5622e-4
0.0697, 1.5131e-4
0.0697, 1.4654e-4
0.0697, 1.4193e-4
0.0697, 1.3746e-4
0.0697, 1.3314e-4
0.0697, 1.2895e-4
0.0697, 1.2489e-4
0.0697, 1.2096e-4
0.0697, 1.1715e-4
0.0697, 1.1346e-4
0.0701, 1.0989e-4
0.0701, 1.0643e-4
0.0401, 195.7323
0.1457, 0.4003
0.1797, 4.1987e-3
0.1975, 5.7794e-4
0.2186, 1.3922e-4
0.2837, 1.8551e-3
0.3182, 4.9978e-4
1.1165, 1.2389e-3
1.354, 1.4529e-3
1.4785, 2.3095e-3
1.62, 1.0215e-3
2.039, 0.0143
2.3663, 0.0466
7.838, 0.0157
9.2514, 0.0159
10.0, 0.0257
10.8092, 0.0121
13.242, 0.164
14.1212, 0.0428
15.0079, 0.4636
16.0043, 8.6479e-3
0.3394, 228.2558
0.4158, 247.1091
0.4617, 374.3798
0.5059, 188.1856
0.6542, 2673.2574
0.7415, 708.7523
0.829, 9150.9281
0.927, 155.057
2.5838, 1756.9428
3.1018, 1995.6455
3.3985, 2975.6348
3.7362, 1337.329
4.6551, 19305.6261
5.0489, 5119.0913
5.4575, 64020.2302
5.9391, 1067.6602
17.9553, 22206.8049
21.05, 23662.6762
22.6764, 34724.573
24.3463, 16114.4031
