#DataThief D:\Users\kcm\Documents\GitHub\n-elec-scattering\data_files\SNOLAB\Fig6TR.png Friday 18-Oct-2024 11:04:17 AM
0.0396, 45.3065
0.0399, 46.4832
0.0399, 47.6904
0.0399, 48.9287
0.0399, 50.1995
0.0399, 51.503
0.0399, 52.8406
0.0399, 54.2129
0.0399, 55.6208
0.0399, 57.0652
0.0399, 58.5471
0.0399, 60.0676
0.0399, 61.6275
0.0399, 63.2279
0.0399, 64.8699
0.0399, 66.5545
0.0402, 66.5547
0.0404, 66.555
0.0407, 66.5552
0.041, 64.8708
0.041, 63.2288
0.041, 61.6284
0.041, 60.0684
0.041, 58.548
0.041, 57.066
0.041, 55.6216
0.041, 54.2137
0.0407, 52.8412
0.0407, 51.5037
0.0407, 50.2001
0.0407, 48.9294
0.0407, 47.6909
0.0407, 46.4837
0.0404, 45.307
0.0404, 44.1602
0.0402, 44.16
0.0402, 45.3068
0.0402, 46.4834
0.0402, 47.6905
0.0402, 48.929
0.0402, 50.1997
0.0402, 51.5032
0.0402, 52.8408
0.0402, 54.2131
0.0402, 55.621
0.0402, 57.0654
0.0402, 58.5473
0.0402, 60.0678
0.0402, 61.6277
0.0402, 63.2281
0.0402, 64.87
0.0404, 64.8704
0.0407, 64.8706
0.0407, 63.2286
0.0407, 61.6282
0.0407, 60.0682
0.0407, 58.5478
0.0407, 57.0658
0.0407, 55.6214
0.0407, 54.2135
0.0404, 52.841
0.0404, 51.5034
0.0404, 50.1999
0.0404, 48.9292
0.0404, 47.6907
0.0404, 46.4836
0.0402, 46.4834
0.0399, 47.6904
0.0396, 47.6902
0.0396, 48.9287
0.0396, 50.1993
0.0396, 51.503
0.0396, 52.8404
0.0396, 54.2127
0.0399, 55.6208
0.0399, 57.0652
0.0402, 58.5473
0.0404, 60.068
0.0404, 61.6279
0.0404, 63.2284
0.0407, 63.2286
0.041, 61.6284
0.0413, 61.6286
0.0416, 60.0689
0.0418, 58.5486
0.0421, 57.0669
0.0424, 55.6226
0.0427, 55.6228
0.043, 54.2151
0.0433, 54.2153
0.0436, 54.2155
0.0439, 54.2157
0.0442, 54.2159
0.0445, 54.2161
0.0448, 54.2163
0.0451, 52.8441
0.0454, 51.5068
0.0457, 51.507
0.046, 51.5072
0.0463, 51.5072
0.0466, 50.2038
0.0469, 50.204
0.0473, 50.2042
0.0476, 50.2043
0.0479, 50.2045
0.0482, 50.2046
0.0486, 48.9341
0.0489, 47.6957
0.0492, 47.6958
0.0496, 47.696
0.0499, 47.6962
0.0502, 47.6964
0.0506, 47.6966
0.0509, 46.4894
0.0513, 46.4896
0.0516, 46.4898
0.052, 45.3132
0.0523, 45.3134
0.0527, 44.1666
0.053, 44.1667
0.0534, 44.1669
0.0538, 43.0491
0.0541, 43.0493
0.0545, 43.0493
0.0549, 41.9599
0.0552, 41.9601
0.0556, 41.9602
0.056, 40.8982
0.0564, 39.8632
0.0567, 38.8542
0.0571, 38.8545
0.0575, 38.8546
0.0579, 38.8548
0.0583, 38.8549
0.0587, 38.8551
0.0591, 38.8552
0.0594, 38.8553
0.0599, 38.8555
0.0603, 38.8556
0.0607, 38.8558
0.0611, 38.8559
0.0616, 38.8561
0.062, 38.8561
0.0624, 38.8563
0.0628, 38.8565
0.0632, 38.8566
0.0637, 38.8568
0.0641, 38.8569
0.0645, 38.8571
0.065, 38.8572
0.0654, 38.8574
0.0659, 38.8575
0.0663, 38.8576
0.0668, 38.8578
0.0672, 38.8578
0.0677, 38.858
0.0681, 38.8582
0.0686, 38.8584
0.0691, 38.8585
0.0695, 38.8587
0.07, 38.8588
0.0705, 38.8589
0.071, 38.8591
0.0714, 38.8592
0.0719, 38.8594
0.0724, 38.8595
0.0729, 38.8597
0.0734, 38.8598
0.0739, 38.8599
0.0744, 38.8601
0.0749, 38.8601
0.0754, 38.8604
0.0759, 38.8605
0.0765, 38.8607
0.077, 38.8608
0.0775, 38.861
0.078, 38.8611
0.0786, 38.8612
0.0791, 38.8614
0.0796, 38.8615
0.0802, 38.8617
0.0807, 38.8618
0.0813, 38.862
0.0818, 38.862
0.0824, 38.8622
0.0829, 38.8624
0.0835, 38.8625
0.0841, 38.8627
0.0846, 38.8628
0.0852, 38.863
0.0858, 38.8631
0.0864, 38.8633
0.087, 38.8634
0.0876, 38.8636
0.0881, 38.8637
0.0887, 38.8638
0.0893, 38.8639
0.09, 38.8641
0.0906, 38.8643
0.0912, 38.8643
0.0918, 38.8646
0.0924, 38.8647
0.0931, 38.8649
0.0937, 38.865
0.0943, 38.8651
0.095, 38.8653
0.0956, 37.8817
0.0963, 36.9229
0.0969, 36.9231
0.0976, 36.9232
0.0982, 36.9234
0.0989, 36.9235
0.0996, 36.9236
0.1003, 36.9238
0.1009, 36.9239
0.1016, 36.924
0.1023, 36.9242
0.103, 36.9243
0.1037, 36.9245
0.1044, 36.9245
0.1051, 36.9247
0.1058, 36.9249
0.1066, 35.9904
0.1073, 35.0795
0.108, 35.0796
0.1087, 35.0798
0.1095, 35.0799
0.1102, 35.08
0.111, 34.1922
0.1117, 34.1923
0.1125, 34.1925
0.1133, 34.1926
0.114, 34.1927
0.1148, 33.3273
0.1156, 33.3275
0.1164, 33.3276
0.1172, 33.3277
0.1179, 33.3277
0.1188, 32.4844
0.1196, 32.4845
0.1204, 32.4846
0.1212, 32.4847
0.1219, 31.6625
0.1228, 31.6627
0.1237, 31.6627
0.1245, 31.6629
0.1254, 30.8616
0.1262, 30.8617
0.1271, 30.8618
0.1279, 30.862
0.1288, 30.862
0.1297, 30.8622
0.1306, 30.0811
0.1315, 29.3197
0.1324, 29.3199
0.1333, 29.32
0.1342, 29.3201
0.1351, 29.3202
0.136, 29.3204
0.1369, 28.5783
0.1378, 28.5784
0.1388, 28.5785
0.1397, 27.8552
0.1407, 27.1503
0.1416, 27.1504
0.1426, 27.1505
0.1436, 27.1506
0.1445, 27.1507
0.1455, 27.1508
0.1465, 26.4636
0.1475, 26.4637
0.1485, 26.4638
0.1495, 25.7941
0.1505, 25.1413
0.1516, 25.1414
0.1526, 25.1414
0.1536, 25.1415
0.1547, 25.1416
0.1557, 25.1417
0.1568, 24.5053
0.1578, 23.8852
0.1589, 23.8853
0.16, 23.8854
0.1611, 23.8855
0.1622, 23.281
0.1633, 23.2811
0.1644, 23.2812
0.1655, 23.2812
0.1666, 22.6921
0.1678, 22.6921
0.1689, 22.6922
0.17, 22.6923
0.1712, 22.6924
0.1724, 22.6925
0.1735, 22.6926
0.1747, 22.6926
0.1759, 22.6926
0.1771, 22.6928
0.1783, 22.6928
0.1795, 22.693
0.1807, 22.1187
0.182, 21.5589
0.1832, 21.5589
0.1844, 21.559
0.1857, 21.5591
0.187, 21.5592
0.1882, 21.5593
0.1895, 21.5593
0.1908, 21.5594
0.1921, 21.5594
0.1934, 21.5596
0.1947, 21.5596
0.196, 21.5596
0.1974, 21.5598
0.1987, 21.5598
0.2001, 21.56
0.2014, 21.5601
0.2028, 21.5601
0.2042, 21.5602
0.2056, 21.5603
0.207, 21.5604
0.2084, 21.5605
0.2098, 21.5605
0.2112, 21.5606
0.2127, 21.5607
0.2141, 21.5608
0.2156, 21.5609
0.217, 21.5609
0.2185, 21.561
0.22, 21.5611
0.2215, 21.5612
0.223, 21.5613
0.2245, 21.5613
0.226, 21.5614
0.2276, 21.5615
0.2291, 21.5615
0.2307, 21.5617
0.2322, 21.5617
0.2338, 21.5617
0.2354, 22.1219
0.237, 22.1219
0.2386, 22.1219
0.2402, 22.1221
0.2419, 22.1222
0.2435, 22.1223
0.2452, 22.1223
0.2468, 22.6968
0.2485, 22.697
0.2502, 22.6971
0.2519, 22.6972
0.2536, 22.6973
0.2554, 22.6974
0.257, 22.6974
0.2588, 22.6975
0.2606, 23.287
0.2624, 23.2871
0.2642, 23.2872
0.266, 23.2873
0.2678, 23.2873
0.2696, 23.2875
0.2713, 23.2876
0.2732, 23.8923
0.2751, 23.8925
0.277, 23.8925
0.2789, 23.8927
0.2808, 23.8928
0.2827, 23.8929
0.2846, 23.893
0.2865, 24.5135
0.2885, 24.5135
0.2905, 24.5137
0.2924, 24.5138
0.2944, 24.5139
0.2964, 24.514
0.2984, 25.1507
0.3005, 25.1508
0.3025, 25.1509
0.3046, 25.151
0.3066, 25.1511
0.3087, 25.1511
0.3108, 25.1512
0.3129, 25.8045
0.3151, 25.8046
0.3172, 25.8047
0.3194, 25.8048
0.3215, 25.8049
0.3237, 25.805
0.3259, 25.8051
0.3281, 26.4753
0.3304, 26.4754
0.3326, 26.4755
0.3349, 26.4756
0.3372, 26.4757
0.3395, 26.4758
0.3418, 26.4759
0.3441, 27.1636
0.3464, 27.1637
0.3488, 27.1638
0.3512, 27.1639
0.3535, 27.164
0.3559, 27.1641
0.3584, 27.8696
0.3608, 27.8697
0.3633, 27.8698
0.3657, 27.8699
0.3682, 27.87
0.3707, 27.87
0.3732, 27.8702
0.3758, 28.5941
0.3783, 28.5941
0.3809, 28.5943
0.3835, 28.5944
0.386, 28.5945
0.3887, 28.5946
0.3914, 29.3373
0.394, 29.3374
0.3967, 29.3375
0.3994, 29.3376
0.4021, 29.3378
0.4049, 29.3378
0.4076, 30.0999
0.4104, 30.1
0.4132, 30.1001
0.416, 30.1002
0.4188, 30.1003
0.4217, 30.1004
0.4245, 30.8822
0.4274, 30.8822
0.4303, 30.8824
0.4333, 30.8826
0.4362, 30.8827
0.4392, 30.8828
0.4422, 31.6848
0.4452, 31.685
0.4482, 31.6852
0.4512, 31.6853
0.4543, 31.6854
0.4574, 31.6855
0.4605, 31.6856
0.4636, 32.5086
0.4668, 32.5087
0.47, 32.5088
0.4732, 32.509
0.4764, 32.5091
0.4796, 32.5091
0.4828, 33.3536
0.4862, 33.3537
0.4895, 33.3538
0.4928, 33.3538
0.4962, 33.3541
0.4995, 33.3542
0.5029, 34.2205
0.5064, 34.2206
0.5098, 34.2207
0.5133, 34.2209
0.5168, 34.221
0.5203, 34.2211
0.5238, 34.2213
0.5274, 35.1101
0.531, 35.1102
0.5346, 35.1103
0.5382, 35.1105
0.5419, 35.1106
0.5455, 35.1107
0.5493, 36.0227
0.553, 36.0228
0.5568, 36.0229
0.5605, 36.0231
0.5643, 36.0232
0.5682, 36.0233
0.572, 36.0235
0.5758, 36.959
0.5798, 36.9593
0.5838, 36.9594
0.5878, 36.9595
0.5918, 36.9597
0.5958, 36.9598
0.5998, 37.9198
0.6038, 37.9199
0.608, 37.92
0.6122, 37.9202
0.6162, 37.9203
0.6205, 37.9205
0.6247, 37.9205
0.629, 38.9055
0.6333, 38.9057
0.6376, 38.9058
0.6419, 38.906
0.6463, 38.9061
0.6507, 39.9165
0.6551, 39.9167
0.6596, 39.9169
0.664, 39.9171
0.6686, 39.9172
0.6731, 39.9174
0.6777, 39.9175
0.6823, 40.9543
0.6869, 40.9544
0.6916, 40.9546
0.6963, 40.9546
0.701, 40.9548
0.7058, 40.955
0.7106, 40.9552
0.7154, 40.9553
0.7203, 40.9555
0.7252, 40.9557
0.7301, 40.9558
0.7351, 40.956
0.7401, 40.9561
0.745, 40.9563
0.7502, 40.9564
0.7553, 42.0202
0.7604, 42.0203
0.7656, 42.0205
0.7708, 42.0206
0.7761, 42.0208
0.7812, 42.021
0.7866, 42.0211
0.792, 42.0213
0.7974, 42.0214
0.8028, 42.0216
0.8083, 42.0217
0.8138, 42.0219
0.8193, 42.022
0.8249, 42.0222
0.8305, 42.0224
0.8361, 42.0225
0.8418, 42.0227
0.8475, 42.0228
0.8533, 42.023
0.8591, 42.0231
0.8649, 42.0233
0.8708, 42.0235
0.8767, 42.0236
0.8827, 42.0238
0.8887, 42.0239
0.8947, 42.0241
0.9008, 42.0242
0.9069, 42.0244
0.9131, 42.0245
0.9193, 42.0247
0.9256, 42.0249
0.9319, 42.025
0.9382, 42.0252
0.9445, 42.0253
0.951, 42.0255
0.9575, 42.0256
0.964, 42.0258
0.9705, 42.0259
0.9771, 42.0261
0.9838, 43.1177
0.9905, 43.1178
0.9971, 43.1179
1.004, 43.1181
1.0108, 43.1183
1.0177, 43.1184
1.0246, 43.1186
1.0316, 43.1188
1.0386, 43.1189
1.0456, 43.1191
1.0528, 43.1192
1.0599, 43.1194
1.0671, 43.1196
1.0744, 43.1197
1.0817, 43.1199
1.089, 43.12
1.0964, 43.1202
1.1039, 43.1204
1.1114, 43.1205
1.119, 43.1207
1.1266, 44.2407
1.1342, 44.2408
1.1419, 44.241
1.1497, 44.2412
1.1575, 44.2413
1.1654, 44.2415
1.1733, 44.2417
1.1813, 44.2418
1.1893, 44.242
1.1974, 44.2421
1.2056, 44.2423
1.2138, 44.2425
1.222, 44.2426
1.2303, 45.3918
1.2387, 45.3919
1.2471, 45.3921
1.2556, 45.3923
1.2641, 45.3924
1.2727, 45.3926
1.2814, 45.3928
1.2901, 45.3929
1.2989, 45.3931
1.3077, 45.3933
1.3166, 46.5723
1.3256, 46.5724
1.3346, 46.5726
1.3436, 46.5728
1.3528, 46.573
1.362, 46.5731
1.3712, 46.5733
1.3806, 47.783
1.39, 47.7831
1.3994, 47.7833
1.4089, 47.7835
1.4184, 47.7837
1.4282, 47.7839
1.4379, 47.784
1.4477, 49.0251
1.4575, 49.0253
1.4674, 49.0255
1.4774, 49.0257
1.4874, 49.0259
1.4975, 49.026
1.5077, 49.0262
1.518, 50.2995
1.5283, 50.2998
1.5387, 50.3
1.5492, 50.3001
1.5596, 50.3003
1.5703, 50.3005
1.581, 51.607
1.5918, 51.6072
1.6026, 51.6074
1.6135, 51.6076
1.6244, 51.6077
1.6355, 51.6078
1.6465, 52.9484
1.6578, 52.9485
1.6691, 52.9487
1.6804, 52.9489
1.6919, 52.9491
1.7034, 52.9493
1.7149, 54.3246
1.7266, 54.3248
1.7384, 54.325
1.7502, 54.3252
1.7621, 54.3254
1.7741, 54.3256
1.7861, 54.3258
1.7983, 55.7368
1.8105, 55.737
1.8228, 55.7372
1.8352, 55.7374
1.8477, 55.7376
1.8603, 55.7378
1.8729, 55.7381
1.8857, 57.1857
1.8984, 57.186
1.9114, 57.1862
1.9243, 57.1864
1.9375, 57.1865
1.9506, 57.1868
1.9639, 57.187
1.9773, 57.1872
1.9907, 58.6726
2.0043, 58.6728
2.0179, 58.673
2.0316, 58.6732
2.0454, 58.6734
2.0593, 58.6737
2.0733, 58.6739
2.0874, 58.6741
2.1016, 58.6743
2.1159, 58.6745
2.1303, 60.1985
2.1448, 60.1987
2.1594, 60.1989
2.1741, 60.1992
2.1889, 60.1994
2.2038, 60.1996
2.2187, 60.1998
2.2338, 60.2
2.249, 60.2003
2.2643, 60.2005
2.2797, 60.2006
2.2952, 60.2009
2.3108, 60.2012
2.3265, 60.2014
2.3423, 60.2016
2.3583, 61.7652
2.3743, 61.7654
2.3905, 61.7657
2.4067, 61.7659
2.4231, 61.7661
2.4396, 61.7664
2.4561, 61.7666
2.4727, 61.7668
2.4897, 61.7671
2.5066, 61.7673
2.5236, 61.7675
2.5408, 61.7678
2.5581, 61.768
2.5755, 61.7682
2.593, 61.7684
2.6106, 63.3728
2.6284, 63.373
2.6461, 63.3732
2.6642, 63.3735
2.6824, 63.3737
2.7006, 63.3739
2.7189, 63.3742
2.7374, 63.3744
2.7561, 63.3746
2.7748, 63.3749
2.7936, 63.3751
2.8127, 63.3753
2.8317, 63.3756
2.851, 63.3758
2.8704, 63.376
2.8899, 63.3763
2.9096, 63.3765
2.9294, 63.3768
2.9493, 63.377
2.9693, 63.3772
2.9895, 63.3775
3.0099, 63.3777
3.0303, 63.3779
3.0509, 63.3782
3.0717, 63.3784
3.0926, 63.3786
3.1136, 63.3789
3.1348, 63.3791
3.1561, 63.3793
3.1775, 63.3796
3.1991, 63.3798
3.2209, 63.38
3.2428, 63.3803
3.2648, 63.3805
3.287, 63.3808
3.3094, 63.381
3.3319, 63.3812
3.3545, 63.3815
3.3773, 63.3817
3.4003, 63.3819
3.4235, 65.0282
3.4466, 65.0284
3.4702, 65.0286
3.4938, 65.0289
3.5175, 65.0291
3.5413, 65.0294
3.5655, 65.0296
3.5897, 65.0298
3.6141, 65.0301
3.6387, 65.0303
3.6635, 65.0306
3.6884, 65.0308
3.7135, 65.031
3.7387, 65.0313
3.7641, 65.0315
3.7898, 66.7206
3.8155, 66.7208
3.8415, 66.721
3.8676, 66.7213
3.8939, 66.7216
3.9203, 66.7218
3.947, 66.7221
3.9739, 66.7223
4.0009, 68.4553
4.0281, 68.4556
4.0555, 68.4558
4.0831, 68.4561
4.1109, 68.4563
4.1388, 68.4566
4.167, 68.4567
4.1953, 68.4571
4.2239, 70.2351
4.2526, 70.2354
4.2814, 70.2357
4.3106, 70.2359
4.3399, 70.2362
4.3695, 72.0604
4.3992, 72.0607
4.4291, 72.061
4.4592, 72.0612
4.4895, 72.0615
4.52, 72.0618
4.5508, 72.062
4.5817, 72.0623
4.6129, 72.0626
4.6442, 72.0628
4.6758, 72.0631
4.7076, 72.0634
4.7396, 72.0636
4.7718, 72.0639
4.8043, 72.0642
4.837, 72.0644
4.8698, 72.0647
4.903, 72.065
4.9363, 72.0652
4.9699, 72.0655
5.0036, 72.0658
5.0377, 72.066
5.0719, 72.0663
5.1064, 72.0666
5.1411, 72.0669
5.1761, 72.0671
5.2113, 72.0674
5.2468, 73.9392
5.2824, 73.9395
5.3184, 73.9397
5.3545, 73.94
5.3909, 73.9403
5.4276, 73.9405
5.4645, 73.9407
5.5016, 73.9411
5.539, 73.9414
5.5767, 73.9417
5.6146, 73.9419
5.6528, 73.9422
5.6912, 73.9425
5.73, 75.863
5.7689, 75.8633
5.8082, 75.8636
5.8477, 75.8639
5.8875, 77.8343
5.9275, 77.8346
5.9678, 77.8349
6.0084, 77.8351
6.0492, 77.8354
6.0904, 77.8357
6.1318, 77.8359
6.1735, 77.8363
6.2155, 77.8366
6.2577, 77.8369
6.3003, 77.8372
6.3431, 77.8374
6.3862, 77.8377
6.4297, 77.838
6.4734, 77.8383
6.5173, 77.8386
6.5617, 77.8389
6.6063, 77.8392
6.6512, 77.8395
6.6965, 77.8397
6.742, 77.8399
6.7877, 77.8403
6.834, 77.8406
6.8805, 79.8624
6.9273, 79.8627
6.9744, 79.863
7.0218, 79.8633
7.0695, 79.8636
7.1176, 79.8639
7.166, 79.8641
7.2147, 79.8645
7.2638, 79.8648
7.3132, 79.8651
7.3629, 79.8654
7.4131, 81.9397
7.4635, 81.94
7.5143, 84.0682
7.5655, 86.2518
7.617, 88.492
7.6688, 90.7904
7.721, 90.7907
7.7734, 90.7911
7.8263, 90.7913
7.8796, 90.7917
7.9331, 90.7921
7.987, 90.7924
8.0414, 90.7928
8.0961, 90.7931
8.1511, 90.7934
8.2065, 90.7938
8.2623, 90.7941
8.3185, 90.7944
8.3751, 90.7948
8.432, 90.7951
8.4893, 90.7953
8.5471, 90.7957
8.6052, 90.7961
8.6637, 90.7965
8.7226, 90.7968
8.7819, 90.7971
8.8416, 90.7974
8.9017, 90.7978
8.9622, 90.7981
9.0232, 90.7985
9.0845, 90.7988
9.1463, 90.7992
9.2085, 90.7995
9.2711, 90.7997
9.3341, 90.8002
9.3976, 90.8005
9.4615, 90.8008
9.5258, 90.8012
9.5906, 90.8014
9.6558, 90.8018
9.7215, 90.8022
9.7875, 90.8025
9.854, 90.8029
9.9211, 90.8032
9.9886, 90.8035
10.0565, 90.8039
10.1249, 90.8042
10.1937, 90.8045
10.263, 90.8049
10.3328, 90.8052
10.4031, 90.8056
10.4738, 90.8058
10.545, 90.8062
10.6167, 90.8066
10.6888, 90.8069
10.7616, 90.8072
10.8347, 90.8075
10.9083, 90.8079
10.9827, 93.1665
11.0574, 93.1668
11.1325, 93.1672
11.2082, 93.1675
11.2845, 93.1679
11.3612, 93.1682
11.4384, 93.1685
11.5162, 93.1689
11.5945, 93.1692
11.6733, 93.1696
11.7527, 93.1699
11.8326, 93.1703
11.9131, 93.1706
11.9941, 93.171
12.0756, 93.1713
12.1577, 93.1717
12.2404, 93.172
12.3235, 93.1724
12.4074, 93.1727
12.4918, 93.173
12.5767, 93.1734
12.6622, 93.1737
12.7483, 93.1741
12.835, 93.1743
12.9223, 93.1748
13.0101, 93.1751
13.0986, 93.1755
13.1876, 93.1758
13.2772, 93.1762
13.3676, 93.1764
13.4585, 93.1768
13.55, 93.1772
13.6421, 93.1775
13.7349, 93.1779
13.8283, 93.1782
13.9223, 93.1786
14.017, 93.1789
14.1123, 93.1793
14.2082, 93.1796
14.3048, 93.18
14.4021, 93.1803
14.5, 93.1806
14.5986, 93.181
14.6979, 93.1813
14.7978, 93.1817
14.8984, 93.182
14.9997, 93.1824
15.1017, 93.1827
15.2044, 93.1831
15.3078, 93.1834
15.4118, 93.1838
15.5166, 93.1841
15.6221, 93.1844
15.7283, 93.1848
15.8353, 93.1851
15.943, 93.1855
16.0514, 93.1858
16.1605, 93.1862
16.2704, 93.1865
16.381, 93.1869
16.4924, 93.1872
16.6045, 93.1876
16.7174, 93.1879
16.8311, 93.1882
16.9455, 93.1886
17.0607, 93.1889
17.1767, 93.1893
17.2934, 93.1896
17.4111, 93.19
17.5295, 93.1903
17.6487, 93.1907
17.7687, 93.191
17.8895, 93.1914
18.0111, 93.1917
18.1336, 93.1921
18.2569, 93.1924
18.381, 93.1927
18.506, 93.1931
18.6318, 93.1934
18.7585, 93.1938
18.886, 93.1941
19.0145, 93.1945
19.1438, 93.1948
19.2739, 93.1952
19.405, 93.1955
19.5369, 93.1959
19.6698, 93.1962
19.8035, 93.1965
19.9382, 93.1969
20.0737, 93.1972
20.2102, 93.1976
20.3476, 93.1979
20.486, 93.1983
20.6253, 93.1985
20.7654, 93.199
20.9066, 93.1993
21.0488, 93.1997
21.192, 93.2
21.336, 93.2003
21.4811, 93.2006
21.6272, 93.201
21.7742, 93.2014
21.9223, 93.2017
22.0713, 93.2021
22.2214, 93.2024
22.3725, 93.2028
22.5246, 93.2031
22.6778, 93.2035
22.8319, 93.2038
22.9872, 93.2042
23.1435, 93.2045
23.3009, 93.2048
23.4593, 93.2052
23.6188, 93.2055
23.7793, 93.2059
23.9411, 93.2062
24.1038, 93.2066
24.2677, 93.2069
24.4327, 93.2073
24.5989, 93.2076
24.7661, 93.208
24.9348, 95.6289
25.1043, 95.6292
