#DataThief D:\Users\kcm\Documents\GitHub\n-elec-scattering\data_files\SNOLAB\Fig6TR.png Friday 18-Oct-2024 11:03:04 AM
0.0399, 13.5783
0.0399, 13.931
0.0399, 14.2927
0.0399, 14.6639
0.0399, 15.0447
0.0399, 15.4354
0.0399, 15.8363
0.0399, 16.2475
0.0399, 16.6695
0.0399, 17.1024
0.0399, 17.5465
0.0399, 18.0022
0.0399, 18.4697
0.0399, 18.9493
0.0399, 19.4414
0.0399, 19.9463
0.0399, 20.4643
0.0399, 20.9957
0.0399, 21.541
0.0399, 22.1004
0.0399, 22.6743
0.0399, 23.2631
0.0399, 23.8673
0.0399, 24.487
0.0399, 25.123
0.0402, 25.7755
0.0404, 25.7755
0.0404, 25.1232
0.0402, 25.1231
0.0404, 24.4873
0.0407, 24.4874
0.041, 23.8676
0.041, 23.2635
0.041, 22.6745
0.041, 22.1007
0.041, 21.5413
0.041, 20.996
0.0413, 20.4647
0.0415, 20.4647
0.0418, 19.9468
0.0421, 19.442
0.0424, 18.9499
0.0427, 18.95
0.043, 18.9501
0.0433, 18.9501
0.0436, 18.9502
0.0438, 18.9503
0.0441, 18.9504
0.0444, 18.9504
0.0447, 18.9505
0.0451, 18.9506
0.0454, 18.9506
0.0457, 18.9506
0.046, 18.9508
0.0463, 18.9508
0.0466, 18.9508
0.0469, 18.951
0.0472, 18.951
0.0476, 18.951
0.0479, 18.9512
0.0482, 18.9513
0.0485, 18.9513
0.0489, 18.9514
0.0492, 18.9515
0.0495, 18.9516
0.0499, 18.9516
0.0502, 18.9517
0.0506, 18.9518
0.0509, 18.9518
0.0512, 18.9519
0.0516, 18.952
0.0519, 18.952
0.0523, 18.9521
0.0527, 18.9522
0.053, 18.9523
0.0534, 18.9523
0.0537, 18.9524
0.0541, 18.9525
0.0545, 18.9525
0.0548, 18.9526
0.0552, 18.9527
0.0556, 18.9527
0.056, 18.9527
0.0563, 18.9529
0.0567, 18.9529
0.0571, 18.9529
0.0575, 18.9531
0.0579, 18.9532
0.0583, 18.9532
0.0587, 18.9533
0.0591, 18.9534
0.0594, 18.9535
0.0599, 19.4457
0.0603, 19.4458
0.0607, 19.4459
0.0611, 19.4459
0.0615, 19.446
0.062, 19.4461
0.0624, 19.4462
0.0628, 19.4462
0.0632, 19.4463
0.0637, 19.4464
0.0641, 19.4465
0.0645, 19.4465
0.065, 19.4466
0.0654, 19.4466
0.0658, 19.4466
0.0663, 19.4468
0.0667, 19.4469
0.0672, 19.447
0.0677, 19.9521
0.0681, 19.9521
0.0686, 19.9522
0.069, 19.9523
0.0695, 19.9524
0.07, 19.9524
0.0705, 19.9525
0.0709, 19.9526
0.0714, 19.9526
0.0719, 19.9527
0.0724, 19.9527
0.0729, 19.9529
0.0734, 19.9529
0.0739, 19.9529
0.0744, 19.9531
0.0749, 19.9532
0.0754, 19.9532
0.0759, 19.9533
0.0764, 19.9534
0.077, 19.9535
0.0775, 19.9535
0.078, 19.9536
0.0785, 19.9537
0.0791, 19.9538
0.0796, 20.472
0.0801, 20.4721
0.0807, 20.4722
0.0812, 20.4722
0.0818, 20.4723
0.0823, 20.4724
0.0829, 20.4725
0.0835, 20.4726
0.084, 20.4726
0.0846, 20.4727
0.0852, 20.4727
0.0858, 20.4729
0.0864, 20.4729
0.0869, 20.4729
0.0875, 20.4731
0.0881, 20.4732
0.0887, 20.4732
0.0893, 20.4733
0.0899, 20.4734
0.0905, 20.4735
0.0912, 20.4735
0.0918, 20.4736
0.0924, 20.4737
0.093, 20.4738
0.0937, 20.4738
0.0943, 20.4739
0.0949, 20.474
0.0956, 20.4741
0.0962, 20.4741
0.0969, 20.4742
0.0976, 20.4743
0.0982, 20.4744
0.0989, 20.4745
0.0996, 20.4745
0.1002, 20.4746
0.1009, 20.4747
0.1016, 20.4748
0.1023, 20.4748
0.103, 20.4748
0.1037, 20.475
0.1044, 20.4751
0.1051, 20.4751
0.1058, 20.4752
0.1065, 20.4753
0.1073, 20.4754
0.108, 20.4754
0.1087, 20.4755
0.1095, 20.4756
0.1102, 20.4757
0.111, 20.4757
0.1117, 20.4758
0.1125, 20.4759
0.1132, 20.476
0.114, 20.476
0.1148, 20.4761
0.1156, 20.4762
0.1163, 20.4763
0.1171, 20.4763
0.1179, 20.4764
0.1187, 20.4765
0.1195, 20.4766
0.1204, 20.4767
0.1212, 20.4767
0.1219, 20.4768
0.1228, 20.4769
0.1237, 20.4769
0.1245, 20.4769
0.1253, 20.4771
0.1262, 20.4772
0.1271, 20.4773
0.1279, 20.4773
0.1288, 20.4774
0.1297, 20.4775
0.1306, 20.4776
0.1314, 20.4776
0.1323, 20.4777
0.1332, 20.4778
0.1341, 20.4779
0.1351, 20.4779
0.136, 20.478
0.1369, 20.4781
0.1378, 20.4782
0.1388, 20.4782
0.1397, 20.4783
0.1407, 20.4784
0.1416, 20.4785
0.1426, 20.4786
0.1435, 20.4786
0.1445, 20.4787
0.1455, 20.4788
0.1465, 20.4788
0.1475, 20.4788
0.1485, 20.479
0.1495, 20.4791
0.1505, 20.4792
0.1515, 20.4792
0.1526, 20.4793
0.1536, 20.4794
0.1547, 20.4795
0.1557, 20.4795
0.1568, 20.4796
0.1578, 20.4797
0.1589, 20.4798
0.16, 20.4798
0.1611, 20.4799
0.1622, 20.48
0.1633, 20.4801
0.1644, 20.4801
0.1655, 20.4802
0.1666, 20.4803
0.1678, 20.4804
0.1689, 20.4805
0.17, 20.4805
0.1712, 20.4806
0.1724, 20.4807
0.1735, 20.4808
0.1747, 20.4808
0.1759, 20.4809
0.1771, 20.4809
0.1783, 20.4811
0.1795, 20.4811
0.1807, 20.4812
0.182, 20.4813
0.1832, 20.4814
0.1844, 20.4814
0.1857, 20.4815
0.187, 20.4816
0.1882, 20.4817
0.1895, 20.4817
0.1908, 20.4818
0.1921, 20.4819
0.1934, 20.482
0.1947, 20.482
0.196, 20.4821
0.1974, 20.4822
0.1987, 20.4823
0.2001, 20.4824
0.2014, 20.4824
0.2028, 20.4825
0.2042, 20.4826
0.2056, 20.4827
0.207, 20.4827
0.2084, 20.4828
0.2098, 20.4828
0.2112, 20.483
0.2127, 20.483
0.2141, 20.483
0.2156, 20.4832
0.217, 20.4833
0.2185, 20.4833
0.22, 20.4834
0.2215, 20.4835
0.223, 20.4836
0.2245, 20.4836
0.226, 20.4837
0.2276, 20.4838
0.2291, 21.0158
0.2307, 21.0159
0.2322, 21.016
0.2338, 21.0161
0.2354, 21.0161
0.237, 21.0162
0.2386, 21.0163
0.2402, 21.5621
0.2419, 21.5622
0.2435, 21.5623
0.2452, 21.5624
0.2468, 21.5625
0.2485, 21.5625
0.2502, 21.5626
0.2519, 21.5627
0.2536, 22.1228
0.2554, 22.1228
0.257, 22.1229
0.2588, 22.123
0.2606, 22.1231
0.2624, 22.1232
0.2642, 22.1233
0.266, 22.6979
0.2678, 22.6979
0.2696, 22.698
0.2713, 22.6981
0.2732, 22.6982
0.2751, 22.6983
0.277, 22.6984
0.2789, 23.2879
0.2808, 23.288
0.2827, 23.2881
0.2846, 23.2882
0.2865, 23.2883
0.2885, 23.2883
0.2904, 23.2884
0.2924, 23.8933
0.2944, 23.8934
0.2964, 23.8935
0.2984, 23.8936
0.3005, 23.8937
0.3025, 23.8937
0.3046, 23.8938
0.3066, 24.5144
0.3087, 24.5145
0.3108, 24.5146
0.3129, 24.5147
0.3151, 24.5148
0.3172, 24.5149
0.3194, 24.515
0.3215, 25.1517
0.3237, 25.1518
0.3259, 25.1519
0.3281, 25.152
0.3304, 25.1521
0.3326, 25.1522
0.3349, 25.1522
0.3372, 25.8056
0.3394, 25.8056
0.3418, 25.8056
0.3441, 25.8058
0.3464, 25.8058
0.3488, 25.806
0.3511, 25.8061
0.3535, 26.4764
0.3559, 26.4765
0.3584, 26.4766
0.3608, 26.4767
0.3632, 26.4768
0.3657, 26.4769
0.3682, 27.1646
0.3707, 27.1647
0.3732, 27.1648
0.3758, 27.1649
0.3783, 27.165
0.3809, 27.1651
0.3835, 27.8706
0.386, 27.8707
0.3887, 27.8708
0.3914, 27.8709
0.394, 27.871
0.3967, 27.8712
0.3994, 28.5951
0.4021, 28.5952
0.4049, 28.5953
0.4076, 28.5954
0.4104, 28.5955
0.4132, 28.5956
0.416, 29.3383
0.4188, 29.3384
0.4217, 29.3385
0.4245, 29.3386
0.4274, 29.3387
0.4303, 29.3388
0.4333, 29.339
0.4362, 30.101
0.4392, 30.1011
0.4422, 30.1012
0.4452, 30.1013
0.4482, 30.1014
0.4512, 30.1015
0.4543, 30.8834
0.4574, 30.8835
0.4605, 30.8836
0.4636, 30.8837
0.4668, 30.8838
0.47, 30.8839
0.4732, 31.6861
0.4764, 31.6862
0.4796, 31.6863
0.4828, 31.6864
0.4862, 31.6865
0.4895, 31.6867
0.4928, 31.6867
0.4962, 32.5098
0.4995, 32.5099
0.5029, 32.51
0.5063, 32.5102
0.5098, 32.5103
0.5133, 32.5104
0.5167, 33.3548
0.5203, 33.3549
0.5238, 33.355
0.5274, 33.3552
0.5309, 33.3553
0.5346, 33.3554
0.5382, 33.3555
0.5419, 34.2219
0.5455, 34.222
0.5492, 34.2221
0.553, 34.2223
0.5567, 34.2224
0.5605, 34.2225
0.5643, 35.1114
0.5682, 35.1115
0.572, 35.1117
0.5758, 35.1118
0.5798, 35.1118
0.5838, 35.112
0.5878, 35.1122
0.5918, 36.0241
0.5958, 36.0243
0.5998, 36.0244
0.6038, 36.0245
0.608, 36.0247
0.6122, 36.0248
0.6162, 36.9605
0.6205, 36.9606
0.6247, 36.9607
0.629, 36.9609
0.6333, 37.9209
0.6376, 37.921
0.6419, 37.9212
0.6463, 37.9213
0.6507, 37.9215
0.6551, 37.9216
0.6596, 38.9064
0.664, 38.9066
0.6686, 38.9068
0.6731, 38.907
0.6777, 38.9071
0.6823, 38.9073
0.6869, 38.9074
0.6916, 39.9179
0.6963, 39.9181
0.701, 39.9182
0.7058, 39.9184
0.7106, 39.9184
0.7154, 39.9186
0.7203, 39.9188
0.7252, 39.919
0.7301, 39.9191
0.7351, 39.9193
0.7401, 39.9194
0.745, 39.9196
0.7502, 39.9197
0.7553, 40.9566
0.7604, 40.9567
0.7656, 40.9569
0.7708, 40.9569
0.776, 40.9572
0.7812, 40.9573
0.7866, 40.9575
0.792, 40.9576
0.7974, 40.9578
0.8028, 40.9579
0.8082, 40.9581
0.8136, 40.9582
0.8193, 40.9584
0.8248, 40.9585
0.8305, 40.9586
0.8361, 40.9588
0.8418, 40.959
0.8475, 40.959
0.8533, 40.9593
0.8591, 40.9595
0.8649, 40.9596
0.8708, 40.9598
0.8767, 40.9599
0.8827, 40.9601
0.8887, 40.9602
0.8947, 40.9604
0.9008, 40.9605
0.9069, 40.9607
0.9131, 40.9607
0.9193, 40.9609
0.9256, 40.9611
0.9318, 40.9613
0.9382, 40.9614
0.9445, 40.9616
0.951, 40.9617
0.9575, 40.9619
0.964, 40.962
0.9705, 40.9622
0.9771, 40.9623
0.9838, 42.0263
0.9905, 42.0264
0.9971, 42.0266
1.004, 42.0267
1.0108, 42.0269
1.0177, 42.027
1.0246, 42.0272
1.0316, 42.0273
1.0386, 42.0275
1.0456, 42.0277
1.0527, 42.0278
1.0599, 42.028
1.0671, 42.0281
1.0744, 42.0283
1.0817, 42.0284
1.089, 42.0286
1.0964, 42.0288
1.1039, 42.0289
1.1114, 42.0291
1.1189, 42.0292
1.1266, 43.1208
1.1342, 43.121
1.1419, 43.1212
1.1497, 43.1213
1.1575, 43.1215
1.1654, 43.1216
1.1733, 43.1218
1.1813, 43.1219
1.1893, 43.1221
1.1974, 43.1223
1.2056, 43.1224
1.2137, 43.1226
1.222, 43.1228
1.2303, 43.1229
1.2387, 44.2429
1.2471, 44.2431
1.2556, 44.2433
1.2641, 44.2435
1.2727, 44.2436
1.2814, 44.2438
1.2901, 44.2439
1.2989, 44.2441
1.3077, 44.2443
1.3166, 45.3934
1.3255, 45.3936
1.3346, 45.3938
1.3436, 45.3939
1.3528, 45.3941
1.362, 45.3942
1.3712, 45.3944
1.3806, 46.5735
1.39, 46.5737
1.3994, 46.5737
1.4089, 46.5739
1.4184, 46.5742
1.4281, 46.5743
1.4379, 46.5745
1.4476, 47.7842
1.4575, 47.7844
1.4674, 47.7846
1.4774, 47.7847
1.4874, 47.7849
1.4975, 47.7851
1.5077, 47.7852
1.518, 49.0264
1.5283, 49.0266
1.5387, 49.0268
1.5492, 49.0269
1.5596, 49.0271
1.5703, 49.0273
1.581, 49.0275
1.5917, 50.3009
1.6026, 50.3011
1.6135, 50.3013
1.6244, 50.3014
1.6355, 50.3016
1.6465, 50.3018
1.6578, 50.302
1.6691, 51.6085
1.6804, 51.6087
1.6919, 51.6089
1.7034, 51.6091
1.7149, 51.6093
1.7266, 51.6095
1.7384, 52.9499
1.7502, 52.9501
1.7621, 52.9503
1.7741, 52.9505
1.7861, 52.9506
1.7983, 52.9508
1.8105, 54.3262
1.8228, 54.3264
1.8352, 54.3266
1.8477, 54.3268
1.8603, 54.327
1.8729, 54.3272
1.8856, 54.3274
1.8984, 55.7385
1.9114, 55.7387
1.9243, 55.7389
1.9375, 55.7391
1.9506, 55.7393
1.9639, 55.7395
1.9773, 55.7397
1.9907, 55.7399
2.0042, 55.7401
2.0179, 57.1879
2.0316, 57.1881
2.0454, 57.1883
2.0593, 57.1885
2.0733, 57.1887
2.0874, 57.1889
2.1016, 57.1891
2.1159, 57.1894
2.1303, 57.1896
2.1448, 57.1898
2.1594, 58.6752
2.1741, 58.6754
2.1888, 58.6756
2.2037, 58.6758
2.2187, 58.676
2.2338, 58.6763
2.249, 58.6764
2.2643, 58.6766
2.2797, 58.6768
2.2952, 58.6771
2.3108, 58.6774
2.3265, 58.6776
2.3423, 58.6778
2.3582, 58.678
2.3743, 58.6782
2.3904, 58.6784
2.4067, 58.6787
2.4231, 60.2027
2.4395, 60.2029
2.4561, 60.2032
2.4727, 60.2034
2.4896, 60.2036
2.5066, 60.2038
2.5236, 60.2041
2.5408, 60.2043
2.558, 60.2045
2.5754, 60.2046
2.5929, 60.205
2.6106, 60.2052
2.6282, 60.2054
2.6461, 60.2056
2.6642, 60.2059
2.6823, 61.7696
2.7006, 61.7698
2.7189, 61.77
2.7374, 61.7703
2.756, 61.7705
2.7748, 61.7707
2.7936, 61.771
2.8126, 61.7711
2.8317, 61.7713
2.851, 61.7715
2.8704, 61.7719
2.8899, 61.7721
2.9096, 61.7723
2.9293, 61.7726
2.9493, 61.7728
2.9693, 61.773
2.9895, 61.7732
3.0098, 61.7734
3.0303, 61.7737
3.0509, 61.7739
3.0716, 61.7742
3.0925, 61.7744
3.1135, 61.7746
3.1347, 61.7749
3.156, 61.7751
3.1775, 61.7753
3.1991, 61.7755
3.2208, 61.7758
3.2427, 61.776
3.2648, 61.7762
3.287, 61.7765
3.3093, 61.7767
3.3317, 61.7769
3.3545, 61.7771
3.3773, 61.7774
3.4003, 61.7776
3.4234, 61.7778
3.4466, 61.7781
3.4701, 63.3826
3.4937, 63.3829
3.5175, 63.3831
3.5413, 63.3833
3.5655, 63.3836
3.5897, 63.3838
3.6141, 63.384
3.6387, 63.3843
3.6634, 63.3845
3.6884, 63.3847
3.7134, 63.385
3.7387, 63.3852
3.7641, 63.3855
3.7896, 63.3857
3.8155, 63.3859
3.8414, 63.3862
3.8676, 65.0325
3.8939, 65.0327
3.9203, 65.033
3.947, 65.0332
3.9738, 65.0335
4.0009, 65.0337
4.0281, 65.0339
4.0554, 65.0342
4.0831, 66.7233
4.1108, 66.7236
4.1388, 66.7238
4.1669, 66.7241
4.1952, 66.7243
4.2238, 66.7246
4.2525, 68.4576
4.2814, 68.4579
4.3106, 68.4581
4.3399, 68.4584
4.3694, 68.4586
4.3991, 70.2367
4.429, 70.237
4.4592, 70.2372
4.4895, 70.2375
4.52, 70.2377
4.5507, 70.238
4.5817, 70.2383
4.6128, 70.2385
4.6442, 70.2388
4.6758, 70.2389
4.7076, 70.2393
4.7396, 70.2396
4.7718, 70.2398
4.8042, 70.2401
4.8369, 70.2404
4.8698, 70.2406
4.9029, 70.2409
4.9362, 70.2411
4.9698, 70.2414
5.0036, 70.2417
5.0376, 70.2419
5.0719, 70.2422
5.1064, 70.2424
5.1411, 70.2427
5.176, 70.2429
5.2112, 70.2432
5.2467, 70.2435
5.2823, 70.2437
5.3182, 70.244
5.3545, 72.0685
5.3909, 72.0687
5.4275, 72.069
5.4644, 72.0693
5.5016, 72.0695
5.539, 72.0698
5.5766, 72.0701
5.6146, 72.0703
5.6526, 72.0706
5.6912, 72.0709
5.7299, 72.0711
5.7688, 72.0714
5.8081, 73.9433
5.8476, 73.9436
5.8874, 73.9439
5.9275, 75.8643
5.9678, 75.8647
6.0083, 75.865
6.0492, 75.8653
6.0903, 75.8655
6.1317, 75.8658
6.1734, 75.866
6.2154, 75.8664
6.2577, 75.8667
6.3002, 75.8669
6.343, 75.8672
6.3862, 75.8675
6.4296, 75.8678
6.4733, 75.8681
6.5173, 75.8683
6.5615, 75.8686
6.6061, 75.8689
6.6512, 75.8692
6.6964, 75.8695
6.7419, 75.8698
6.7877, 75.87
6.8338, 75.8702
6.8803, 75.8706
6.9272, 75.8709
6.9743, 75.8712
7.0217, 75.8715
7.0694, 75.8717
7.1176, 77.8424
7.166, 77.8426
7.2147, 77.8429
7.2637, 77.8432
7.3131, 77.8435
7.3628, 77.8437
7.4129, 77.8441
7.4634, 79.8659
7.5141, 79.8662
7.5653, 81.9405
7.6167, 81.9409
7.6684, 81.9412
7.7207, 81.9415
7.7732, 81.9418
7.826, 81.9421
7.8792, 81.9424
7.9327, 81.9426
7.9867, 81.943
8.041, 81.9433
8.0957, 81.9437
8.1508, 81.944
8.2062, 81.9443
8.262, 81.9445
8.3182, 81.9449
8.3747, 81.9452
8.4317, 81.9455
8.4889, 81.9458
8.5468, 84.0742
8.6049, 84.0745
8.6634, 84.0748
8.7223, 84.0751
8.7816, 84.0754
8.8413, 84.0757
8.9014, 84.076
8.962, 84.0764
9.0229, 84.0767
9.0843, 84.077
9.146, 84.0773
9.2082, 84.0776
9.2708, 84.0779
9.3338, 84.0782
9.3973, 84.0785
9.4612, 84.0788
9.5255, 84.0792
9.5903, 84.0795
9.6555, 84.0798
9.7212, 84.0801
9.7873, 86.2639
9.8538, 86.2642
9.9209, 86.2646
9.9884, 86.2649
10.0563, 86.2652
10.1247, 86.2655
10.1935, 86.2658
10.2628, 86.2662
10.3326, 86.2665
10.4028, 86.2668
10.4736, 86.2671
10.5448, 86.2674
10.6165, 86.2678
10.6886, 86.2681
10.7612, 86.2684
10.8345, 86.2687
10.9083, 88.5093
10.9825, 88.5097
11.0571, 88.51
11.1323, 88.5104
11.208, 88.5107
11.2842, 88.511
11.3609, 88.5114
11.4382, 88.5117
11.516, 88.512
11.5943, 88.5123
11.6731, 88.5127
11.7525, 88.513
11.8324, 88.5133
11.9127, 88.5137
11.9938, 88.514
12.0754, 88.5143
12.1575, 88.5146
12.2401, 88.515
12.3234, 88.5152
12.4072, 88.5156
12.4915, 88.5159
12.5764, 88.5163
12.662, 88.5166
12.7481, 88.5169
12.8347, 88.5173
12.922, 88.5175
13.0099, 88.5179
13.0983, 88.5182
13.1874, 88.5186
13.277, 88.5189
13.3673, 88.5192
13.4582, 88.5196
13.5497, 88.5199
13.6418, 88.5202
13.7346, 88.5205
13.8279, 88.5209
13.922, 88.5211
14.0167, 88.5215
14.112, 88.5219
14.2079, 88.5222
14.3045, 88.5225
14.4018, 88.5228
14.4997, 88.5232
14.5983, 88.5234
14.6976, 88.5238
14.7974, 88.5242
14.8981, 88.5245
14.9994, 88.5248
15.1014, 88.5251
15.2041, 88.5255
15.3074, 88.5258
15.4115, 88.5261
15.5163, 88.5265
15.6218, 88.5268
15.728, 88.5271
15.835, 88.5274
15.9426, 88.5278
16.051, 88.5281
16.1602, 88.5284
16.27, 88.5288
16.3807, 88.5291
16.492, 88.5293
16.6042, 88.5297
16.717, 88.5301
16.8307, 88.5304
16.9452, 88.5307
17.0604, 88.5311
17.1764, 88.5314
17.2932, 88.5316
17.4108, 88.532
17.5291, 88.5324
17.6482, 88.5327
17.7683, 88.533
17.8891, 88.5333
18.0108, 88.5337
18.1332, 88.534
18.2565, 88.5343
18.3807, 88.5347
18.5056, 88.535
18.6315, 88.5352
18.7581, 88.5356
18.8857, 88.536
19.0141, 88.5363
19.1434, 88.5366
19.2735, 88.537
19.4046, 88.5373
19.5365, 88.5375
19.6694, 88.5379
19.8031, 88.5383
19.9377, 88.5386
20.0733, 88.5389
20.2098, 88.5393
20.3472, 88.5396
20.4855, 88.5399
20.6248, 88.5402
20.7651, 88.5406
20.9062, 88.5409
21.0484, 88.5412
21.1915, 88.5415
21.3356, 88.5419
21.4807, 88.5422
21.6267, 88.5425
21.7738, 88.5429
21.9218, 88.5432
22.0709, 88.5434
22.2209, 88.5439
22.3719, 88.5442
22.5241, 88.5445
22.6773, 88.5448
22.8315, 88.5452
22.9867, 88.5455
23.143, 88.5457
23.3004, 88.5462
23.4588, 88.5465
23.6183, 88.5468
23.7789, 88.5471
23.9405, 88.5474
24.1034, 88.5478
24.2671, 88.5481
24.4322, 88.5485
24.5984, 88.5488
24.7656, 88.5491
24.934, 88.5493
25.1035, 88.5497
25.2742, 88.5501
25.4463, 90.85
25.2747, 93.209
25.1043, 95.6292
