#DataThief D:\Users\kcm\Downloads\Fig6TR.png Thursday 10-Oct-2024 2:27:04 PM
0.0397, 21.7955
0.0399, 21.0636
0.0402, 20.3562
0.0404, 19.6724
0.0407, 19.5022
0.041, 18.8473
0.0412, 18.2143
0.0415, 17.6026
0.0418, 17.4502
0.0421, 16.8641
0.0423, 16.7181
0.0426, 16.1567
0.0429, 15.6139
0.0432, 15.0897
0.0435, 14.959
0.0438, 14.4566
0.044, 13.971
0.0443, 13.5019
0.0446, 13.0485
0.0449, 12.6101
0.0449, 12.2932
0.0452, 11.8803
0.0455, 11.4813
0.0458, 11.0957
0.0461, 10.7231
0.0461, 10.4534
0.0464, 10.1024
0.0467, 9.7631
0.047, 9.4352
0.0473, 9.1183
0.0476, 8.8121
0.048, 8.7358
0.0483, 8.4424
0.0483, 8.2301
0.0483, 8.0232
0.0486, 7.7537
0.0486, 7.5588
0.0486, 7.3687
0.0486, 7.1834
0.0486, 7.0028
0.0489, 6.7675
0.0492, 6.5403
0.0492, 6.3759
0.0496, 6.1618
0.0496, 6.0068
0.0499, 5.8051
0.0499, 5.6591
0.0502, 5.4691
0.0502, 5.3315
0.0505, 5.1525
0.0505, 5.0229
0.0509, 4.8542
0.0509, 4.7322
0.0512, 4.5733
0.0515, 4.4197
0.0515, 4.3085
0.0519, 4.1638
0.0519, 4.0591
0.0522, 3.9228
0.0522, 3.8242
0.0522, 3.728
0.0522, 3.6343
0.0522, 3.5429
0.0526, 3.4239
0.0526, 3.3378
0.0526, 3.2539
0.0529, 3.1446
0.0529, 3.0655
0.0529, 2.9885
0.0533, 2.8881
0.0533, 2.8155
0.0533, 2.7447
0.0532, 2.6757
0.0536, 2.5857
0.0536, 2.5208
0.0536, 2.4574
0.0536, 2.3956
0.054, 2.3152
0.054, 2.2569
0.054, 2.2002
0.0539, 2.1449
0.0543, 2.0728
0.0543, 2.0207
0.0543, 1.9699
0.0543, 1.9203
0.0547, 1.8559
0.0547, 1.8092
0.0547, 1.7637
0.0547, 1.7194
0.0547, 1.6761
0.055, 1.6199
0.055, 1.5791
0.0554, 1.5655
0.0557, 1.5129
0.0561, 1.4998
0.0565, 1.4868
0.0569, 1.4739
0.0572, 1.4612
0.0576, 1.4485
0.058, 1.436
0.0584, 1.4235
0.0588, 1.4112
0.0591, 1.399
0.0594, 1.3869
0.0599, 1.3749
0.0603, 1.363
0.0607, 1.3172
0.0611, 1.3058
0.0615, 1.2945
0.0619, 1.251
0.0623, 1.2402
0.0627, 1.2295
0.0631, 1.1882
0.0636, 1.1779
0.064, 1.1677
0.0644, 1.1285
0.0648, 1.1187
0.0653, 1.109
0.0657, 1.0718
0.0661, 1.0625
0.0666, 1.0533
0.067, 1.0179
0.0674, 1.0091
0.0679, 0.9752
0.0683, 0.9668
0.0688, 0.9584
0.0692, 0.9262
0.0697, 0.9182
0.0701, 0.9102
0.0706, 0.8797
0.0711, 0.8721
0.0715, 0.8428
0.072, 0.8355
0.0725, 0.8282
0.073, 0.8004
0.0734, 0.7934
0.0739, 0.7668
0.0744, 0.741
0.0749, 0.7347
0.0754, 0.7283
0.0759, 0.722
0.0764, 0.7158
0.0769, 0.6917
0.0774, 0.6857
0.0779, 0.6627
0.0784, 0.657
0.0789, 0.6349
0.0795, 0.6136
0.08, 0.6082
0.0805, 0.603
0.081, 0.5977
0.0816, 0.5777
0.0821, 0.5727
0.0826, 0.5535
0.0832, 0.5487
0.0836, 0.5303
0.0843, 0.5124
0.0848, 0.508
0.0854, 0.5036
0.086, 0.4992
0.0865, 0.4825
0.0871, 0.4783
0.0877, 0.4622
0.0883, 0.4582
0.0888, 0.4428
0.0894, 0.428
0.09, 0.4243
0.0906, 0.41
0.0912, 0.4064
0.0918, 0.3928
0.0924, 0.3894
0.093, 0.386
0.0936, 0.3731
0.0942, 0.3699
0.0949, 0.3574
0.0955, 0.3543
0.0961, 0.3424
0.0967, 0.3309
0.0974, 0.3197
0.098, 0.3171
0.0987, 0.3064
0.0993, 0.3038
0.1, 0.2936
0.1006, 0.291
0.1013, 0.2885
0.1013, 0.2812
0.102, 0.2788
0.1026, 0.2694
0.1033, 0.2671
0.104, 0.2581
0.1047, 0.2495
0.1054, 0.2411
0.1061, 0.2389
0.1067, 0.231
0.1075, 0.2232
0.1082, 0.2157
0.1089, 0.2139
0.1096, 0.2067
0.1103, 0.1997
0.111, 0.198
0.1118, 0.1914
0.1125, 0.1849
0.1132, 0.1787
0.114, 0.1727
0.1147, 0.1712
0.1155, 0.1655
0.1163, 0.1599
0.117, 0.1545
0.1178, 0.1493
0.1186, 0.1443
0.1186, 0.1407
0.1193, 0.136
0.1201, 0.1314
0.1209, 0.127
0.1217, 0.1227
0.1225, 0.1186
0.1233, 0.1176
0.1241, 0.1136
0.1249, 0.1098
0.1258, 0.1061
0.1266, 0.1026
0.1274, 0.0991
0.1274, 0.0966
0.1274, 0.0942
0.1283, 0.091
0.1291, 0.088
0.1291, 0.0858
0.1291, 0.0836
0.1291, 0.0815
0.13, 0.0788
0.1308, 0.0761
0.1308, 0.0742
0.1317, 0.0717
0.1325, 0.0693
0.1334, 0.0687
0.1343, 0.0681
0.1352, 0.0675
0.136, 0.0669
0.136, 0.0653
0.137, 0.0631
0.137, 0.0615
0.137, 0.0599
0.137, 0.0584
0.1369, 0.057
0.1369, 0.0555
0.1369, 0.0541
0.1369, 0.0528
0.1378, 0.051
0.1378, 0.0497
0.1388, 0.048
0.1388, 0.0468
0.1387, 0.0457
0.1397, 0.0441
0.1397, 0.043
0.1406, 0.0416
0.1406, 0.0405
0.1415, 0.0392
0.1424, 0.0378
0.1434, 0.0366
0.1434, 0.0357
0.1443, 0.0345
0.1443, 0.0336
0.1443, 0.0328
0.1443, 0.0319
0.1443, 0.0311
0.1443, 0.0303
0.1443, 0.0296
0.1453, 0.0286
0.1453, 0.0279
0.1453, 0.0272
0.1453, 0.0265
0.1461, 0.0256
0.1461, 0.0249
0.1461, 0.0243
0.1461, 0.0237
0.1472, 0.0229
0.1472, 0.0223
0.1472, 0.0218
0.1472, 0.0212
0.1481, 0.0205
0.1481, 0.02
0.1481, 0.0195
0.1481, 0.019
0.1491, 0.0184
0.1501, 0.0178
0.1511, 0.0172
0.1521, 0.0166
0.1531, 0.016
0.1541, 0.0159
0.1551, 0.0157
0.1561, 0.0156
0.1571, 0.0155
0.1582, 0.0153
0.1592, 0.0152
0.1602, 0.0147
0.1613, 0.0146
0.1623, 0.0141
0.1623, 0.0137
0.1634, 0.0133
0.1645, 0.0132
0.1656, 0.0127
0.1656, 0.0124
0.1667, 0.012
0.1678, 0.0119
0.1689, 0.0118
0.17, 0.0117
0.1711, 0.0116
0.1723, 0.0112
0.1734, 0.0108
0.1745, 0.0107
0.1757, 0.0103
0.1768, 9.9999e-3
0.178, 9.9134e-3
0.1792, 9.5804e-3
0.1803, 9.4975e-3
0.1815, 9.1785e-3
0.1827, 9.0991e-3
0.1839, 9.0203e-3
0.1851, 8.9422e-3
0.1864, 8.6419e-3
0.1876, 8.5671e-3
0.1888, 8.4929e-3
0.1901, 8.4194e-3
0.1913, 8.1366e-3
0.1926, 7.8633e-3
0.1938, 7.7953e-3
0.1951, 7.7278e-3
0.1964, 7.6609e-3
0.1977, 7.4036e-3
0.199, 7.3395e-3
0.2003, 7.276e-3
0.2016, 7.213e-3
0.203, 7.1505e-3
0.2043, 7.0886e-3
0.2056, 7.0272e-3
0.207, 6.9664e-3
0.2084, 6.9061e-3
0.2097, 6.8463e-3
0.2111, 6.787e-3
0.2125, 6.7283e-3
0.2139, 6.67e-3
0.2153, 6.6123e-3
0.2167, 6.555e-3
0.2182, 6.4983e-3
0.2196, 6.442e-3
0.2211, 6.3863e-3
0.2225, 6.331e-3
0.224, 6.2762e-3
0.2254, 6.2218e-3
0.2269, 6.168e-3
0.2284, 6.1146e-3
0.2299, 6.0616e-3
0.2314, 6.0092e-3
0.233, 5.9571e-3
0.2345, 5.9056e-3
0.2361, 5.8544e-3
0.2376, 5.8037e-3
0.2392, 5.6088e-3
0.2407, 5.5603e-3
0.2423, 5.5121e-3
0.2439, 5.4644e-3
0.2455, 5.4171e-3
0.2472, 5.3702e-3
0.2488, 5.3237e-3
0.2504, 5.2776e-3
0.2521, 5.2319e-3
0.2537, 5.1866e-3
0.2554, 5.1417e-3
0.257, 5.0972e-3
0.2588, 5.0531e-3
0.2605, 5.0093e-3
0.2622, 4.966e-3
0.2639, 4.923e-3
0.2657, 4.8804e-3
0.2674, 4.8381e-3
0.2692, 4.7962e-3
0.271, 4.7547e-3
0.2727, 4.7135e-3
0.2745, 4.6727e-3
0.2763, 4.6323e-3
0.2782, 4.5922e-3
0.28, 4.438e-3
0.2818, 4.3995e-3
0.2837, 4.3614e-3
0.2856, 4.3237e-3
0.2873, 4.2863e-3
0.2893, 4.2491e-3
0.2912, 4.2124e-3
0.2932, 4.1759e-3
0.2951, 4.1397e-3
0.297, 4.1039e-3
0.299, 4.0684e-3
0.301, 4.0332e-3
0.3029, 3.9982e-3
0.3049, 3.9636e-3
0.307, 3.9293e-3
0.309, 3.8953e-3
0.311, 3.8616e-3
0.3131, 3.8281e-3
0.3151, 3.795e-3
0.3172, 3.7621e-3
0.3193, 3.7296e-3
0.3214, 3.6043e-3
0.3235, 3.5731e-3
0.3256, 3.5422e-3
0.3277, 3.5115e-3
0.3299, 3.4811e-3
0.3321, 3.451e-3
0.3343, 3.4211e-3
0.3365, 3.3915e-3
0.3387, 3.3621e-3
0.341, 3.333e-3
0.3432, 3.3042e-3
0.3455, 3.2755e-3
0.3477, 3.2472e-3
0.35, 3.2191e-3
0.3523, 3.1912e-3
0.3547, 3.1636e-3
0.357, 3.1362e-3
0.3593, 3.109e-3
0.3617, 3.0821e-3
0.3641, 2.9786e-3
0.3665, 2.9528e-3
0.3689, 2.9273e-3
0.3713, 2.9019e-3
0.3738, 2.8768e-3
0.3761, 2.8519e-3
0.3787, 2.8272e-3
0.3812, 2.8027e-3
0.3837, 2.7785e-3
0.3862, 2.7544e-3
0.3888, 2.7306e-3
0.3914, 2.7069e-3
0.3939, 2.6835e-3
0.3965, 2.6603e-3
0.3991, 2.6372e-3
0.4018, 2.6144e-3
0.4043, 2.5918e-3
0.4071, 2.5047e-3
0.4098, 2.483e-3
0.4125, 2.4615e-3
0.4152, 2.4402e-3
0.4179, 2.4191e-3
0.4207, 2.3982e-3
0.4234, 2.3774e-3
0.4262, 2.3568e-3
0.429, 2.3364e-3
0.4319, 2.3162e-3
0.4346, 2.2961e-3
0.4376, 2.2763e-3
0.4405, 2.2565e-3
0.4434, 2.237e-3
0.4463, 2.2176e-3
0.4492, 2.1432e-3
0.4522, 2.1246e-3
0.4551, 2.1062e-3
0.4581, 2.088e-3
0.4612, 2.0699e-3
0.4642, 2.052e-3
0.4673, 2.0342e-3
0.4703, 2.0166e-3
0.4734, 1.9992e-3
0.4766, 1.9818e-3
0.4797, 1.9647e-3
0.4828, 1.9477e-3
0.486, 1.9308e-3
0.4892, 1.9141e-3
0.4925, 1.8975e-3
0.4957, 1.8338e-3
0.499, 1.7722e-3
0.5023, 1.7569e-3
0.5056, 1.7417e-3
0.5089, 1.7266e-3
0.5122, 1.7116e-3
0.5156, 1.6968e-3
0.519, 1.6821e-3
0.5224, 1.6676e-3
0.5259, 1.6531e-3
0.5293, 1.6388e-3
0.5328, 1.6246e-3
0.5363, 1.6106e-3
0.5399, 1.5966e-3
0.5434, 1.5828e-3
0.547, 1.5691e-3
0.5506, 1.5555e-3
0.5542, 1.542e-3
0.5579, 1.5287e-3
0.5615, 1.5155e-3
0.5653, 1.5023e-3
0.569, 1.4893e-3
0.5727, 1.4764e-3
0.5765, 1.4637e-3
0.5803, 1.451e-3
0.584, 1.4023e-3
0.588, 1.3901e-3
0.5918, 1.3781e-3
0.5957, 1.3662e-3
0.5997, 1.3543e-3
0.6036, 1.3426e-3
0.6076, 1.331e-3
0.6116, 1.3195e-3
0.6156, 1.308e-3
0.6197, 1.2967e-3
0.6238, 1.2855e-3
0.6279, 1.2423e-3
0.632, 1.2316e-3
0.6362, 1.2209e-3
0.6404, 1.2103e-3
0.6446, 1.1998e-3
0.6488, 1.1895e-3
0.6531, 1.1792e-3
0.6574, 1.1689e-3
0.6617, 1.1588e-3
0.6661, 1.1488e-3
0.6705, 1.1102e-3
0.6749, 1.1006e-3
0.6793, 1.0911e-3
0.6838, 1.0816e-3
0.6883, 1.0723e-3
0.6928, 1.063e-3
0.6974, 1.0538e-3
0.702, 1.0447e-3
0.7066, 1.0356e-3
0.7113, 1.0266e-3
0.716, 9.9217e-4
0.7207, 9.8358e-4
0.7254, 9.7506e-4
0.7302, 9.6662e-4
0.7349, 9.5825e-4
0.7399, 9.4996e-4
0.7447, 9.4173e-4
0.7497, 9.3358e-4
0.7546, 9.255e-4
0.7596, 9.1748e-4
0.7646, 8.8667e-4
0.7696, 8.79e-4
0.7747, 8.7139e-4
0.7798, 8.6384e-4
0.7849, 8.5636e-4
0.7901, 8.4895e-4
0.7953, 8.416e-4
0.8005, 8.3431e-4
0.8058, 8.2709e-4
0.8111, 7.9931e-4
0.8164, 7.7247e-4
0.8218, 7.6578e-4
0.8272, 7.5915e-4
0.8327, 7.5258e-4
0.8382, 7.4606e-4
0.8437, 7.396e-4
0.8492, 7.332e-4
0.8548, 7.2685e-4
0.8605, 7.2056e-4
0.866, 7.1432e-4
0.8718, 7.0814e-4
0.8776, 7.0201e-4
0.8834, 6.9593e-4
0.8892, 6.8991e-4
0.895, 6.8393e-4
0.9009, 6.7801e-4
0.9069, 6.5524e-4
0.9127, 6.3324e-4
0.9188, 6.2775e-4
0.9249, 6.2232e-4
0.931, 6.1693e-4
0.9371, 6.1159e-4
0.9433, 6.063e-4
0.9495, 6.0105e-4
0.9558, 5.9584e-4
0.9621, 5.9068e-4
0.9684, 5.8557e-4
0.9748, 5.805e-4
0.9811, 5.7548e-4
0.9877, 5.7049e-4
0.9942, 5.5133e-4
1.0007, 5.4656e-4
1.0073, 5.4183e-4
1.0139, 5.3714e-4
1.0206, 5.3249e-4
1.0273, 5.2788e-4
1.0341, 5.2331e-4
1.0409, 5.0573e-4
1.0478, 5.0135e-4
1.0547, 4.9701e-4
1.0616, 4.9271e-4
1.0686, 4.8845e-4
1.0757, 4.8422e-4
1.0827, 4.8003e-4
1.0899, 4.639e-4
1.097, 4.5989e-4
1.1043, 4.5591e-4
1.1115, 4.5196e-4
1.1189, 4.4805e-4
1.1262, 4.4417e-4
1.1337, 4.2925e-4
1.1411, 4.2553e-4
1.1486, 4.2185e-4
1.1562, 4.182e-4
1.1638, 4.1458e-4
1.1715, 4.1099e-4
1.1792, 4.0743e-4
1.187, 3.9375e-4
1.1948, 3.8052e-4
1.2026, 3.7723e-4
1.2106, 3.7396e-4
1.2185, 3.7073e-4
1.2266, 3.6752e-4
1.2347, 3.6433e-4
1.2428, 3.6118e-4
1.251, 3.5805e-4
1.2591, 3.5495e-4
1.2675, 3.5188e-4
1.2758, 3.4006e-4
1.2843, 3.3712e-4
1.2927, 3.342e-4
1.3012, 3.3131e-4
1.3098, 3.2844e-4
1.3184, 3.256e-4
1.3271, 3.1466e-4
1.3357, 3.1194e-4
1.3446, 3.0924e-4
1.3535, 3.0656e-4
1.3624, 3.039e-4
1.3714, 2.937e-4
1.3804, 2.9116e-4
1.3895, 2.8863e-4
1.3987, 2.8614e-4
1.4079, 2.8366e-4
1.4171, 2.7413e-4
1.4264, 2.7176e-4
1.4359, 2.6941e-4
1.4453, 2.6707e-4
1.4549, 2.6476e-4
1.4644, 2.5587e-4
1.4741, 2.5365e-4
1.4838, 2.5146e-4
1.4936, 2.4928e-4
1.5034, 2.4712e-4
1.5133, 2.3882e-4
1.5232, 2.3676e-4
1.5333, 2.3471e-4
1.5434, 2.3268e-4
1.5535, 2.3066e-4
1.5638, 2.2291e-4
1.5741, 2.2098e-4
1.5845, 2.1907e-4
1.5949, 2.1717e-4
1.6054, 2.1529e-4
1.616, 2.0806e-4
1.6266, 2.0108e-4
1.6373, 1.9934e-4
1.6481, 1.9761e-4
1.659, 1.959e-4
1.6699, 1.942e-4
1.6808, 1.9252e-4
1.692, 1.9085e-4
1.7031, 1.892e-4
1.7143, 1.8285e-4
1.7256, 1.7671e-4
1.737, 1.7518e-4
1.7484, 1.7366e-4
1.7599, 1.7216e-4
1.7715, 1.6638e-4
1.7832, 1.6494e-4
1.7949, 1.6351e-4
1.8067, 1.6209e-4
1.8186, 1.6069e-4
1.8306, 1.593e-4
1.8427, 1.5792e-4
1.8548, 1.5261e-4
1.867, 1.5129e-4
1.8793, 1.4998e-4
1.8917, 1.4869e-4
1.9041, 1.4369e-4
1.9167, 1.3887e-4
1.9293, 1.3766e-4
1.942, 1.3647e-4
1.9548, 1.3529e-4
1.9677, 1.3075e-4
1.9806, 1.2962e-4
1.9937, 1.2849e-4
2.0068, 1.2738e-4
2.02, 1.2628e-4
2.0333, 1.2518e-4
2.0467, 1.2098e-4
2.0602, 1.1993e-4
2.0738, 1.1889e-4
2.0874, 1.1787e-4
2.1012, 1.1391e-4
2.115, 1.1292e-4
2.1289, 1.1194e-4
2.1429, 1.0818e-4
2.157, 1.0455e-4
2.1713, 1.0365e-4
2.1856, 1.0275e-4
2.2, 1.0186e-4
2.2144, 1.0098e-4
2.229, 1.001e-4
2.2437, 9.674e-5
2.2585, 9.5903e-5
2.2734, 9.5073e-5
2.2883, 9.188e-5
2.3034, 8.8794e-5
2.3185, 8.8025e-5
2.3338, 8.7263e-5
2.3492, 8.6508e-5
2.3647, 8.5759e-5
2.3801, 8.5016e-5
2.3959, 8.2161e-5
2.4117, 8.145e-5
2.4276, 8.0745e-5
2.4435, 7.8033e-5
2.4596, 7.7357e-5
2.4758, 7.6688e-5
2.4921, 7.4112e-5
2.5086, 7.3471e-5
2.5251, 7.2835e-5
2.5417, 7.0388e-5
2.5584, 6.9779e-5
2.5753, 6.7436e-5
2.5922, 6.6852e-5
2.6093, 6.6273e-5
2.6265, 6.4047e-5
2.6438, 6.3493e-5
2.6612, 6.2943e-5
2.6787, 6.0829e-5
2.6964, 6.0303e-5
2.7141, 5.9781e-5
2.732, 5.7773e-5
2.75, 5.7273e-5
2.7681, 5.5349e-5
2.7863, 5.487e-5
2.8046, 5.4395e-5
2.8231, 5.2568e-5
2.8417, 5.2113e-5
2.8604, 5.1662e-5
2.8792, 4.9927e-5
2.8982, 4.9495e-5
2.9173, 4.7832e-5
2.9365, 4.7418e-5
2.9558, 4.7008e-5
2.9752, 4.5429e-5
2.9949, 4.3903e-5
3.0146, 4.3523e-5
3.0344, 4.3146e-5
3.0544, 4.2773e-5
3.0745, 4.1336e-5
3.0948, 3.9948e-5
3.1151, 3.9602e-5
3.1357, 3.9259e-5
3.1562, 3.892e-5
3.1771, 3.7613e-5
3.198, 3.7287e-5
3.2191, 3.6964e-5
3.2403, 3.5723e-5
3.2616, 3.4523e-5
3.283, 3.3364e-5
3.3047, 3.3075e-5
3.3264, 3.1964e-5
3.3483, 3.1687e-5
3.3703, 3.0623e-5
3.3925, 3.0358e-5
3.4149, 3.0095e-5
3.4374, 2.9084e-5
3.46, 2.8833e-5
3.4828, 2.7864e-5
3.5057, 2.7623e-5
3.5288, 2.6695e-5
3.552, 2.5799e-5
3.5754, 2.5575e-5
3.5989, 2.4716e-5
3.6226, 2.4502e-5
3.6465, 2.368e-5
3.6705, 2.3475e-5
3.6947, 2.3271e-5
3.7189, 2.249e-5
3.7435, 2.2295e-5
3.7681, 2.1546e-5
3.7929, 2.136e-5
3.7929, 2.0823e-5
3.8178, 2.0123e-5
3.843, 1.9949e-5
3.8683, 1.9279e-5
3.8938, 1.9112e-5
3.9194, 1.847e-5
3.9452, 1.8311e-5
3.9712, 1.8152e-5
3.971, 1.7696e-5
3.9973, 1.7542e-5
4.0236, 1.6953e-5
4.0501, 1.6806e-5
4.0768, 1.6242e-5
4.1036, 1.5697e-5
4.1306, 1.5169e-5
4.1578, 1.5038e-5
4.1851, 1.4533e-5
4.2127, 1.4407e-5
4.2404, 1.3923e-5
4.2683, 1.3456e-5
4.2964, 1.3339e-5
4.3247, 1.2891e-5
4.3531, 1.2458e-5
4.3818, 1.235e-5
4.4107, 1.1936e-5
4.4397, 1.1535e-5
4.4689, 1.1435e-5
4.4983, 1.1051e-5
4.5279, 1.068e-5
4.5577, 1.0587e-5
4.5877, 1.0232e-5
4.6179, 9.8881e-6
4.6482, 9.8025e-6
4.6789, 9.4733e-6
4.7097, 9.1552e-6
4.7407, 8.8477e-6
4.7719, 8.7711e-6
4.8033, 8.4765e-6
4.8349, 8.1919e-6
4.8667, 7.9167e-6
4.8988, 7.8482e-6
4.931, 7.5846e-6
4.9634, 7.3299e-6
4.9961, 7.0837e-6
5.029, 7.0224e-6
5.0621, 6.7866e-6
5.0954, 6.5586e-6
5.1289, 6.3384e-6
5.1626, 6.1255e-6
5.1967, 6.0725e-6
5.2308, 5.8685e-6
5.2652, 5.6714e-6
5.2999, 5.481e-6
5.3348, 5.2969e-6
5.3699, 5.119e-6
5.3698, 4.9903e-6
5.4051, 4.8227e-6
5.4407, 4.6607e-6
5.4765, 4.5042e-6
5.5125, 4.3529e-6
5.5488, 4.2067e-6
5.5853, 4.1703e-6
5.6221, 4.1342e-6
5.6591, 3.9954e-6
5.6963, 3.8612e-6
5.7338, 3.7315e-6
5.7715, 3.6062e-6
5.8094, 3.4851e-6
5.8094, 3.3975e-6
5.8477, 3.2833e-6
5.886, 3.1731e-6
5.9249, 3.0665e-6
5.9639, 2.9635e-6
6.0031, 2.864e-6
6.003, 2.792e-6
6.0425, 2.6982e-6
6.0823, 2.6076e-6
6.1223, 2.52e-6
6.1626, 2.4354e-6
6.2031, 2.3536e-6
6.244, 2.3332e-6
6.2851, 2.313e-6
6.3265, 2.2353e-6
6.3681, 2.1603e-6
6.41, 2.1416e-6
6.41, 2.0877e-6
6.4099, 2.0352e-6
6.4099, 1.9841e-6
6.4098, 1.9342e-6
6.4097, 1.8855e-6
6.4097, 1.8381e-6
6.4096, 1.7919e-6
6.4518, 1.7764e-6
6.4943, 1.7167e-6
6.4942, 1.6736e-6
6.4942, 1.6315e-6
6.537, 1.6174e-6
6.58, 1.6034e-6
6.6234, 1.5895e-6
6.667, 1.5757e-6
6.7109, 1.5621e-6
6.7551, 1.5485e-6
6.7995, 1.4965e-6
6.8443, 1.4463e-6
6.8441, 1.4099e-6
6.8893, 1.3626e-6
6.8892, 1.3283e-6
6.8891, 1.2949e-6
6.8891, 1.2623e-6
6.889, 1.2306e-6
6.889, 1.1997e-6
6.8889, 1.1695e-6
6.9342, 1.1302e-6
6.9798, 1.0923e-6
7.0258, 1.0556e-6
7.072, 1.0201e-6
7.1186, 1.0113e-6
7.1655, 1.0025e-6
7.2127, 9.9386e-7
7.2602, 9.8526e-7
7.2601, 9.6048e-7
7.3079, 9.2823e-7
7.3078, 9.0489e-7
7.3077, 8.8213e-7
7.3077, 8.5995e-7
7.3075, 8.3833e-7
7.3075, 8.1725e-7
7.3075, 7.967e-7
7.3555, 7.6994e-7
7.4039, 7.4409e-7
7.4039, 7.2538e-7
7.4526, 7.0101e-7
7.5016, 6.7747e-7
7.551, 6.7161e-7
7.6008, 6.6579e-7
7.6508, 6.4343e-7
7.701, 6.2182e-7
7.7518, 6.1644e-7
7.7518, 6.0094e-7
7.7517, 5.8583e-7
7.7516, 5.711e-7
7.7516, 5.5674e-7
7.7515, 5.4274e-7
7.7513, 5.2909e-7
7.7513, 5.1579e-7
7.8023, 4.9847e-7
7.8537, 4.8173e-7
7.8536, 4.6961e-7
7.9053, 4.5384e-7
7.9052, 4.4243e-7
7.9572, 4.2757e-7
7.9571, 4.1682e-7
8.0095, 4.0282e-7
8.0094, 3.9269e-7
8.0621, 3.795e-7
8.1151, 3.6676e-7
8.1151, 3.5754e-7
8.1684, 3.4553e-7
8.1684, 3.3684e-7
8.2221, 3.2553e-7
8.222, 3.1734e-7
8.2761, 3.0669e-7
8.2761, 2.9897e-7
8.3305, 2.8893e-7
8.3304, 2.8167e-7
8.3852, 2.7221e-7
8.3851, 2.6536e-7
8.4403, 2.5645e-7
8.4402, 2.5e-7
8.4958, 2.4161e-7
8.4957, 2.3553e-7
8.5516, 2.2762e-7
8.5514, 2.219e-7
8.6078, 2.1445e-7
8.6077, 2.0905e-7
8.6643, 2.0203e-7
8.6642, 1.9695e-7
8.7212, 1.9034e-7
8.721, 1.8555e-7
8.7785, 1.7932e-7
8.7784, 1.7481e-7
8.8362, 1.6894e-7
8.8942, 1.6327e-7
8.9527, 1.5778e-7
8.9527, 1.5382e-7
9.0117, 1.4865e-7
9.0116, 1.4491e-7
9.0709, 1.4005e-7
9.0708, 1.3652e-7
9.0707, 1.3309e-7
9.0706, 1.2975e-7
9.0705, 1.2648e-7
9.0704, 1.233e-7
9.1301, 1.1916e-7
9.13, 1.1617e-7
9.1901, 1.1226e-7
9.19, 1.0944e-7
9.2505, 1.0577e-7
9.3113, 1.0221e-7
9.3726, 9.8781e-8
9.3725, 9.6297e-8
9.4342, 9.3063e-8
9.4341, 9.0723e-8
9.434, 8.8442e-8
9.496, 8.5472e-8
9.496, 8.3322e-8
9.5585, 8.2601e-8
9.5584, 8.0524e-8
