#DataThief D:\Users\kcm\Documents\GitHub\n-elec-scattering\data_files\SNOLAB\Fig7BR.png Monday 21-Oct-2024 10:28:03 AM
0.0398, 7.426
0.0401, 7.2039
0.0405, 7.2042
0.0408, 6.9887
0.0412, 6.7797
0.0416, 6.577
0.0419, 6.5772
0.0423, 6.3805
0.0427, 6.1897
0.0431, 6.1899
0.0431, 6.0046
0.0435, 5.825
0.0438, 5.8252
0.0438, 5.6508
0.0442, 5.651
0.0442, 5.4818
0.0446, 5.482
0.045, 5.4822
0.0454, 5.3183
0.0458, 5.3185
0.0458, 5.1592
0.0462, 5.1594
0.0462, 5.0049
0.0462, 4.8551
0.0467, 4.7099
0.0467, 4.5689
0.0467, 4.4321
0.0471, 4.2995
0.0475, 4.171
0.0479, 4.0462
0.0484, 3.9252
0.0488, 3.9254
0.0492, 3.9255
0.0497, 3.9256
0.0501, 3.9258
0.0501, 3.8082
0.0505, 3.6943
0.0505, 3.5836
0.0505, 3.4764
0.0505, 3.3723
0.0505, 3.2713
0.0506, 3.1734
0.051, 3.0785
0.051, 2.9863
0.0515, 2.897
0.0519, 2.8104
0.0519, 2.7263
0.0524, 2.6447
0.0528, 2.5655
0.0533, 2.5657
0.0538, 2.5657
0.0538, 2.4889
0.0543, 2.4146
0.0548, 2.3423
0.0548, 2.2722
0.0548, 2.2042
0.0548, 2.1381
0.0548, 2.0742
0.0548, 2.0121
0.0553, 1.9519
0.0553, 1.8935
0.0553, 1.8368
0.0557, 1.7818
0.0557, 1.7285
0.0562, 1.6768
0.0562, 1.6266
0.0567, 1.5779
0.0573, 1.5308
0.0578, 1.4849
0.0578, 1.4405
0.0583, 1.3974
0.0583, 1.3556
0.0583, 1.315
0.0583, 1.2756
0.0583, 1.2374
0.0583, 1.2004
0.0583, 1.1644
0.0583, 1.1296
0.0588, 1.0958
0.0588, 1.063
0.0588, 1.0312
0.0588, 1.0003
0.0593, 0.9704
0.0593, 0.9413
0.0593, 0.9131
0.0599, 0.8858
0.0599, 0.8593
0.0604, 0.8336
0.0604, 0.8086
0.0604, 0.7844
0.0609, 0.761
0.0615, 0.7382
0.062, 0.7382
0.0626, 0.7162
0.0631, 0.7162
0.0637, 0.7162
0.0643, 0.7162
0.0648, 0.7163
0.0654, 0.7163
0.066, 0.6949
0.0666, 0.6741
0.0672, 0.6539
0.0678, 0.6343
0.0684, 0.6343
0.069, 0.6154
0.0695, 0.597
0.0702, 0.597
0.0709, 0.5792
0.0715, 0.5792
0.0721, 0.5619
0.0728, 0.5619
0.0734, 0.5619
0.0741, 0.562
0.0748, 0.5451
0.0754, 0.5452
0.0761, 0.5289
0.0768, 0.5289
0.0775, 0.5289
0.0781, 0.5289
0.0788, 0.5131
0.0795, 0.5131
0.0803, 0.5131
0.081, 0.5131
0.0817, 0.5131
0.0824, 0.5131
0.0832, 0.4978
0.0839, 0.4979
0.0846, 0.4979
0.0854, 0.4979
0.0862, 0.4979
0.0869, 0.4979
0.0877, 0.498
0.0885, 0.498
0.0893, 0.498
0.0901, 0.498
0.0909, 0.498
0.0917, 0.498
0.0925, 0.4981
0.0933, 0.4981
0.0942, 0.4981
0.095, 0.4981
0.0959, 0.4981
0.0967, 0.4982
0.0976, 0.4982
0.0984, 0.4982
0.0993, 0.4982
0.1002, 0.4982
0.1011, 0.4982
0.102, 0.4833
0.1029, 0.4834
0.1038, 0.4834
0.1048, 0.4834
0.1057, 0.4834
0.1066, 0.4834
0.1076, 0.4834
0.1085, 0.4835
0.1095, 0.4835
0.1105, 0.4835
0.1115, 0.4835
0.1125, 0.4835
0.1135, 0.4836
0.1145, 0.4836
0.1155, 0.4836
0.1165, 0.4836
0.1176, 0.4836
0.1186, 0.4836
0.1197, 0.4837
0.1208, 0.4837
0.1218, 0.4837
0.1229, 0.4692
0.124, 0.4692
0.1251, 0.4693
0.1262, 0.4693
0.1274, 0.4693
0.1285, 0.4693
0.1296, 0.4693
0.1308, 0.4693
0.132, 0.4694
0.1331, 0.4694
0.1343, 0.4694
0.1355, 0.4694
0.1367, 0.4694
0.138, 0.4694
0.1392, 0.4695
0.1404, 0.4695
0.1417, 0.4554
0.1429, 0.4555
0.1442, 0.4555
0.1455, 0.4555
0.1468, 0.4555
0.1481, 0.4555
0.1494, 0.4555
0.1508, 0.4556
0.1521, 0.4556
0.1535, 0.4556
0.1548, 0.4556
0.1562, 0.4556
0.1576, 0.4556
0.159, 0.4557
0.1604, 0.4557
0.1619, 0.4557
0.1633, 0.4421
0.1648, 0.4421
0.1662, 0.4421
0.1677, 0.4421
0.1692, 0.4421
0.1707, 0.4421
0.1723, 0.4422
0.1738, 0.4422
0.1753, 0.4422
0.1769, 0.4422
0.1785, 0.4422
0.1801, 0.4422
0.1817, 0.4423
0.1833, 0.4423
0.1849, 0.429
0.1865, 0.4291
0.1883, 0.4291
0.1899, 0.4291
0.1916, 0.4291
0.1933, 0.4291
0.1951, 0.4291
0.1968, 0.4292
0.1985, 0.4292
0.2003, 0.4292
0.2021, 0.4292
0.2039, 0.4292
0.2057, 0.4163
0.2076, 0.4163
0.2094, 0.4163
0.2113, 0.4163
0.2132, 0.4163
0.2151, 0.4165
0.217, 0.4165
0.2189, 0.4165
0.2209, 0.4165
0.2229, 0.4165
0.2248, 0.4165
0.2269, 0.4041
0.2288, 0.4041
0.2309, 0.4041
0.233, 0.4041
0.2351, 0.4041
0.2372, 0.4041
0.2393, 0.4042
0.2414, 0.4042
0.2436, 0.4042
0.2457, 0.4042
0.2479, 0.4042
0.2501, 0.3921
0.2524, 0.3921
0.2546, 0.3921
0.2569, 0.3921
0.2591, 0.3921
0.2615, 0.3921
0.2638, 0.3921
0.2662, 0.3921
0.2686, 0.3921
0.271, 0.3923
0.2734, 0.3923
0.2758, 0.3805
0.2783, 0.3806
0.2808, 0.3806
0.2833, 0.3806
0.2858, 0.3806
0.2883, 0.3806
0.2909, 0.3692
0.2934, 0.3692
0.2961, 0.3693
0.2988, 0.3693
0.3014, 0.3693
0.3041, 0.3693
0.3068, 0.3693
0.3096, 0.3693
0.3123, 0.3583
0.3151, 0.3583
0.3179, 0.3583
0.3208, 0.3583
0.3235, 0.3583
0.3265, 0.3583
0.3294, 0.3584
0.3324, 0.3584
0.3353, 0.3476
0.3383, 0.3477
0.3413, 0.3477
0.3444, 0.3477
0.3475, 0.3477
0.3506, 0.3477
0.3537, 0.3477
0.3568, 0.3373
0.3599, 0.3373
0.3632, 0.3373
0.3665, 0.3374
0.3697, 0.3374
0.373, 0.3374
0.3764, 0.3374
0.3797, 0.3273
0.3831, 0.3273
0.3865, 0.3273
0.39, 0.3273
0.3935, 0.3274
0.397, 0.3274
0.4005, 0.3176
0.4041, 0.3176
0.4077, 0.3176
0.4113, 0.3176
0.415, 0.3176
0.4187, 0.3176
0.4224, 0.3081
0.4262, 0.3081
0.43, 0.3082
0.4338, 0.3082
0.4377, 0.3082
0.4416, 0.3082
0.4456, 0.299
0.4495, 0.299
0.4535, 0.299
0.4576, 0.299
0.4617, 0.299
0.4658, 0.2901
0.4699, 0.2901
0.4741, 0.2901
0.4784, 0.2901
0.4826, 0.2901
0.4868, 0.2901
0.4913, 0.2814
0.4957, 0.2814
0.5001, 0.2814
0.5046, 0.2731
0.5046, 0.2649
0.5091, 0.2649
0.5135, 0.257
0.5182, 0.257
0.5228, 0.257
0.5274, 0.257
0.5322, 0.257
0.5369, 0.257
0.5417, 0.257
0.5465, 0.257
0.5514, 0.257
0.5563, 0.257
0.5613, 0.257
0.5663, 0.257
0.5714, 0.257
0.5765, 0.2494
0.5816, 0.2494
0.5868, 0.2494
0.592, 0.2494
0.5973, 0.2494
0.6026, 0.242
0.608, 0.242
0.6134, 0.242
0.6189, 0.242
0.6244, 0.2348
0.63, 0.2348
0.6356, 0.2348
0.6413, 0.2348
0.647, 0.2278
0.6528, 0.2278
0.6585, 0.221
0.6585, 0.2143
0.6644, 0.2143
0.6703, 0.2079
0.6764, 0.2079
0.6824, 0.208
0.6885, 0.208
0.6947, 0.208
0.7008, 0.208
0.7071, 0.208
0.7134, 0.208
0.7198, 0.208
0.7262, 0.208
0.7327, 0.2018
0.7391, 0.2018
0.7458, 0.2018
0.7525, 0.1958
0.7591, 0.1958
0.766, 0.1958
0.7728, 0.1958
0.7797, 0.1899
0.7867, 0.1899
0.7936, 0.1843
0.8008, 0.1843
0.8079, 0.1788
0.8151, 0.1788
0.8224, 0.1788
0.8296, 0.1788
0.8371, 0.1788
0.8446, 0.1734
0.8446, 0.1682
0.8521, 0.1682
0.8597, 0.1632
0.8674, 0.1632
0.8752, 0.1632
0.883, 0.1632
0.8908, 0.1632
0.8988, 0.1632
0.9068, 0.1632
0.9149, 0.1633
0.9231, 0.1584
0.9313, 0.1584
0.9396, 0.1536
0.948, 0.1536
0.9564, 0.1537
0.9649, 0.1491
0.9736, 0.1491
0.9823, 0.1491
0.991, 0.1446
0.9999, 0.1446
1.0088, 0.1446
1.0178, 0.1403
1.0178, 0.136
1.0269, 0.136
1.0269, 0.132
1.0361, 0.132
1.0453, 0.128
1.0546, 0.128
1.064, 0.128
1.0735, 0.128
1.0831, 0.128
1.0928, 0.128
1.1025, 0.1243
1.1124, 0.1243
1.1223, 0.1243
1.1323, 0.1243
1.1424, 0.1243
1.1526, 0.1243
1.1629, 0.1206
1.1733, 0.117
1.1837, 0.117
1.1943, 0.117
1.1943, 0.1135
1.1943, 0.1101
1.1943, 0.1068
1.1943, 0.1036
1.205, 0.1005
1.2157, 0.0975
1.2266, 0.0975
1.2375, 0.0975
1.2486, 0.0975
1.2597, 0.0946
1.271, 0.0946
1.2823, 0.0946
1.2937, 0.0946
1.3053, 0.0946
1.3169, 0.0946
1.3287, 0.0946
1.3405, 0.0946
1.3525, 0.0918
1.3645, 0.0918
1.3767, 0.089
1.389, 0.089
1.4014, 0.0864
1.4139, 0.0838
1.4264, 0.0838
1.4393, 0.0813
1.4521, 0.0813
1.4651, 0.0789
1.4781, 0.0789
1.4913, 0.0789
1.5046, 0.0765
1.5181, 0.0765
1.5181, 0.0742
1.5316, 0.0742
1.5453, 0.072
1.5591, 0.0698
1.573, 0.0699
1.587, 0.0678
1.6012, 0.0678
1.6155, 0.0657
1.6299, 0.0638
1.6444, 0.0638
1.6591, 0.0619
1.6739, 0.0619
1.6888, 0.06
1.704, 0.0582
1.7191, 0.0582
1.7345, 0.0565
1.75, 0.0548
1.7656, 0.0548
1.7814, 0.0532
1.7973, 0.0532
1.8133, 0.0516
1.8295, 0.05
1.8458, 0.05
1.8622, 0.0485
1.8789, 0.0471
1.8957, 0.0471
1.9125, 0.0457
1.9297, 0.0443
1.9468, 0.043
1.9643, 0.043
1.9818, 0.0417
1.9995, 0.0405
2.0173, 0.0405
2.0354, 0.0392
2.0535, 0.0381
2.0535, 0.0369
2.0719, 0.0358
2.0904, 0.0348
2.0904, 0.0337
2.0904, 0.0327
2.1091, 0.0327
2.1279, 0.0317
2.1469, 0.0308
2.166, 0.0299
2.1854, 0.029
2.2049, 0.0281
2.2246, 0.0281
2.2444, 0.0273
2.2645, 0.0264
2.2847, 0.0257
2.3051, 0.0257
2.3256, 0.0249
2.3464, 0.0241
2.3673, 0.0234
2.3885, 0.0234
2.4098, 0.0227
2.4313, 0.0227
2.453, 0.0227
2.4748, 0.0227
2.4969, 0.0227
2.4969, 0.022
2.5192, 0.0214
2.5417, 0.0214
2.5417, 0.0207
2.5417, 0.0201
2.5417, 0.0195
2.5417, 0.0189
2.5417, 0.0184
2.5417, 0.0178
2.5645, 0.0173
2.5874, 0.0168
2.6105, 0.0163
2.6338, 0.0158
2.6573, 0.0153
2.6811, 0.0153
2.705, 0.0149
2.729, 0.0149
2.7534, 0.0149
2.7534, 0.0144
2.7781, 0.014
2.7781, 0.0136
2.7781, 0.0132
2.7781, 0.0128
2.8029, 0.0124
2.8279, 0.012
2.8279, 0.0116
2.8532, 0.0113
2.8787, 0.011
2.9043, 0.0106
2.9303, 0.0103
2.9304, 0.01
2.9565, 9.7089e-3
2.9828, 9.4186e-3
3.0095, 9.1369e-3
3.0096, 8.8633e-3
3.0364, 8.5983e-3
3.0635, 8.3411e-3
3.0909, 8.0917e-3
3.0909, 7.8494e-3
3.1185, 7.6147e-3
3.1464, 7.3869e-3
3.1464, 7.1658e-3
3.1745, 6.9515e-3
3.2028, 6.7436e-3
3.2028, 6.5417e-3
3.2314, 6.346e-3
3.2603, 6.1563e-3
3.2894, 6.1565e-3
3.3187, 6.1567e-3
3.3483, 6.1569e-3
3.3782, 6.1571e-3
3.3782, 5.9728e-3
3.3782, 5.794e-3
3.3783, 5.6205e-3
3.3783, 5.4522e-3
3.3783, 5.289e-3
3.3783, 5.1306e-3
3.3784, 4.977e-3
3.3784, 4.828e-3
3.4086, 4.6836e-3
3.4086, 4.5434e-3
3.439, 4.4075e-3
3.4697, 4.2757e-3
3.5007, 4.1478e-3
3.5319, 4.0238e-3
3.532, 3.9033e-3
3.5635, 3.7866e-3
3.5953, 3.6733e-3
3.6274, 3.5635e-3
3.6275, 3.4568e-3
3.6275, 3.3533e-3
3.6275, 3.2529e-3
3.6275, 3.1555e-3
3.6276, 3.061e-3
3.66, 2.9695e-3
3.6926, 2.8806e-3
3.6926, 2.7944e-3
3.7256, 2.7108e-3
3.7589, 2.6298e-3
3.7924, 2.5511e-3
3.7925, 2.4747e-3
3.8263, 2.4007e-3
3.8264, 2.3288e-3
3.8605, 2.2592e-3
3.8606, 2.1916e-3
3.8606, 2.1259e-3
3.8606, 2.0623e-3
3.8606, 2.0005e-3
3.8951, 1.9407e-3
3.9299, 1.8827e-3
3.9299, 1.8263e-3
3.9299, 1.7716e-3
3.9649, 1.7186e-3
3.9651, 1.6672e-3
4.0005, 1.6173e-3
4.0005, 1.5689e-3
4.0362, 1.522e-3
4.0722, 1.4765e-3
4.1086, 1.4323e-3
4.1086, 1.3894e-3
4.1453, 1.3479e-3
4.1454, 1.3075e-3
4.1454, 1.2684e-3
4.1454, 1.2304e-3
4.1454, 1.1936e-3
4.1455, 1.1578e-3
4.1455, 1.1231e-3
4.1455, 1.0895e-3
4.1456, 1.0569e-3
4.1826, 1.0253e-3
4.2199, 9.9463e-4
4.22, 9.6485e-4
4.22, 9.3596e-4
4.2577, 9.0797e-4
4.2957, 8.8082e-4
4.2957, 8.5444e-4
4.2958, 8.2886e-4
4.3341, 8.0407e-4
4.3728, 7.8003e-4
4.4118, 7.567e-4
4.4119, 7.3404e-4
4.4119, 7.1207e-4
4.4513, 6.9077e-4
4.4513, 6.7009e-4
4.4514, 6.5003e-4
4.4514, 6.3056e-4
4.4514, 6.1168e-4
4.4515, 5.9337e-4
4.4515, 5.756e-4
4.4912, 5.5839e-4
4.4913, 5.4167e-4
4.4913, 5.2545e-4
4.5314, 5.0974e-4
4.5314, 4.9448e-4
4.5314, 4.7967e-4
4.5718, 4.6533e-4
4.572, 4.5139e-4
4.572, 4.3788e-4
4.6128, 4.2478e-4
4.6129, 4.1206e-4
4.6129, 3.9973e-4
4.6129, 3.8776e-4
4.6541, 3.7616e-4
4.6542, 3.649e-4
4.6542, 3.5397e-4
4.6958, 3.4339e-4
4.6958, 3.3311e-4
4.6958, 3.2313e-4
4.7378, 3.1347e-4
4.7378, 3.0408e-4
4.7378, 2.9498e-4
4.7379, 2.8615e-4
4.7802, 2.7759e-4
4.7802, 2.6928e-4
4.7802, 2.6122e-4
4.8229, 2.534e-4
4.8229, 2.4582e-4
4.823, 2.3846e-4
4.823, 2.3132e-4
4.866, 2.244e-4
4.866, 2.1768e-4
4.8662, 2.1116e-4
4.8662, 2.0484e-4
4.9096, 1.9872e-4
4.9097, 1.9277e-4
4.9097, 1.8699e-4
4.9098, 1.814e-4
4.9536, 1.7597e-4
4.9536, 1.707e-4
4.9537, 1.6559e-4
4.9979, 1.6064e-4
4.9979, 1.5583e-4
4.998, 1.5116e-4
4.998, 1.4664e-4
5.0426, 1.4225e-4
5.0427, 1.3799e-4
5.0427, 1.3386e-4
5.0428, 1.2985e-4
5.0428, 1.2597e-4
5.0878, 1.222e-4
5.0879, 1.1854e-4
5.0879, 1.1499e-4
5.0879, 1.1155e-4
5.1334, 1.0821e-4
5.1791, 1.0822e-4
5.1792, 1.0498e-4
5.2254, 1.0498e-4
