SOURCES 4A Calculation
<<<<<<<<<<<>>>>>>>>>>>



                       Absolute Neutron Source Spectra
                       ~~~~~~~~~~~~~~~~~~~~~~~~~~~~~~~

Title: Th232 (1 ppb) carbon (1.00 g/cm**3)                                          

 Neutron Multigroup Structure (MeV)
 1.000E+01 9.900E+00 9.800E+00 9.700E+00 9.600E+00 9.500E+00 9.400E+00 9.300E+00
 9.200E+00 9.100E+00 9.000E+00 8.900E+00 8.800E+00 8.700E+00 8.600E+00 8.500E+00
 8.400E+00 8.300E+00 8.200E+00 8.100E+00 8.000E+00 7.900E+00 7.800E+00 7.700E+00
 7.600E+00 7.500E+00 7.400E+00 7.300E+00 7.200E+00 7.100E+00 7.000E+00 6.900E+00
 6.800E+00 6.700E+00 6.600E+00 6.500E+00 6.400E+00 6.300E+00 6.200E+00 6.100E+00
 6.000E+00 5.900E+00 5.800E+00 5.700E+00 5.600E+00 5.500E+00 5.400E+00 5.300E+00
 5.200E+00 5.100E+00 5.000E+00 4.900E+00 4.800E+00 4.700E+00 4.600E+00 4.500E+00
 4.400E+00 4.300E+00 4.200E+00 4.100E+00 4.000E+00 3.900E+00 3.800E+00 3.700E+00
 3.600E+00 3.500E+00 3.400E+00 3.300E+00 3.200E+00 3.100E+00 3.000E+00 2.900E+00
 2.800E+00 2.700E+00 2.600E+00 2.500E+00 2.400E+00 2.300E+00 2.200E+00 2.100E+00
 2.000E+00 1.900E+00 1.800E+00 1.700E+00 1.600E+00 1.500E+00 1.400E+00 1.300E+00
 1.200E+00 1.100E+00 1.000E+00 9.000E-01 8.000E-01 7.000E-01 6.000E-01 5.000E-01
 4.000E-01 3.000E-01 2.000E-01 1.000E-01 0.000E+00

--------------------------------------------------------------------------------


 (a,n) neutrons/sec-cc from  2.12690E-02 at/cc bi212  alphas on  c 13  in target
 1.159E-18 1.256E-18 1.377E-18 1.544E-18 1.728E-18 1.895E-18 2.044E-18 2.204E-18
 2.352E-18 2.489E-18 2.647E-18 2.820E-18 3.002E-18 3.173E-18 3.303E-18 3.428E-18
 3.564E-18 3.751E-18 3.944E-18 1.691E-17 2.759E-16 8.731E-16 1.400E-15 1.892E-15
 2.170E-15 2.549E-15 3.186E-15 3.727E-15 4.278E-15 4.825E-15 5.269E-15 5.496E-15
 5.625E-15 5.746E-15 5.879E-15 5.944E-15 6.106E-15 6.144E-15 6.182E-15 6.223E-15
 6.236E-15 6.243E-15 6.278E-15 6.306E-15 6.372E-15 6.675E-15 7.109E-15 7.367E-15
 7.556E-15 7.507E-15 6.698E-15 6.069E-15 5.592E-15 4.700E-15 3.933E-15 3.450E-15
 3.461E-15 3.462E-15 3.430E-15 3.381E-15 3.347E-15 3.344E-15 3.303E-15 3.075E-15
 2.413E-15 2.054E-15 1.822E-15 1.517E-15 1.228E-15 7.171E-16 2.873E-16 1.087E-16
 6.356E-17 4.510E-17 2.976E-17 2.300E-17 2.196E-17 2.315E-17 2.434E-17 2.516E-17
 2.577E-17 2.611E-17 2.629E-17 2.650E-17 2.662E-17 2.655E-17 6.158E-17 4.447E-16
 1.800E-15 3.691E-15 5.155E-15 6.443E-15 7.192E-15 8.009E-15 9.317E-15 1.057E-14
 1.154E-14 1.061E-14 7.374E-15 4.271E-15
                                   Total (all groups):  3.058E-13 neutrons/sec-cm**3   .
                               Average Neutron Energy:  4.147E+00 MeV.


 (a,n) neutrons/sec-cc from  1.12130E-12 at/cc po212  alphas on  c 13  in target
 2.359E-15 2.797E-15 3.336E-15 4.085E-15 4.913E-15 5.660E-15 6.327E-15 7.045E-15
 7.709E-15 8.324E-15 9.034E-15 9.807E-15 1.063E-14 1.139E-14 1.198E-14 1.254E-14
 1.315E-14 1.398E-14 1.485E-14 1.587E-14 1.708E-14 1.818E-14 1.916E-14 2.006E-14
 2.056E-14 2.125E-14 2.239E-14 2.336E-14 2.435E-14 2.534E-14 2.614E-14 2.655E-14
 2.678E-14 2.699E-14 2.723E-14 2.699E-14 2.661E-14 2.598E-14 2.530E-14 2.448E-14
 2.315E-14 2.187E-14 2.070E-14 1.962E-14 1.845E-14 1.758E-14 1.727E-14 1.665E-14
 1.549E-14 1.381E-14 1.208E-14 1.092E-14 1.006E-14 8.449E-15 7.070E-15 6.201E-15
 6.220E-15 6.221E-15 6.161E-15 6.073E-15 6.097E-15 7.301E-15 9.744E-15 1.190E-14
 1.333E-14 1.534E-14 1.763E-14 1.984E-14 2.222E-14 2.511E-14 2.942E-14 3.521E-14
 4.050E-14 4.607E-14 5.182E-14 5.721E-14 6.237E-14 6.791E-14 7.385E-14 8.039E-14
 8.679E-14 9.244E-14 9.752E-14 1.025E-13 1.044E-13 1.052E-13 1.056E-13 1.068E-13
 1.050E-13 1.014E-13 9.643E-14 9.024E-14 8.244E-14 7.358E-14 6.564E-14 5.791E-14
 4.829E-14 3.716E-14 2.620E-14 1.465E-14
                                   Total (all groups):  3.208E-12 neutrons/sec-cm**3   .
                               Average Neutron Energy:  3.099E+00 MeV.


 (a,n) neutrons/sec-cc from  8.48870E-07 at/cc po216  alphas on  c 13  in target
 0.000E+00 0.000E+00 0.000E+00 0.000E+00 0.000E+00 0.000E+00 0.000E+00 0.000E+00
 0.000E+00 0.000E+00 0.000E+00 0.000E+00 0.000E+00 2.633E-16 1.101E-15 1.938E-15
 2.850E-15 4.101E-15 5.393E-15 6.924E-15 8.722E-15 1.037E-14 1.183E-14 1.318E-14
 1.393E-14 1.495E-14 1.666E-14 1.811E-14 1.959E-14 2.106E-14 2.226E-14 2.287E-14
 2.321E-14 2.354E-14 2.390E-14 2.407E-14 2.451E-14 2.461E-14 2.471E-14 2.482E-14
 2.486E-14 2.488E-14 2.497E-14 2.505E-14 2.523E-14 2.590E-14 2.580E-14 2.488E-14
 2.315E-14 2.063E-14 1.805E-14 1.631E-14 1.502E-14 1.262E-14 1.056E-14 9.264E-15
 9.292E-15 9.293E-15 9.204E-15 9.073E-15 8.980E-15 8.970E-15 8.856E-15 8.242E-15
 6.460E-15 5.491E-15 4.867E-15 4.043E-15 3.266E-15 1.889E-15 7.310E-16 2.471E-16
 1.224E-16 6.936E-17 2.679E-17 5.818E-18 1.253E-19 0.000E+00 0.000E+00 8.383E-17
 1.191E-15 4.821E-15 8.442E-15 1.220E-14 1.664E-14 2.171E-14 2.650E-14 3.279E-14
 3.784E-14 4.308E-14 4.742E-14 5.230E-14 5.563E-14 5.890E-14 5.873E-14 5.614E-14
 5.046E-14 4.165E-14 3.356E-14 2.099E-14
                                   Total (all groups):  1.517E-12 neutrons/sec-cm**3   .
                               Average Neutron Energy:  3.616E+00 MeV.


 (a,n) neutrons/sec-cc from  3.25500E-04 at/cc rn220  alphas on  c 13  in target
 0.000E+00 0.000E+00 0.000E+00 0.000E+00 0.000E+00 0.000E+00 0.000E+00 0.000E+00
 0.000E+00 0.000E+00 0.000E+00 0.000E+00 0.000E+00 0.000E+00 0.000E+00 0.000E+00
 0.000E+00 1.486E-17 8.193E-16 2.402E-15 4.260E-15 5.970E-15 7.476E-15 8.868E-15
 9.646E-15 1.070E-14 1.247E-14 1.397E-14 1.550E-14 1.703E-14 1.826E-14 1.889E-14
 1.925E-14 1.958E-14 1.996E-14 2.014E-14 2.059E-14 2.069E-14 2.080E-14 2.091E-14
 2.095E-14 2.097E-14 2.107E-14 2.115E-14 2.133E-14 2.218E-14 2.338E-14 2.410E-14
 2.389E-14 2.134E-14 1.867E-14 1.687E-14 1.554E-14 1.306E-14 1.093E-14 9.584E-15
 9.613E-15 9.613E-15 9.521E-15 9.385E-15 9.289E-15 9.279E-15 9.161E-15 8.526E-15
 6.683E-15 5.680E-15 5.034E-15 4.182E-15 3.378E-15 1.954E-15 7.557E-16 2.552E-16
 1.261E-16 7.131E-17 2.777E-17 6.076E-18 1.296E-19 0.000E+00 0.000E+00 0.000E+00
 0.000E+00 0.000E+00 0.000E+00 0.000E+00 1.640E-16 1.783E-15 6.534E-15 1.303E-14
 1.826E-14 2.367E-14 2.785E-14 3.149E-14 3.360E-14 3.588E-14 3.952E-14 4.290E-14
 4.125E-14 3.162E-14 2.324E-14 1.457E-14
                                   Total (all groups):  1.101E-12 neutrons/sec-cm**3   .
                               Average Neutron Energy:  3.947E+00 MeV.


 (a,n) neutrons/sec-cc from  1.83710E+00 at/cc ra224  alphas on  c 13  in target
 0.000E+00 0.000E+00 0.000E+00 0.000E+00 0.000E+00 0.000E+00 0.000E+00 0.000E+00
 0.000E+00 0.000E+00 0.000E+00 0.000E+00 0.000E+00 0.000E+00 0.000E+00 0.000E+00
 0.000E+00 0.000E+00 0.000E+00 0.000E+00 0.000E+00 0.000E+00 0.000E+00 1.018E-16
 6.914E-16 1.691E-15 3.426E-15 4.916E-15 6.436E-15 7.946E-15 9.171E-15 9.796E-15
 1.015E-14 1.048E-14 1.085E-14 1.103E-14 1.148E-14 1.159E-14 1.169E-14 1.180E-14
 1.184E-14 1.186E-14 1.196E-14 1.204E-14 1.222E-14 1.306E-14 1.425E-14 1.497E-14
 1.549E-14 1.584E-14 1.615E-14 1.648E-14 1.539E-14 1.296E-14 1.084E-14 9.510E-15
 9.539E-15 9.540E-15 9.448E-15 9.314E-15 9.218E-15 9.208E-15 9.091E-15 8.461E-15
 6.632E-15 5.636E-15 4.996E-15 4.150E-15 3.352E-15 1.939E-15 7.501E-16 2.533E-16
 1.252E-16 7.063E-17 2.757E-17 6.038E-18 1.286E-19 0.000E+00 0.000E+00 0.000E+00
 0.000E+00 0.000E+00 0.000E+00 0.000E+00 0.000E+00 0.000E+00 0.000E+00 0.000E+00
 0.000E+00 0.000E+00 4.661E-17 4.776E-16 2.063E-15 4.225E-15 7.745E-15 1.120E-14
 1.398E-14 1.638E-14 1.775E-14 1.171E-14
                                   Total (all groups):  5.354E-13 neutrons/sec-cm**3   .
                               Average Neutron Energy:  4.504E+00 MeV.


 (a,n) neutrons/sec-cc from  3.53160E+02 at/cc th228  alphas on  c 13  in target
 0.000E+00 0.000E+00 0.000E+00 0.000E+00 0.000E+00 0.000E+00 0.000E+00 0.000E+00
 0.000E+00 0.000E+00 0.000E+00 0.000E+00 0.000E+00 0.000E+00 0.000E+00 0.000E+00
 0.000E+00 0.000E+00 0.000E+00 0.000E+00 0.000E+00 0.000E+00 0.000E+00 0.000E+00
 0.000E+00 1.409E-18 7.174E-16 2.093E-15 3.618E-15 5.138E-15 6.372E-15 7.002E-15
 7.360E-15 7.695E-15 8.066E-15 8.248E-15 8.698E-15 8.804E-15 8.908E-15 9.024E-15
 9.061E-15 9.081E-15 9.180E-15 9.257E-15 9.441E-15 1.028E-14 1.149E-14 1.221E-14
 1.273E-14 1.308E-14 1.340E-14 1.397E-14 1.433E-14 1.302E-14 1.092E-14 9.576E-15
 9.605E-15 9.606E-15 9.514E-15 9.378E-15 9.282E-15 9.272E-15 9.154E-15 8.519E-15
 6.678E-15 5.676E-15 5.031E-15 4.180E-15 3.376E-15 1.953E-15 7.560E-16 2.558E-16
 1.268E-16 7.188E-17 2.787E-17 6.098E-18 1.295E-19 0.000E+00 0.000E+00 0.000E+00
 0.000E+00 0.000E+00 0.000E+00 0.000E+00 0.000E+00 0.000E+00 0.000E+00 0.000E+00
 0.000E+00 0.000E+00 0.000E+00 0.000E+00 0.000E+00 1.102E-16 8.439E-16 3.268E-15
 5.969E-15 8.377E-15 1.015E-14 9.156E-15
                                   Total (all groups):  4.131E-13 neutrons/sec-cm**3   .
                               Average Neutron Energy:  4.681E+00 MeV.


 (a,n) neutrons/sec-cc from  2.59570E+12 at/cc th232  alphas on  c 13  in target
 0.000E+00 0.000E+00 0.000E+00 0.000E+00 0.000E+00 0.000E+00 0.000E+00 0.000E+00
 0.000E+00 0.000E+00 0.000E+00 0.000E+00 0.000E+00 0.000E+00 0.000E+00 0.000E+00
 0.000E+00 0.000E+00 0.000E+00 0.000E+00 0.000E+00 0.000E+00 0.000E+00 0.000E+00
 0.000E+00 0.000E+00 0.000E+00 0.000E+00 0.000E+00 0.000E+00 0.000E+00 0.000E+00
 0.000E+00 0.000E+00 0.000E+00 0.000E+00 0.000E+00 0.000E+00 0.000E+00 1.577E-17
 4.665E-17 6.673E-17 1.661E-16 2.429E-16 4.272E-16 1.272E-15 2.478E-15 3.196E-15
 3.722E-15 4.074E-15 4.390E-15 4.963E-15 5.383E-15 5.748E-15 6.324E-15 7.123E-15
 7.979E-15 8.582E-15 9.026E-15 9.215E-15 9.282E-15 9.279E-15 9.161E-15 8.526E-15
 6.683E-15 5.680E-15 5.035E-15 4.182E-15 3.378E-15 1.954E-15 7.557E-16 2.552E-16
 1.261E-16 7.114E-17 2.777E-17 6.082E-18 1.296E-19 0.000E+00 0.000E+00 0.000E+00
 0.000E+00 0.000E+00 0.000E+00 0.000E+00 0.000E+00 0.000E+00 0.000E+00 0.000E+00
 0.000E+00 0.000E+00 0.000E+00 0.000E+00 0.000E+00 0.000E+00 0.000E+00 0.000E+00
 0.000E+00 0.000E+00 0.000E+00 0.000E+00
                                   Total (all groups):  1.488E-13 neutrons/sec-cm**3   .
                               Average Neutron Energy:  4.156E+00 MeV.



 Total (alpha,n) neutron spectrum this target
 2.360E-15 2.799E-15 3.338E-15 4.087E-15 4.915E-15 5.662E-15 6.329E-15 7.047E-15
 7.711E-15 8.327E-15 9.036E-15 9.810E-15 1.063E-14 1.166E-14 1.308E-14 1.448E-14
 1.600E-14 1.810E-14 2.107E-14 2.522E-14 3.033E-14 3.540E-14 3.987E-14 4.410E-14
 4.700E-14 5.114E-14 5.885E-14 6.618E-14 7.378E-14 8.134E-14 8.747E-14 9.060E-14
 9.238E-14 9.404E-14 9.588E-14 9.642E-14 9.799E-14 9.782E-14 9.759E-14 9.728E-14
 9.614E-14 9.497E-14 9.433E-14 9.366E-14 9.346E-14 9.695E-14 1.018E-13 1.034E-13
 1.020E-13 9.627E-14 8.944E-14 8.558E-14 8.132E-14 7.056E-14 6.058E-14 5.471E-14
 5.571E-14 5.632E-14 5.630E-14 5.582E-14 5.550E-14 5.665E-14 5.847E-14 5.725E-14
 4.888E-14 4.556E-14 4.442E-14 4.209E-14 4.020E-14 3.552E-14 3.346E-14 3.658E-14
 4.119E-14 4.647E-14 5.199E-14 5.726E-14 6.239E-14 6.793E-14 7.388E-14 8.050E-14
 8.801E-14 9.729E-14 1.060E-13 1.148E-13 1.213E-13 1.288E-13 1.387E-13 1.531E-13
 1.629E-13 1.718E-13 1.769E-13 1.810E-13 1.809E-13 1.807E-13 1.818E-13 1.820E-13
 1.715E-13 1.458E-13 1.183E-13 7.533E-14
                                   Total (all groups):  7.229E-12 neutrons/sec-cm**3   .
                               Average Neutron Energy:  3.597E+00 MeV.
 

--------------------------------------------------------------------------------
 

--------------------------------------------------------------------------------



 Grand total (alpha,n) neutron spectrum, all targets, all sources
 2.360E-15 2.799E-15 3.338E-15 4.087E-15 4.915E-15 5.662E-15 6.329E-15 7.047E-15
 7.711E-15 8.327E-15 9.036E-15 9.810E-15 1.063E-14 1.166E-14 1.308E-14 1.448E-14
 1.600E-14 1.810E-14 2.107E-14 2.522E-14 3.033E-14 3.540E-14 3.987E-14 4.410E-14
 4.700E-14 5.114E-14 5.885E-14 6.618E-14 7.378E-14 8.134E-14 8.747E-14 9.060E-14
 9.238E-14 9.404E-14 9.588E-14 9.642E-14 9.799E-14 9.782E-14 9.759E-14 9.728E-14
 9.614E-14 9.497E-14 9.433E-14 9.366E-14 9.346E-14 9.695E-14 1.018E-13 1.034E-13
 1.020E-13 9.627E-14 8.944E-14 8.558E-14 8.132E-14 7.056E-14 6.058E-14 5.471E-14
 5.571E-14 5.632E-14 5.630E-14 5.582E-14 5.550E-14 5.665E-14 5.847E-14 5.725E-14
 4.888E-14 4.556E-14 4.442E-14 4.209E-14 4.020E-14 3.552E-14 3.346E-14 3.658E-14
 4.119E-14 4.647E-14 5.199E-14 5.726E-14 6.239E-14 6.793E-14 7.388E-14 8.050E-14
 8.801E-14 9.729E-14 1.060E-13 1.148E-13 1.213E-13 1.288E-13 1.387E-13 1.531E-13
 1.629E-13 1.718E-13 1.769E-13 1.810E-13 1.809E-13 1.807E-13 1.818E-13 1.820E-13
 1.715E-13 1.458E-13 1.183E-13 7.533E-14
                                   Total (all groups):  7.229E-12 neutrons/sec-cm**3   .
                               Average Neutron Energy:  3.597E+00 MeV.
 

--------------------------------------------------------------------------------

--------------------------------------------------------------------------------
 


 S.F. neutrons/cc from  2.59570E+12 at/cc th232 
 6.446E-22 7.277E-22 8.259E-22 9.364E-22 1.053E-21 1.195E-21 1.346E-21 1.526E-21
 1.721E-21 1.944E-21 2.194E-21 2.473E-21 2.795E-21 3.152E-21 3.554E-21 4.009E-21
 4.516E-21 5.088E-21 5.734E-21 6.454E-21 7.267E-21 8.176E-21 9.202E-21 1.034E-20
 1.163E-20 1.307E-20 1.469E-20 1.649E-20 1.852E-20 2.078E-20 2.332E-20 2.615E-20
 2.931E-20 3.284E-20 3.678E-20 4.118E-20 4.608E-20 5.155E-20 5.764E-20 6.441E-20
 7.195E-20 8.033E-20 8.965E-20 9.999E-20 1.115E-19 1.242E-19 1.383E-19 1.539E-19
 1.712E-19 1.903E-19 2.114E-19 2.347E-19 2.603E-19 2.886E-19 3.198E-19 3.540E-19
 3.916E-19 4.329E-19 4.781E-19 5.276E-19 5.818E-19 6.409E-19 7.053E-19 7.755E-19
 8.518E-19 9.346E-19 1.024E-18 1.121E-18 1.226E-18 1.339E-18 1.460E-18 1.590E-18
 1.729E-18 1.878E-18 2.035E-18 2.202E-18 2.378E-18 2.564E-18 2.758E-18 2.960E-18
 3.169E-18 3.384E-18 3.603E-18 3.824E-18 4.046E-18 4.264E-18 4.476E-18 4.676E-18
 4.860E-18 5.021E-18 5.152E-18 5.244E-18 5.286E-18 5.264E-18 5.163E-18 4.961E-18
 4.628E-18 4.117E-18 3.331E-18 1.894E-18
                                   Total (all groups):  1.224E-16 neutrons/sec-cm**3   .
                               Average Neutron Energy:  1.597E+00 MeV.
 

--------------------------------------------------------------------------------




 Total Neutron Spectrum
 2.360E-15 2.799E-15 3.338E-15 4.087E-15 4.915E-15 5.662E-15 6.329E-15 7.047E-15
 7.711E-15 8.327E-15 9.036E-15 9.810E-15 1.063E-14 1.166E-14 1.308E-14 1.448E-14
 1.600E-14 1.810E-14 2.107E-14 2.522E-14 3.033E-14 3.540E-14 3.987E-14 4.410E-14
 4.700E-14 5.114E-14 5.885E-14 6.618E-14 7.378E-14 8.134E-14 8.747E-14 9.060E-14
 9.238E-14 9.404E-14 9.588E-14 9.642E-14 9.799E-14 9.782E-14 9.759E-14 9.728E-14
 9.614E-14 9.497E-14 9.433E-14 9.366E-14 9.346E-14 9.695E-14 1.018E-13 1.034E-13
 1.020E-13 9.627E-14 8.944E-14 8.558E-14 8.132E-14 7.056E-14 6.058E-14 5.471E-14
 5.571E-14 5.632E-14 5.630E-14 5.582E-14 5.550E-14 5.665E-14 5.847E-14 5.725E-14
 4.888E-14 4.556E-14 4.442E-14 4.209E-14 4.020E-14 3.552E-14 3.346E-14 3.658E-14
 4.120E-14 4.647E-14 5.199E-14 5.726E-14 6.239E-14 6.794E-14 7.388E-14 8.051E-14
 8.801E-14 9.729E-14 1.060E-13 1.148E-13 1.213E-13 1.288E-13 1.387E-13 1.531E-13
 1.629E-13 1.718E-13 1.769E-13 1.810E-13 1.809E-13 1.807E-13 1.818E-13 1.820E-13
 1.715E-13 1.458E-13 1.183E-13 7.534E-14
                                   Total (all groups):  7.230E-12 neutrons/sec-cm**3   .
                               Average Neutron Energy:  3.597E+00 MeV.
