SOURCES 4A Calculation
<<<<<<<<<<<>>>>>>>>>>>



                      Normalized Neutron Source Spectra
                      ~~~~~~~~~~~~~~~~~~~~~~~~~~~~~~~~~

Title: Th232 (1 ppb) carbon (1.00 g/cm**3)                                          

 Neutron Multigroup Structure (MeV)
 1.000E+01 9.900E+00 9.800E+00 9.700E+00 9.600E+00 9.500E+00 9.400E+00 9.300E+00
 9.200E+00 9.100E+00 9.000E+00 8.900E+00 8.800E+00 8.700E+00 8.600E+00 8.500E+00
 8.400E+00 8.300E+00 8.200E+00 8.100E+00 8.000E+00 7.900E+00 7.800E+00 7.700E+00
 7.600E+00 7.500E+00 7.400E+00 7.300E+00 7.200E+00 7.100E+00 7.000E+00 6.900E+00
 6.800E+00 6.700E+00 6.600E+00 6.500E+00 6.400E+00 6.300E+00 6.200E+00 6.100E+00
 6.000E+00 5.900E+00 5.800E+00 5.700E+00 5.600E+00 5.500E+00 5.400E+00 5.300E+00
 5.200E+00 5.100E+00 5.000E+00 4.900E+00 4.800E+00 4.700E+00 4.600E+00 4.500E+00
 4.400E+00 4.300E+00 4.200E+00 4.100E+00 4.000E+00 3.900E+00 3.800E+00 3.700E+00
 3.600E+00 3.500E+00 3.400E+00 3.300E+00 3.200E+00 3.100E+00 3.000E+00 2.900E+00
 2.800E+00 2.700E+00 2.600E+00 2.500E+00 2.400E+00 2.300E+00 2.200E+00 2.100E+00
 2.000E+00 1.900E+00 1.800E+00 1.700E+00 1.600E+00 1.500E+00 1.400E+00 1.300E+00
 1.200E+00 1.100E+00 1.000E+00 9.000E-01 8.000E-01 7.000E-01 6.000E-01 5.000E-01
 4.000E-01 3.000E-01 2.000E-01 1.000E-01 0.000E+00

--------------------------------------------------------------------------------


 (a,n) neutrons/sec-cc from  2.12690E-02 at/cc bi212  alphas on  c 13  in target
 3.788E-06 4.107E-06 4.500E-06 5.046E-06 5.650E-06 6.195E-06 6.681E-06 7.204E-06
 7.689E-06 8.138E-06 8.655E-06 9.219E-06 9.816E-06 1.037E-05 1.080E-05 1.121E-05
 1.165E-05 1.226E-05 1.290E-05 5.529E-05 9.022E-04 2.855E-03 4.577E-03 6.187E-03
 7.093E-03 8.334E-03 1.042E-02 1.218E-02 1.399E-02 1.578E-02 1.723E-02 1.797E-02
 1.839E-02 1.878E-02 1.922E-02 1.943E-02 1.996E-02 2.009E-02 2.021E-02 2.035E-02
 2.039E-02 2.041E-02 2.053E-02 2.062E-02 2.083E-02 2.182E-02 2.324E-02 2.409E-02
 2.470E-02 2.455E-02 2.190E-02 1.984E-02 1.828E-02 1.537E-02 1.286E-02 1.128E-02
 1.132E-02 1.132E-02 1.121E-02 1.105E-02 1.094E-02 1.093E-02 1.080E-02 1.005E-02
 7.889E-03 6.714E-03 5.958E-03 4.958E-03 4.016E-03 2.345E-03 9.393E-04 3.553E-04
 2.078E-04 1.474E-04 9.729E-05 7.520E-05 7.178E-05 7.567E-05 7.958E-05 8.225E-05
 8.426E-05 8.538E-05 8.597E-05 8.663E-05 8.704E-05 8.680E-05 2.013E-04 1.454E-03
 5.885E-03 1.207E-02 1.685E-02 2.106E-02 2.351E-02 2.618E-02 3.046E-02 3.456E-02
 3.771E-02 3.468E-02 2.411E-02 1.396E-02
                                   Total (all groups):  9.997E-01 neutrons/sec-cm**3   .
                               Average Neutron Energy:  4.147E+00 MeV.


 (a,n) neutrons/sec-cc from  1.12130E-12 at/cc po212  alphas on  c 13  in target
 7.339E-04 8.702E-04 1.038E-03 1.271E-03 1.528E-03 1.761E-03 1.968E-03 2.191E-03
 2.398E-03 2.590E-03 2.810E-03 3.051E-03 3.305E-03 3.544E-03 3.725E-03 3.900E-03
 4.089E-03 4.350E-03 4.619E-03 4.938E-03 5.312E-03 5.657E-03 5.960E-03 6.240E-03
 6.397E-03 6.609E-03 6.965E-03 7.268E-03 7.576E-03 7.882E-03 8.131E-03 8.258E-03
 8.330E-03 8.397E-03 8.472E-03 8.395E-03 8.278E-03 8.082E-03 7.871E-03 7.614E-03
 7.200E-03 6.802E-03 6.440E-03 6.104E-03 5.738E-03 5.469E-03 5.373E-03 5.180E-03
 4.820E-03 4.295E-03 3.758E-03 3.396E-03 3.128E-03 2.628E-03 2.199E-03 1.929E-03
 1.935E-03 1.935E-03 1.916E-03 1.889E-03 1.897E-03 2.271E-03 3.031E-03 3.703E-03
 4.146E-03 4.773E-03 5.485E-03 6.171E-03 6.913E-03 7.812E-03 9.153E-03 1.095E-02
 1.260E-02 1.433E-02 1.612E-02 1.780E-02 1.940E-02 2.113E-02 2.297E-02 2.501E-02
 2.700E-02 2.876E-02 3.034E-02 3.190E-02 3.249E-02 3.274E-02 3.286E-02 3.323E-02
 3.267E-02 3.154E-02 3.000E-02 2.807E-02 2.564E-02 2.289E-02 2.042E-02 1.801E-02
 1.502E-02 1.156E-02 8.151E-03 4.556E-03
                                   Total (all groups):  9.980E-01 neutrons/sec-cm**3   .
                               Average Neutron Energy:  3.099E+00 MeV.


 (a,n) neutrons/sec-cc from  8.48870E-07 at/cc po216  alphas on  c 13  in target
 0.000E+00 0.000E+00 0.000E+00 0.000E+00 0.000E+00 0.000E+00 0.000E+00 0.000E+00
 0.000E+00 0.000E+00 0.000E+00 0.000E+00 0.000E+00 1.735E-04 7.252E-04 1.277E-03
 1.878E-03 2.702E-03 3.554E-03 4.562E-03 5.747E-03 6.836E-03 7.796E-03 8.683E-03
 9.178E-03 9.850E-03 1.098E-02 1.193E-02 1.291E-02 1.388E-02 1.466E-02 1.507E-02
 1.529E-02 1.551E-02 1.574E-02 1.586E-02 1.615E-02 1.622E-02 1.628E-02 1.636E-02
 1.638E-02 1.639E-02 1.645E-02 1.650E-02 1.662E-02 1.707E-02 1.700E-02 1.639E-02
 1.525E-02 1.359E-02 1.189E-02 1.075E-02 9.898E-03 8.317E-03 6.959E-03 6.104E-03
 6.123E-03 6.123E-03 6.064E-03 5.978E-03 5.917E-03 5.910E-03 5.835E-03 5.430E-03
 4.257E-03 3.618E-03 3.207E-03 2.664E-03 2.152E-03 1.245E-03 4.816E-04 1.628E-04
 8.062E-05 4.570E-05 1.765E-05 3.834E-06 8.253E-08 0.000E+00 0.000E+00 5.524E-05
 7.847E-04 3.176E-03 5.562E-03 8.035E-03 1.096E-02 1.430E-02 1.746E-02 2.161E-02
 2.493E-02 2.838E-02 3.124E-02 3.446E-02 3.666E-02 3.881E-02 3.870E-02 3.699E-02
 3.325E-02 2.744E-02 2.211E-02 1.383E-02
                                   Total (all groups):  9.994E-01 neutrons/sec-cm**3   .
                               Average Neutron Energy:  3.616E+00 MeV.


 (a,n) neutrons/sec-cc from  3.25500E-04 at/cc rn220  alphas on  c 13  in target
 0.000E+00 0.000E+00 0.000E+00 0.000E+00 0.000E+00 0.000E+00 0.000E+00 0.000E+00
 0.000E+00 0.000E+00 0.000E+00 0.000E+00 0.000E+00 0.000E+00 0.000E+00 0.000E+00
 0.000E+00 1.349E-05 7.435E-04 2.180E-03 3.865E-03 5.417E-03 6.784E-03 8.047E-03
 8.753E-03 9.710E-03 1.132E-02 1.268E-02 1.407E-02 1.545E-02 1.657E-02 1.714E-02
 1.747E-02 1.777E-02 1.811E-02 1.827E-02 1.868E-02 1.878E-02 1.887E-02 1.898E-02
 1.901E-02 1.903E-02 1.912E-02 1.919E-02 1.936E-02 2.012E-02 2.122E-02 2.187E-02
 2.168E-02 1.936E-02 1.694E-02 1.531E-02 1.410E-02 1.185E-02 9.915E-03 8.696E-03
 8.723E-03 8.723E-03 8.639E-03 8.517E-03 8.429E-03 8.420E-03 8.313E-03 7.736E-03
 6.064E-03 5.154E-03 4.568E-03 3.795E-03 3.065E-03 1.773E-03 6.858E-04 2.316E-04
 1.145E-04 6.471E-05 2.520E-05 5.513E-06 1.176E-07 0.000E+00 0.000E+00 0.000E+00
 0.000E+00 0.000E+00 0.000E+00 0.000E+00 1.488E-04 1.618E-03 5.929E-03 1.183E-02
 1.657E-02 2.148E-02 2.527E-02 2.858E-02 3.049E-02 3.256E-02 3.586E-02 3.893E-02
 3.743E-02 2.869E-02 2.109E-02 1.322E-02
                                   Total (all groups):  9.992E-01 neutrons/sec-cm**3   .
                               Average Neutron Energy:  3.947E+00 MeV.


 (a,n) neutrons/sec-cc from  1.83710E+00 at/cc ra224  alphas on  c 13  in target
 0.000E+00 0.000E+00 0.000E+00 0.000E+00 0.000E+00 0.000E+00 0.000E+00 0.000E+00
 0.000E+00 0.000E+00 0.000E+00 0.000E+00 0.000E+00 0.000E+00 0.000E+00 0.000E+00
 0.000E+00 0.000E+00 0.000E+00 0.000E+00 0.000E+00 0.000E+00 0.000E+00 1.901E-04
 1.291E-03 3.156E-03 6.396E-03 9.179E-03 1.202E-02 1.484E-02 1.712E-02 1.829E-02
 1.895E-02 1.958E-02 2.026E-02 2.060E-02 2.144E-02 2.163E-02 2.182E-02 2.204E-02
 2.211E-02 2.215E-02 2.233E-02 2.247E-02 2.281E-02 2.438E-02 2.661E-02 2.794E-02
 2.892E-02 2.957E-02 3.015E-02 3.076E-02 2.874E-02 2.419E-02 2.024E-02 1.776E-02
 1.781E-02 1.781E-02 1.764E-02 1.739E-02 1.721E-02 1.719E-02 1.697E-02 1.580E-02
 1.238E-02 1.052E-02 9.328E-03 7.748E-03 6.259E-03 3.621E-03 1.400E-03 4.730E-04
 2.338E-04 1.319E-04 5.147E-05 1.127E-05 2.401E-07 0.000E+00 0.000E+00 0.000E+00
 0.000E+00 0.000E+00 0.000E+00 0.000E+00 0.000E+00 0.000E+00 0.000E+00 0.000E+00
 0.000E+00 0.000E+00 8.702E-05 8.917E-04 3.851E-03 7.889E-03 1.446E-02 2.092E-02
 2.610E-02 3.059E-02 3.314E-02 2.186E-02
                                   Total (all groups):  9.997E-01 neutrons/sec-cm**3   .
                               Average Neutron Energy:  4.504E+00 MeV.


 (a,n) neutrons/sec-cc from  3.53160E+02 at/cc th228  alphas on  c 13  in target
 0.000E+00 0.000E+00 0.000E+00 0.000E+00 0.000E+00 0.000E+00 0.000E+00 0.000E+00
 0.000E+00 0.000E+00 0.000E+00 0.000E+00 0.000E+00 0.000E+00 0.000E+00 0.000E+00
 0.000E+00 0.000E+00 0.000E+00 0.000E+00 0.000E+00 0.000E+00 0.000E+00 0.000E+00
 0.000E+00 3.409E-06 1.736E-03 5.064E-03 8.755E-03 1.243E-02 1.542E-02 1.694E-02
 1.781E-02 1.862E-02 1.952E-02 1.996E-02 2.105E-02 2.130E-02 2.155E-02 2.184E-02
 2.192E-02 2.197E-02 2.221E-02 2.240E-02 2.284E-02 2.489E-02 2.780E-02 2.954E-02
 3.081E-02 3.166E-02 3.242E-02 3.381E-02 3.467E-02 3.151E-02 2.642E-02 2.317E-02
 2.324E-02 2.324E-02 2.302E-02 2.269E-02 2.246E-02 2.243E-02 2.215E-02 2.061E-02
 1.616E-02 1.373E-02 1.217E-02 1.011E-02 8.170E-03 4.727E-03 1.829E-03 6.190E-04
 3.069E-04 1.739E-04 6.743E-05 1.476E-05 3.133E-07 0.000E+00 0.000E+00 0.000E+00
 0.000E+00 0.000E+00 0.000E+00 0.000E+00 0.000E+00 0.000E+00 0.000E+00 0.000E+00
 0.000E+00 0.000E+00 0.000E+00 0.000E+00 0.000E+00 2.668E-04 2.042E-03 7.907E-03
 1.444E-02 2.027E-02 2.455E-02 2.216E-02
                                   Total (all groups):  9.996E-01 neutrons/sec-cm**3   .
                               Average Neutron Energy:  4.681E+00 MeV.


 (a,n) neutrons/sec-cc from  2.59570E+12 at/cc th232  alphas on  c 13  in target
 0.000E+00 0.000E+00 0.000E+00 0.000E+00 0.000E+00 0.000E+00 0.000E+00 0.000E+00
 0.000E+00 0.000E+00 0.000E+00 0.000E+00 0.000E+00 0.000E+00 0.000E+00 0.000E+00
 0.000E+00 0.000E+00 0.000E+00 0.000E+00 0.000E+00 0.000E+00 0.000E+00 0.000E+00
 0.000E+00 0.000E+00 0.000E+00 0.000E+00 0.000E+00 0.000E+00 0.000E+00 0.000E+00
 0.000E+00 0.000E+00 0.000E+00 0.000E+00 0.000E+00 0.000E+00 0.000E+00 1.059E-04
 3.134E-04 4.483E-04 1.116E-03 1.632E-03 2.870E-03 8.544E-03 1.665E-02 2.147E-02
 2.501E-02 2.737E-02 2.949E-02 3.334E-02 3.617E-02 3.862E-02 4.249E-02 4.785E-02
 5.361E-02 5.766E-02 6.064E-02 6.191E-02 6.236E-02 6.234E-02 6.155E-02 5.728E-02
 4.490E-02 3.816E-02 3.383E-02 2.810E-02 2.270E-02 1.313E-02 5.077E-03 1.714E-03
 8.472E-04 4.780E-04 1.866E-04 4.086E-05 8.706E-07 0.000E+00 0.000E+00 0.000E+00
 0.000E+00 0.000E+00 0.000E+00 0.000E+00 0.000E+00 0.000E+00 0.000E+00 0.000E+00
 0.000E+00 0.000E+00 0.000E+00 0.000E+00 0.000E+00 0.000E+00 0.000E+00 0.000E+00
 0.000E+00 0.000E+00 0.000E+00 0.000E+00
                                   Total (all groups):  1.000E+00 neutrons/sec-cm**3   .
                               Average Neutron Energy:  4.156E+00 MeV.



 Total (alpha,n) neutron spectrum this target
 3.261E-04 3.867E-04 4.611E-04 5.646E-04 6.790E-04 7.823E-04 8.745E-04 9.736E-04
 1.065E-03 1.150E-03 1.248E-03 1.355E-03 1.469E-03 1.611E-03 1.807E-03 2.000E-03
 2.211E-03 2.501E-03 2.910E-03 3.484E-03 4.191E-03 4.891E-03 5.508E-03 6.093E-03
 6.493E-03 7.065E-03 8.131E-03 9.144E-03 1.019E-02 1.124E-02 1.208E-02 1.252E-02
 1.276E-02 1.299E-02 1.325E-02 1.332E-02 1.354E-02 1.351E-02 1.348E-02 1.344E-02
 1.328E-02 1.312E-02 1.303E-02 1.294E-02 1.291E-02 1.339E-02 1.406E-02 1.428E-02
 1.410E-02 1.330E-02 1.236E-02 1.182E-02 1.123E-02 9.748E-03 8.369E-03 7.559E-03
 7.697E-03 7.781E-03 7.779E-03 7.712E-03 7.667E-03 7.827E-03 8.078E-03 7.910E-03
 6.753E-03 6.294E-03 6.137E-03 5.815E-03 5.554E-03 4.908E-03 4.623E-03 5.054E-03
 5.691E-03 6.421E-03 7.183E-03 7.911E-03 8.620E-03 9.386E-03 1.021E-02 1.112E-02
 1.216E-02 1.344E-02 1.464E-02 1.586E-02 1.675E-02 1.779E-02 1.917E-02 2.115E-02
 2.251E-02 2.374E-02 2.444E-02 2.500E-02 2.500E-02 2.497E-02 2.512E-02 2.514E-02
 2.369E-02 2.014E-02 1.634E-02 1.041E-02
                                   Total (all groups):  9.988E-01 neutrons/sec-cm**3   .
                               Average Neutron Energy:  3.597E+00 MeV.
 

--------------------------------------------------------------------------------
 

--------------------------------------------------------------------------------



 Grand total (alpha,n) neutron spectrum, all targets, all sources
 3.261E-04 3.867E-04 4.611E-04 5.646E-04 6.790E-04 7.823E-04 8.745E-04 9.736E-04
 1.065E-03 1.150E-03 1.248E-03 1.355E-03 1.469E-03 1.611E-03 1.807E-03 2.000E-03
 2.211E-03 2.501E-03 2.910E-03 3.484E-03 4.191E-03 4.891E-03 5.508E-03 6.093E-03
 6.493E-03 7.065E-03 8.131E-03 9.144E-03 1.019E-02 1.124E-02 1.208E-02 1.252E-02
 1.276E-02 1.299E-02 1.325E-02 1.332E-02 1.354E-02 1.351E-02 1.348E-02 1.344E-02
 1.328E-02 1.312E-02 1.303E-02 1.294E-02 1.291E-02 1.339E-02 1.406E-02 1.428E-02
 1.410E-02 1.330E-02 1.236E-02 1.182E-02 1.123E-02 9.748E-03 8.369E-03 7.559E-03
 7.697E-03 7.781E-03 7.779E-03 7.712E-03 7.667E-03 7.827E-03 8.078E-03 7.910E-03
 6.753E-03 6.294E-03 6.137E-03 5.815E-03 5.554E-03 4.908E-03 4.623E-03 5.054E-03
 5.691E-03 6.421E-03 7.183E-03 7.911E-03 8.620E-03 9.386E-03 1.021E-02 1.112E-02
 1.216E-02 1.344E-02 1.464E-02 1.586E-02 1.675E-02 1.779E-02 1.917E-02 2.115E-02
 2.251E-02 2.374E-02 2.444E-02 2.500E-02 2.500E-02 2.497E-02 2.512E-02 2.514E-02
 2.369E-02 2.014E-02 1.634E-02 1.041E-02
                                   Total (all groups):  9.988E-01 neutrons/sec-cm**3   .
                               Average Neutron Energy:  3.597E+00 MeV.
 

--------------------------------------------------------------------------------

--------------------------------------------------------------------------------
 
 


 S.F. neutrons/cc from  2.59570E+12 at/cc th232 
 5.264E-06 5.943E-06 6.745E-06 7.647E-06 8.600E-06 9.762E-06 1.099E-05 1.246E-05
 1.405E-05 1.588E-05 1.792E-05 2.020E-05 2.283E-05 2.574E-05 2.903E-05 3.274E-05
 3.688E-05 4.155E-05 4.683E-05 5.271E-05 5.935E-05 6.677E-05 7.515E-05 8.447E-05
 9.501E-05 1.067E-04 1.200E-04 1.347E-04 1.512E-04 1.697E-04 1.904E-04 2.135E-04
 2.393E-04 2.682E-04 3.004E-04 3.363E-04 3.763E-04 4.210E-04 4.707E-04 5.261E-04
 5.876E-04 6.560E-04 7.321E-04 8.166E-04 9.103E-04 1.014E-03 1.129E-03 1.257E-03
 1.398E-03 1.554E-03 1.726E-03 1.916E-03 2.126E-03 2.357E-03 2.611E-03 2.891E-03
 3.198E-03 3.535E-03 3.905E-03 4.309E-03 4.751E-03 5.234E-03 5.760E-03 6.333E-03
 6.956E-03 7.633E-03 8.365E-03 9.158E-03 1.001E-02 1.093E-02 1.193E-02 1.299E-02
 1.412E-02 1.533E-02 1.662E-02 1.798E-02 1.942E-02 2.094E-02 2.252E-02 2.417E-02
 2.588E-02 2.763E-02 2.942E-02 3.123E-02 3.304E-02 3.483E-02 3.655E-02 3.819E-02
 3.969E-02 4.101E-02 4.208E-02 4.283E-02 4.317E-02 4.299E-02 4.217E-02 4.052E-02
 3.780E-02 3.362E-02 2.720E-02 1.547E-02
                                   Total (all groups):  1.000E+00 neutrons/sec-cm**3   .
                               Average Neutron Energy:  1.597E+00 MeV.
 

--------------------------------------------------------------------------------




 Total Neutron Spectrum
 3.261E-04 3.867E-04 4.611E-04 5.646E-04 6.790E-04 7.823E-04 8.745E-04 9.736E-04
 1.065E-03 1.150E-03 1.248E-03 1.355E-03 1.468E-03 1.611E-03 1.807E-03 2.000E-03
 2.210E-03 2.501E-03 2.910E-03 3.484E-03 4.191E-03 4.891E-03 5.508E-03 6.093E-03
 6.493E-03 7.065E-03 8.131E-03 9.144E-03 1.019E-02 1.124E-02 1.208E-02 1.252E-02
 1.276E-02 1.299E-02 1.325E-02 1.332E-02 1.354E-02 1.351E-02 1.348E-02 1.344E-02
 1.328E-02 1.312E-02 1.303E-02 1.294E-02 1.291E-02 1.339E-02 1.406E-02 1.428E-02
 1.410E-02 1.330E-02 1.236E-02 1.182E-02 1.123E-02 9.748E-03 8.369E-03 7.559E-03
 7.697E-03 7.781E-03 7.779E-03 7.712E-03 7.667E-03 7.827E-03 8.078E-03 7.910E-03
 6.753E-03 6.295E-03 6.137E-03 5.815E-03 5.554E-03 4.908E-03 4.623E-03 5.054E-03
 5.692E-03 6.421E-03 7.183E-03 7.911E-03 8.620E-03 9.386E-03 1.021E-02 1.112E-02
 1.216E-02 1.344E-02 1.464E-02 1.586E-02 1.676E-02 1.779E-02 1.917E-02 2.115E-02
 2.251E-02 2.374E-02 2.444E-02 2.500E-02 2.500E-02 2.497E-02 2.512E-02 2.514E-02
 2.369E-02 2.014E-02 1.634E-02 1.041E-02
                                   Total (all groups):  9.988E-01 neutrons/sec-cm**3   .
                               Average Neutron Energy:  3.597E+00 MeV.
