1.0000e+01 0.0000e+00 2.4810e-20 2.4810e-20
9.9000e+00 0.0000e+00 2.8010e-20 2.8010e-20
9.8000e+00 0.0000e+00 3.1790e-20 3.1790e-20
9.7000e+00 0.0000e+00 3.6040e-20 3.6040e-20
9.6000e+00 0.0000e+00 4.0530e-20 4.0530e-20
9.5000e+00 0.0000e+00 4.6000e-20 4.6000e-20
9.4000e+00 0.0000e+00 5.1810e-20 5.1810e-20
9.2000e+00 0.0000e+00 6.6220e-20 6.6220e-20
9.1000e+00 0.0000e+00 7.4820e-20 7.4820e-20
9.0000e+00 0.0000e+00 8.4440e-20 8.4440e-20
8.9000e+00 0.0000e+00 9.5190e-20 9.5190e-20
8.8000e+00 0.0000e+00 1.0760e-19 1.0760e-19
8.7000e+00 0.0000e+00 1.2130e-19 1.2130e-19
8.6000e+00 0.0000e+00 1.3680e-19 1.3680e-19
8.4000e+00 0.0000e+00 1.7380e-19 1.7380e-19
8.3000e+00 0.0000e+00 1.9580e-19 1.9580e-19
8.2000e+00 0.0000e+00 2.2070e-19 2.2070e-19
8.1000e+00 0.0000e+00 2.4840e-19 2.4840e-19
8.0000e+00 0.0000e+00 2.7970e-19 2.7970e-19
7.9000e+00 0.0000e+00 3.1470e-19 3.1470e-19
7.8000e+00 0.0000e+00 3.5420e-19 3.5420e-19
7.6000e+00 0.0000e+00 4.4780e-19 4.4780e-19
7.5000e+00 0.0000e+00 5.0310e-19 5.0310e-19
7.4000e+00 0.0000e+00 5.6540e-19 5.6540e-19
7.3000e+00 0.0000e+00 6.3480e-19 6.3480e-19
7.2000e+00 0.0000e+00 7.1280e-19 7.1280e-19
7.1000e+00 0.0000e+00 7.9980e-19 7.9980e-19
7.0000e+00 0.0000e+00 8.9740e-19 8.9740e-19
6.8000e+00 0.0000e+00 1.1280e-18 1.1280e-18
6.7000e+00 0.0000e+00 1.2640e-18 1.2640e-18
6.6000e+00 0.0000e+00 1.4160e-18 1.4160e-18
6.5000e+00 0.0000e+00 1.5850e-18 1.5850e-18
6.4000e+00 0.0000e+00 1.7740e-18 1.7740e-18
6.3000e+00 0.0000e+00 1.9840e-18 1.9840e-18
6.2000e+00 0.0000e+00 2.2180e-18 2.2180e-18
6.0000e+00 0.0000e+00 2.7690e-18 2.7690e-18
5.9000e+00 0.0000e+00 3.0920e-18 3.0920e-18
5.8000e+00 0.0000e+00 3.4500e-18 3.4500e-18
5.7000e+00 0.0000e+00 3.8480e-18 3.8480e-18
5.6000e+00 0.0000e+00 4.2900e-18 4.2900e-18
5.5000e+00 0.0000e+00 4.7800e-18 4.7800e-18
5.4000e+00 0.0000e+00 5.3220e-18 5.3220e-18
5.2000e+00 0.0000e+00 6.5880e-18 6.5880e-18
5.1000e+00 0.0000e+00 7.3230e-18 7.3230e-18
5.0000e+00 0.0000e+00 8.1350e-18 8.1350e-18
4.9000e+00 0.0000e+00 9.0310e-18 9.0310e-18
4.8000e+00 0.0000e+00 1.0020e-17 1.0020e-17
4.7000e+00 0.0000e+00 1.1110e-17 1.1110e-17
4.6000e+00 0.0000e+00 1.2310e-17 1.2310e-17
4.4000e+00 0.0000e+00 1.5070e-17 1.5070e-17
4.3000e+00 0.0000e+00 1.6660e-17 1.6660e-17
4.2000e+00 0.0000e+00 1.8400e-17 1.8400e-17
4.1000e+00 0.0000e+00 2.0310e-17 2.0310e-17
4.0000e+00 0.0000e+00 2.2390e-17 2.2390e-17
3.9000e+00 0.0000e+00 2.4670e-17 2.4670e-17
3.8000e+00 2.3740e-21 2.7150e-17 2.7150e-17
3.6000e+00 7.5010e-18 3.2780e-17 4.0280e-17
3.5000e+00 1.7170e-17 3.5970e-17 5.3140e-17
3.4000e+00 3.0180e-17 3.9420e-17 6.9600e-17
3.3000e+00 5.2000e-17 4.3160e-17 9.5150e-17
3.2000e+00 8.6300e-17 4.7190e-17 1.3350e-16
3.1000e+00 1.4030e-16 5.1530e-17 1.9180e-16
3.0000e+00 1.9900e-16 5.6200e-17 2.5520e-16
2.8000e+00 3.2920e-16 6.6550e-17 3.9580e-16
2.7000e+00 4.3630e-15 7.2260e-17 4.4350e-15
2.6000e+00 1.3630e-14 7.8330e-17 1.3710e-14
2.5000e+00 3.0690e-14 8.4750e-17 3.0780e-14
2.4000e+00 5.3790e-14 9.1540e-17 5.3880e-14
2.3000e+00 8.9720e-14 9.8670e-17 8.9820e-14
2.2000e+00 1.4500e-13 1.0610e-16 1.4510e-13
2.0000e+00 3.2660e-13 1.2200e-16 3.2680e-13
1.9000e+00 4.2250e-13 1.3020e-16 4.2260e-13
1.8000e+00 5.2770e-13 1.3870e-16 5.2780e-13
1.7000e+00 6.3150e-13 1.4720e-16 6.3160e-13
1.6000e+00 7.0850e-13 1.5570e-16 7.0860e-13
1.5000e+00 8.1110e-13 1.6410e-16 8.1120e-13
1.4000e+00 9.4360e-13 1.7230e-16 9.4370e-13
1.2000e+00 1.2430e-12 1.8710e-16 1.2430e-12
1.1000e+00 1.3600e-12 1.9330e-16 1.3610e-12
1.0000e+00 1.4170e-12 1.9830e-16 1.4170e-12
9.0000e-01 1.4600e-12 2.0180e-16 1.4600e-12
8.0000e-01 1.6730e-12 2.0340e-16 1.6730e-12
7.0000e-01 2.0360e-12 2.0260e-16 2.0360e-12
6.0000e-01 2.4160e-12 1.9870e-16 2.4160e-12
4.0000e-01 2.6900e-12 1.7810e-16 2.6900e-12
3.0000e-01 2.7240e-12 1.5850e-16 2.7240e-12
2.0000e-01 2.3380e-12 1.2820e-16 2.3380e-12
