1.0000e+01 0.0000e+00 1.5760e-19 1.5760e-19
9.9000e+00 0.0000e+00 1.7790e-19 1.7790e-19
9.8000e+00 0.0000e+00 2.0190e-19 2.0190e-19
9.7000e+00 0.0000e+00 2.2890e-19 2.2890e-19
9.6000e+00 0.0000e+00 2.5750e-19 2.5750e-19
9.5000e+00 0.0000e+00 2.9220e-19 2.9220e-19
9.4000e+00 0.0000e+00 3.2910e-19 3.2910e-19
9.2000e+00 0.0000e+00 4.2070e-19 4.2070e-19
9.1000e+00 0.0000e+00 4.7530e-19 4.7530e-19
9.0000e+00 0.0000e+00 5.3640e-19 5.3640e-19
8.9000e+00 0.0000e+00 6.0470e-19 6.0470e-19
8.8000e+00 0.0000e+00 6.8340e-19 6.8340e-19
8.7000e+00 0.0000e+00 7.7060e-19 7.7060e-19
8.6000e+00 0.0000e+00 8.6890e-19 8.6890e-19
8.4000e+00 0.0000e+00 1.1040e-18 1.1040e-18
8.3000e+00 0.0000e+00 1.2440e-18 1.2440e-18
8.2000e+00 0.0000e+00 1.4020e-18 1.4020e-18
8.1000e+00 0.0000e+00 1.5780e-18 1.5780e-18
8.0000e+00 0.0000e+00 1.7770e-18 1.7770e-18
7.9000e+00 0.0000e+00 1.9990e-18 1.9990e-18
7.8000e+00 0.0000e+00 2.2500e-18 2.2500e-18
7.6000e+00 0.0000e+00 2.8440e-18 2.8440e-18
7.5000e+00 0.0000e+00 3.1960e-18 3.1960e-18
7.4000e+00 0.0000e+00 3.5920e-18 3.5920e-18
7.3000e+00 0.0000e+00 4.0320e-18 4.0320e-18
7.2000e+00 0.0000e+00 4.5280e-18 4.5280e-18
7.1000e+00 0.0000e+00 5.0810e-18 5.0810e-18
7.0000e+00 0.0000e+00 5.7010e-18 5.7010e-18
6.8000e+00 0.0000e+00 7.1650e-18 7.1650e-18
6.7000e+00 0.0000e+00 8.0290e-18 8.0290e-18
6.6000e+00 0.0000e+00 8.9930e-18 8.9930e-18
6.5000e+00 0.0000e+00 1.0070e-17 1.0070e-17
6.4000e+00 0.0000e+00 1.1270e-17 1.1270e-17
6.3000e+00 0.0000e+00 1.2600e-17 1.2600e-17
6.2000e+00 0.0000e+00 1.4090e-17 1.4090e-17
6.0000e+00 0.0000e+00 1.7590e-17 1.7590e-17
5.9000e+00 0.0000e+00 1.9640e-17 1.9640e-17
5.8000e+00 0.0000e+00 2.1920e-17 2.1920e-17
5.7000e+00 0.0000e+00 2.4450e-17 2.4450e-17
5.6000e+00 0.0000e+00 2.7250e-17 2.7250e-17
5.5000e+00 0.0000e+00 3.0360e-17 3.0360e-17
5.4000e+00 0.0000e+00 3.3810e-17 3.3810e-17
5.2000e+00 0.0000e+00 4.1850e-17 4.1850e-17
5.1000e+00 0.0000e+00 4.6520e-17 4.6520e-17
5.0000e+00 0.0000e+00 5.1680e-17 5.1680e-17
4.9000e+00 0.0000e+00 5.7370e-17 5.7370e-17
4.8000e+00 0.0000e+00 6.3650e-17 6.3650e-17
4.7000e+00 0.0000e+00 7.0570e-17 7.0570e-17
4.6000e+00 0.0000e+00 7.8180e-17 7.8180e-17
4.4000e+00 0.0000e+00 9.5750e-17 9.5750e-17
4.3000e+00 0.0000e+00 1.0580e-16 1.0580e-16
4.2000e+00 0.0000e+00 1.1690e-16 1.1690e-16
4.1000e+00 0.0000e+00 1.2900e-16 1.2900e-16
4.0000e+00 0.0000e+00 1.4220e-16 1.4220e-16
3.9000e+00 0.0000e+00 1.5670e-16 1.5670e-16
3.8000e+00 1.5080e-20 1.7240e-16 1.7250e-16
3.6000e+00 4.7650e-17 2.0830e-16 2.5590e-16
3.5000e+00 1.0910e-16 2.2850e-16 3.3760e-16
3.4000e+00 1.9170e-16 2.5040e-16 4.4220e-16
3.3000e+00 3.3030e-16 2.7420e-16 6.0450e-16
3.2000e+00 5.4820e-16 2.9980e-16 8.4800e-16
3.1000e+00 8.9130e-16 3.2730e-16 1.2190e-15
3.0000e+00 1.2640e-15 3.5700e-16 1.6210e-15
2.8000e+00 2.0910e-15 4.2280e-16 2.5140e-15
2.7000e+00 2.7720e-14 4.5900e-16 2.8170e-14
2.6000e+00 8.6600e-14 4.9760e-16 8.7100e-14
2.5000e+00 1.9500e-13 5.3840e-16 1.9550e-13
2.4000e+00 3.4170e-13 5.8150e-16 3.4230e-13
2.3000e+00 5.6990e-13 6.2680e-16 5.7060e-13
2.2000e+00 9.2090e-13 6.7420e-16 9.2160e-13
2.0000e+00 2.0750e-12 7.7470e-16 2.0760e-12
1.9000e+00 2.6840e-12 8.2730e-16 2.6850e-12
1.8000e+00 3.3520e-12 8.8090e-16 3.3530e-12
1.7000e+00 4.0110e-12 9.3500e-16 4.0120e-12
1.6000e+00 4.5010e-12 9.8920e-16 4.5020e-12
1.5000e+00 5.1520e-12 1.0430e-15 5.1530e-12
1.4000e+00 5.9940e-12 1.0940e-15 5.9950e-12
1.2000e+00 7.8960e-12 1.1880e-15 7.8970e-12
1.1000e+00 8.6420e-12 1.2280e-15 8.6430e-12
1.0000e+00 8.9990e-12 1.2600e-15 9.0000e-12
9.0000e-01 9.2760e-12 1.2820e-15 9.2770e-12
8.0000e-01 1.0630e-11 1.2920e-15 1.0630e-11
7.0000e-01 1.2930e-11 1.2870e-15 1.2930e-11
6.0000e-01 1.5350e-11 1.2620e-15 1.5350e-11
4.0000e-01 1.7090e-11 1.1320e-15 1.7090e-11
3.0000e-01 1.7300e-11 1.0070e-15 1.7300e-11
2.0000e-01 1.4850e-11 8.1440e-16 1.4850e-11
