1.0000e+01 0.0000e+00 3.0000e-15 3.0000e-15
9.9000e+00 0.0000e+00 3.2950e-15 3.2950e-15
9.8000e+00 0.0000e+00 3.6200e-15 3.6200e-15
9.7000e+00 0.0000e+00 3.9760e-15 3.9760e-15
9.6000e+00 0.0000e+00 4.3660e-15 4.3660e-15
9.5000e+00 0.0000e+00 4.7910e-15 4.7910e-15
9.4000e+00 0.0000e+00 5.2610e-15 5.2610e-15
9.2000e+00 0.0000e+00 6.3340e-15 6.3340e-15
9.1000e+00 0.0000e+00 6.9480e-15 6.9480e-15
9.0000e+00 0.0000e+00 7.6210e-15 7.6210e-15
8.9000e+00 0.0000e+00 8.3550e-15 8.3550e-15
8.8000e+00 0.0000e+00 9.1610e-15 9.1610e-15
8.7000e+00 0.0000e+00 1.0040e-14 1.0040e-14
8.6000e+00 0.0000e+00 1.1000e-14 1.1000e-14
8.4000e+00 0.0000e+00 1.3200e-14 1.3200e-14
8.3000e+00 0.0000e+00 1.4460e-14 1.4460e-14
8.2000e+00 0.0000e+00 1.5830e-14 1.5830e-14
8.1000e+00 0.0000e+00 1.7330e-14 1.7330e-14
8.0000e+00 0.0000e+00 1.8960e-14 1.8960e-14
7.9000e+00 0.0000e+00 2.0750e-14 2.0750e-14
7.8000e+00 0.0000e+00 2.2690e-14 2.2690e-14
7.6000e+00 0.0000e+00 2.7130e-14 2.7130e-14
7.5000e+00 0.0000e+00 2.9650e-14 2.9650e-14
7.4000e+00 0.0000e+00 3.2390e-14 3.2390e-14
7.3000e+00 0.0000e+00 3.5390e-14 3.5390e-14
7.2000e+00 0.0000e+00 3.8640e-14 3.8640e-14
7.1000e+00 0.0000e+00 4.2180e-14 4.2180e-14
7.0000e+00 0.0000e+00 4.6040e-14 4.6040e-14
6.8000e+00 0.0000e+00 5.4790e-14 5.4790e-14
6.7000e+00 0.0000e+00 5.9740e-14 5.9740e-14
6.6000e+00 0.0000e+00 6.5120e-14 6.5120e-14
6.5000e+00 0.0000e+00 7.0960e-14 7.0960e-14
6.4000e+00 0.0000e+00 7.7290e-14 7.7290e-14
6.3000e+00 0.0000e+00 8.4170e-14 8.4170e-14
6.2000e+00 0.0000e+00 9.1620e-14 9.1620e-14
6.0000e+00 0.0000e+00 1.0840e-13 1.0840e-13
5.9000e+00 0.0000e+00 1.1790e-13 1.1790e-13
5.8000e+00 0.0000e+00 1.2820e-13 1.2820e-13
5.7000e+00 0.0000e+00 1.3920e-13 1.3920e-13
5.6000e+00 0.0000e+00 1.5120e-13 1.5120e-13
5.5000e+00 0.0000e+00 1.6420e-13 1.6420e-13
5.4000e+00 0.0000e+00 1.7810e-13 1.7810e-13
5.2000e+00 0.0000e+00 2.0950e-13 2.0950e-13
5.1000e+00 0.0000e+00 2.2700e-13 2.2700e-13
5.0000e+00 0.0000e+00 2.4580e-13 2.4580e-13
4.9000e+00 0.0000e+00 2.6610e-13 2.6610e-13
4.8000e+00 0.0000e+00 2.8790e-13 2.8790e-13
4.7000e+00 0.0000e+00 3.1140e-13 3.1140e-13
4.6000e+00 0.0000e+00 3.3650e-13 3.3650e-13
4.4000e+00 0.0000e+00 3.9240e-13 3.9240e-13
4.3000e+00 0.0000e+00 4.2340e-13 4.2340e-13
4.2000e+00 0.0000e+00 4.5650e-13 4.5650e-13
4.1000e+00 0.0000e+00 4.9190e-13 4.9190e-13
4.0000e+00 0.0000e+00 5.2970e-13 5.2970e-13
3.9000e+00 0.0000e+00 5.7000e-13 5.7000e-13
3.8000e+00 0.0000e+00 6.1290e-13 6.1290e-13
3.6000e+00 0.0000e+00 7.0690e-13 7.0690e-13
3.5000e+00 0.0000e+00 7.5830e-13 7.5830e-13
3.4000e+00 0.0000e+00 8.1270e-13 8.1270e-13
3.3000e+00 0.0000e+00 8.7020e-13 8.7020e-13
3.2000e+00 0.0000e+00 9.3100e-13 9.3100e-13
3.1000e+00 0.0000e+00 9.9490e-13 9.9490e-13
3.0000e+00 0.0000e+00 1.0620e-12 1.0620e-12
2.8000e+00 0.0000e+00 1.2070e-12 1.2070e-12
2.7000e+00 0.0000e+00 1.2840e-12 1.2840e-12
2.6000e+00 0.0000e+00 1.3640e-12 1.3640e-12
2.5000e+00 0.0000e+00 1.4470e-12 1.4470e-12
2.4000e+00 0.0000e+00 1.5330e-12 1.5330e-12
2.3000e+00 0.0000e+00 1.6220e-12 1.6220e-12
2.2000e+00 0.0000e+00 1.7130e-12 1.7130e-12
2.0000e+00 1.2150e-13 1.9000e-12 2.0220e-12
1.9000e+00 1.4940e-12 1.9950e-12 3.4900e-12
1.8000e+00 3.4680e-12 2.0900e-12 5.5580e-12
1.7000e+00 7.1060e-12 2.1840e-12 9.2910e-12
1.6000e+00 1.1850e-11 2.2760e-12 1.4130e-11
1.5000e+00 1.8570e-11 2.3650e-12 2.0940e-11
1.4000e+00 2.8910e-11 2.4490e-12 3.1360e-11
1.2000e+00 6.1930e-11 2.5960e-12 6.4520e-11
1.1000e+00 7.7810e-11 2.6530e-12 8.0460e-11
1.0000e+00 9.2360e-11 2.6960e-12 9.5060e-11
9.0000e-01 1.0610e-10 2.7210e-12 1.0890e-10
8.0000e-01 1.2430e-10 2.7240e-12 1.2700e-10
7.0000e-01 1.4520e-10 2.6980e-12 1.4790e-10
6.0000e-01 1.6610e-10 2.6360e-12 1.6870e-10
4.0000e-01 1.7180e-10 2.3590e-12 1.7420e-10
3.0000e-01 1.5330e-10 2.1050e-12 1.5540e-10
2.0000e-01 1.2090e-10 1.7130e-12 1.2260e-10
