1.0000e+01 0.0000e+00 3.4020e-18 3.4020e-18
9.9000e+00 0.0000e+00 3.7370e-18 3.7370e-18
9.8000e+00 0.0000e+00 4.1050e-18 4.1050e-18
9.7000e+00 0.0000e+00 4.5090e-18 4.5090e-18
9.6000e+00 0.0000e+00 4.9510e-18 4.9510e-18
9.5000e+00 0.0000e+00 5.4340e-18 5.4340e-18
9.4000e+00 0.0000e+00 5.9660e-18 5.9660e-18
9.2000e+00 0.0000e+00 7.1830e-18 7.1830e-18
9.1000e+00 0.0000e+00 7.8790e-18 7.8790e-18
9.0000e+00 0.0000e+00 8.6430e-18 8.6430e-18
8.9000e+00 0.0000e+00 9.4740e-18 9.4740e-18
8.8000e+00 0.0000e+00 1.0390e-17 1.0390e-17
8.7000e+00 0.0000e+00 1.1390e-17 1.1390e-17
8.6000e+00 0.0000e+00 1.2480e-17 1.2480e-17
8.4000e+00 0.0000e+00 1.4970e-17 1.4970e-17
8.3000e+00 0.0000e+00 1.6400e-17 1.6400e-17
8.2000e+00 0.0000e+00 1.7950e-17 1.7950e-17
8.1000e+00 0.0000e+00 1.9650e-17 1.9650e-17
8.0000e+00 0.0000e+00 2.1510e-17 2.1510e-17
7.9000e+00 0.0000e+00 2.3530e-17 2.3530e-17
7.8000e+00 0.0000e+00 2.5730e-17 2.5730e-17
7.6000e+00 0.0000e+00 3.0760e-17 3.0760e-17
7.5000e+00 0.0000e+00 3.3620e-17 3.3620e-17
7.4000e+00 0.0000e+00 3.6740e-17 3.6740e-17
7.3000e+00 0.0000e+00 4.0130e-17 4.0130e-17
7.2000e+00 0.0000e+00 4.3820e-17 4.3820e-17
7.1000e+00 0.0000e+00 4.7840e-17 4.7840e-17
7.0000e+00 0.0000e+00 5.2210e-17 5.2210e-17
6.8000e+00 0.0000e+00 6.2130e-17 6.2130e-17
6.7000e+00 0.0000e+00 6.7750e-17 6.7750e-17
6.6000e+00 0.0000e+00 7.3850e-17 7.3850e-17
6.5000e+00 0.0000e+00 8.0470e-17 8.0470e-17
6.4000e+00 0.0000e+00 8.7650e-17 8.7650e-17
6.3000e+00 0.0000e+00 9.5450e-17 9.5450e-17
6.2000e+00 0.0000e+00 1.0390e-16 1.0390e-16
6.0000e+00 0.0000e+00 1.2300e-16 1.2300e-16
5.9000e+00 0.0000e+00 1.3370e-16 1.3370e-16
5.8000e+00 0.0000e+00 1.4530e-16 1.4530e-16
5.7000e+00 0.0000e+00 1.5790e-16 1.5790e-16
5.6000e+00 0.0000e+00 1.7150e-16 1.7150e-16
5.5000e+00 0.0000e+00 1.8620e-16 1.8620e-16
5.4000e+00 0.0000e+00 2.0200e-16 2.0200e-16
5.2000e+00 0.0000e+00 2.3750e-16 2.3750e-16
5.1000e+00 0.0000e+00 2.5740e-16 2.5740e-16
5.0000e+00 0.0000e+00 2.7880e-16 2.7880e-16
4.9000e+00 0.0000e+00 3.0180e-16 3.0180e-16
4.8000e+00 0.0000e+00 3.2650e-16 3.2650e-16
4.7000e+00 0.0000e+00 3.5310e-16 3.5310e-16
4.6000e+00 0.0000e+00 3.8160e-16 3.8160e-16
4.4000e+00 0.0000e+00 4.4500e-16 4.4500e-16
4.3000e+00 0.0000e+00 4.8020e-16 4.8020e-16
4.2000e+00 0.0000e+00 5.1770e-16 5.1770e-16
4.1000e+00 0.0000e+00 5.5790e-16 5.5790e-16
4.0000e+00 0.0000e+00 6.0070e-16 6.0070e-16
3.9000e+00 0.0000e+00 6.4640e-16 6.4640e-16
3.8000e+00 0.0000e+00 6.9500e-16 6.9500e-16
3.6000e+00 0.0000e+00 8.0170e-16 8.0170e-16
3.5000e+00 0.0000e+00 8.5990e-16 8.5990e-16
3.4000e+00 0.0000e+00 9.2160e-16 9.2160e-16
3.3000e+00 0.0000e+00 9.8690e-16 9.8690e-16
3.2000e+00 0.0000e+00 1.0560e-15 1.0560e-15
3.1000e+00 0.0000e+00 1.1280e-15 1.1280e-15
3.0000e+00 0.0000e+00 1.2050e-15 1.2050e-15
2.8000e+00 0.0000e+00 1.3680e-15 1.3680e-15
2.7000e+00 0.0000e+00 1.4560e-15 1.4560e-15
2.6000e+00 0.0000e+00 1.5470e-15 1.5470e-15
2.5000e+00 0.0000e+00 1.6410e-15 1.6410e-15
2.4000e+00 0.0000e+00 1.7390e-15 1.7390e-15
2.3000e+00 0.0000e+00 1.8400e-15 1.8400e-15
2.2000e+00 0.0000e+00 1.9430e-15 1.9430e-15
2.0000e+00 1.3780e-16 2.1550e-15 2.2930e-15
1.9000e+00 1.6950e-15 2.2630e-15 3.9570e-15
1.8000e+00 3.9320e-15 2.3700e-15 6.3030e-15
1.7000e+00 8.0590e-15 2.4770e-15 1.0540e-14
1.6000e+00 1.3440e-14 2.5820e-15 1.6020e-14
1.5000e+00 2.1060e-14 2.6820e-15 2.3740e-14
1.4000e+00 3.2780e-14 2.7780e-15 3.5560e-14
1.2000e+00 7.0230e-14 2.9440e-15 7.3170e-14
1.1000e+00 8.8240e-14 3.0090e-15 9.1250e-14
1.0000e+00 1.0470e-13 3.0580e-15 1.0780e-13
9.0000e-01 1.2040e-13 3.0860e-15 1.2340e-13
8.0000e-01 1.4090e-13 3.0890e-15 1.4400e-13
7.0000e-01 1.6460e-13 3.0590e-15 1.6770e-13
6.0000e-01 1.8840e-13 2.9890e-15 1.9140e-13
4.0000e-01 1.9480e-13 2.6760e-15 1.9750e-13
3.0000e-01 1.7390e-13 2.3870e-15 1.7630e-13
2.0000e-01 1.3710e-13 1.9420e-15 1.3900e-13
