1.0000e+01 0.0000e+00 6.0150e-15 6.0150e-15
9.9000e+00 0.0000e+00 6.7220e-15 6.7220e-15
9.8000e+00 0.0000e+00 7.5220e-15 7.5220e-15
9.7000e+00 0.0000e+00 8.4180e-15 8.4180e-15
9.6000e+00 0.0000e+00 9.4210e-15 9.4210e-15
9.5000e+00 0.0000e+00 1.0520e-14 1.0520e-14
9.4000e+00 0.0000e+00 1.1790e-14 1.1790e-14
9.2000e+00 0.0000e+00 1.4720e-14 1.4720e-14
9.1000e+00 0.0000e+00 1.6440e-14 1.6440e-14
9.0000e+00 0.0000e+00 1.8370e-14 1.8370e-14
8.9000e+00 0.0000e+00 2.0520e-14 2.0520e-14
8.8000e+00 0.0000e+00 2.2900e-14 2.2900e-14
8.7000e+00 0.0000e+00 2.5570e-14 2.5570e-14
8.6000e+00 0.0000e+00 2.8540e-14 2.8540e-14
8.4000e+00 0.0000e+00 3.5500e-14 3.5500e-14
8.3000e+00 0.0000e+00 3.9610e-14 3.9610e-14
8.2000e+00 0.0000e+00 4.4130e-14 4.4130e-14
8.1000e+00 0.0000e+00 4.9200e-14 4.9200e-14
8.0000e+00 0.0000e+00 5.4820e-14 5.4820e-14
7.9000e+00 0.0000e+00 6.1050e-14 6.1050e-14
7.8000e+00 0.0000e+00 6.7970e-14 6.7970e-14
7.6000e+00 0.0000e+00 8.4210e-14 8.4210e-14
7.5000e+00 0.0000e+00 9.3680e-14 9.3680e-14
7.4000e+00 0.0000e+00 1.0420e-13 1.0420e-13
7.3000e+00 0.0000e+00 1.1580e-13 1.1580e-13
7.2000e+00 0.0000e+00 1.2870e-13 1.2870e-13
7.1000e+00 0.0000e+00 1.4300e-13 1.4300e-13
7.0000e+00 0.0000e+00 1.5890e-13 1.5890e-13
6.8000e+00 0.0000e+00 1.9570e-13 1.9570e-13
6.7000e+00 0.0000e+00 2.1710e-13 2.1710e-13
6.6000e+00 0.0000e+00 2.4080e-13 2.4080e-13
6.5000e+00 0.0000e+00 2.6690e-13 2.6690e-13
6.4000e+00 0.0000e+00 2.9580e-13 2.9580e-13
6.3000e+00 0.0000e+00 3.2770e-13 3.2770e-13
6.2000e+00 0.0000e+00 3.6280e-13 3.6280e-13
6.0000e+00 0.0000e+00 4.4420e-13 4.4420e-13
5.9000e+00 0.0000e+00 4.9110e-13 4.9110e-13
5.8000e+00 0.0000e+00 5.4280e-13 5.4280e-13
5.7000e+00 0.0000e+00 5.9970e-13 5.9970e-13
5.6000e+00 0.0000e+00 6.6210e-13 6.6210e-13
5.5000e+00 0.0000e+00 7.3070e-13 7.3070e-13
5.4000e+00 0.0000e+00 8.0610e-13 8.0610e-13
5.2000e+00 0.0000e+00 9.7920e-13 9.7920e-13
5.1000e+00 0.0000e+00 1.0780e-12 1.0780e-12
5.0000e+00 0.0000e+00 1.1870e-12 1.1870e-12
4.9000e+00 0.0000e+00 1.3060e-12 1.3060e-12
4.8000e+00 0.0000e+00 1.4350e-12 1.4350e-12
4.7000e+00 0.0000e+00 1.5770e-12 1.5770e-12
4.6000e+00 0.0000e+00 1.7310e-12 1.7310e-12
4.4000e+00 0.0000e+00 2.0820e-12 2.0820e-12
4.3000e+00 0.0000e+00 2.2810e-12 2.2810e-12
4.2000e+00 0.0000e+00 2.4980e-12 2.4980e-12
4.1000e+00 0.0000e+00 2.7320e-12 2.7320e-12
4.0000e+00 0.0000e+00 2.9870e-12 2.9870e-12
3.9000e+00 0.0000e+00 3.2620e-12 3.2620e-12
3.8000e+00 0.0000e+00 3.5590e-12 3.5590e-12
3.6000e+00 0.0000e+00 4.2270e-12 4.2270e-12
3.5000e+00 0.0000e+00 4.5990e-12 4.5990e-12
3.4000e+00 0.0000e+00 5.0000e-12 5.0000e-12
3.3000e+00 0.0000e+00 5.4290e-12 5.4290e-12
3.2000e+00 0.0000e+00 5.8890e-12 5.8890e-12
3.1000e+00 0.0000e+00 6.3800e-12 6.3800e-12
3.0000e+00 0.0000e+00 6.9030e-12 6.9030e-12
2.8000e+00 0.0000e+00 8.0510e-12 8.0510e-12
2.7000e+00 0.0000e+00 8.6760e-12 8.6760e-12
2.6000e+00 0.0000e+00 9.3360e-12 9.3360e-12
2.5000e+00 0.0000e+00 1.0030e-11 1.0030e-11
2.4000e+00 0.0000e+00 1.0760e-11 1.0760e-11
2.3000e+00 0.0000e+00 1.1510e-11 1.1510e-11
2.2000e+00 1.9580e-20 1.2300e-11 1.2300e-11
2.0000e+00 1.6340e-19 1.3950e-11 1.3950e-11
1.9000e+00 2.9690e-19 1.4810e-11 1.4810e-11
1.8000e+00 4.9760e-19 1.5670e-11 1.5670e-11
1.7000e+00 7.7840e-19 1.6540e-11 1.6540e-11
1.6000e+00 1.6970e-14 1.7400e-11 1.7420e-11
1.5000e+00 5.2060e-14 1.8240e-11 1.8300e-11
1.4000e+00 1.1730e-13 1.9050e-11 1.9170e-11
1.2000e+00 3.1430e-13 2.0510e-11 2.0820e-11
1.1000e+00 4.7660e-13 2.1100e-11 2.1580e-11
1.0000e+00 7.1980e-13 2.1580e-11 2.2300e-11
9.0000e-01 9.9290e-13 2.1890e-11 2.2890e-11
8.0000e-01 1.1820e-12 2.2010e-11 2.3200e-11
7.0000e-01 1.2680e-12 2.1880e-11 2.3150e-11
6.0000e-01 1.3210e-12 2.1440e-11 2.2760e-11
4.0000e-01 1.2810e-12 1.9220e-11 2.0500e-11
3.0000e-01 1.1700e-12 1.7120e-11 1.8290e-11
2.0000e-01 1.0250e-12 1.3890e-11 1.4910e-11
