1.0000e+01 0.0000e+00 3.8210e-14 3.8210e-14
9.9000e+00 0.0000e+00 4.2700e-14 4.2700e-14
9.8000e+00 0.0000e+00 4.7780e-14 4.7780e-14
9.7000e+00 0.0000e+00 5.3480e-14 5.3480e-14
9.6000e+00 0.0000e+00 5.9850e-14 5.9850e-14
9.5000e+00 0.0000e+00 6.6830e-14 6.6830e-14
9.4000e+00 0.0000e+00 7.4890e-14 7.4890e-14
9.2000e+00 0.0000e+00 9.3510e-14 9.3510e-14
9.1000e+00 0.0000e+00 1.0440e-13 1.0440e-13
9.0000e+00 0.0000e+00 1.1670e-13 1.1670e-13
8.9000e+00 0.0000e+00 1.3030e-13 1.3030e-13
8.8000e+00 0.0000e+00 1.4540e-13 1.4540e-13
8.7000e+00 0.0000e+00 1.6240e-13 1.6240e-13
8.6000e+00 0.0000e+00 1.8130e-13 1.8130e-13
8.4000e+00 0.0000e+00 2.2550e-13 2.2550e-13
8.3000e+00 0.0000e+00 2.5160e-13 2.5160e-13
8.2000e+00 0.0000e+00 2.8030e-13 2.8030e-13
8.1000e+00 0.0000e+00 3.1250e-13 3.1250e-13
8.0000e+00 0.0000e+00 3.4820e-13 3.4820e-13
7.9000e+00 0.0000e+00 3.8790e-13 3.8790e-13
7.8000e+00 0.0000e+00 4.3180e-13 4.3180e-13
7.6000e+00 0.0000e+00 5.3490e-13 5.3490e-13
7.5000e+00 0.0000e+00 5.9510e-13 5.9510e-13
7.4000e+00 0.0000e+00 6.6190e-13 6.6190e-13
7.3000e+00 0.0000e+00 7.3590e-13 7.3590e-13
7.2000e+00 0.0000e+00 8.1780e-13 8.1780e-13
7.1000e+00 0.0000e+00 9.0860e-13 9.0860e-13
7.0000e+00 0.0000e+00 1.0090e-12 1.0090e-12
6.8000e+00 0.0000e+00 1.2430e-12 1.2430e-12
6.7000e+00 0.0000e+00 1.3790e-12 1.3790e-12
6.6000e+00 0.0000e+00 1.5300e-12 1.5300e-12
6.5000e+00 0.0000e+00 1.6960e-12 1.6960e-12
6.4000e+00 0.0000e+00 1.8790e-12 1.8790e-12
6.3000e+00 0.0000e+00 2.0810e-12 2.0810e-12
6.2000e+00 0.0000e+00 2.3050e-12 2.3050e-12
6.0000e+00 0.0000e+00 2.8220e-12 2.8220e-12
5.9000e+00 0.0000e+00 3.1200e-12 3.1200e-12
5.8000e+00 0.0000e+00 3.4480e-12 3.4480e-12
5.7000e+00 0.0000e+00 3.8090e-12 3.8090e-12
5.6000e+00 0.0000e+00 4.2060e-12 4.2060e-12
5.5000e+00 0.0000e+00 4.6420e-12 4.6420e-12
5.4000e+00 0.0000e+00 5.1210e-12 5.1210e-12
5.2000e+00 0.0000e+00 6.2200e-12 6.2200e-12
5.1000e+00 0.0000e+00 6.8500e-12 6.8500e-12
5.0000e+00 0.0000e+00 7.5400e-12 7.5400e-12
4.9000e+00 0.0000e+00 8.2930e-12 8.2930e-12
4.8000e+00 0.0000e+00 9.1170e-12 9.1170e-12
4.7000e+00 0.0000e+00 1.0020e-11 1.0020e-11
4.6000e+00 0.0000e+00 1.1000e-11 1.1000e-11
4.4000e+00 0.0000e+00 1.3230e-11 1.3230e-11
4.3000e+00 0.0000e+00 1.4490e-11 1.4490e-11
4.2000e+00 0.0000e+00 1.5870e-11 1.5870e-11
4.1000e+00 0.0000e+00 1.7360e-11 1.7360e-11
4.0000e+00 0.0000e+00 1.8970e-11 1.8970e-11
3.9000e+00 0.0000e+00 2.0720e-11 2.0720e-11
3.8000e+00 0.0000e+00 2.2610e-11 2.2610e-11
3.6000e+00 0.0000e+00 2.6850e-11 2.6850e-11
3.5000e+00 0.0000e+00 2.9220e-11 2.9220e-11
3.4000e+00 0.0000e+00 3.1760e-11 3.1760e-11
3.3000e+00 0.0000e+00 3.4490e-11 3.4490e-11
3.2000e+00 0.0000e+00 3.7410e-11 3.7410e-11
3.1000e+00 0.0000e+00 4.0530e-11 4.0530e-11
3.0000e+00 0.0000e+00 4.3850e-11 4.3850e-11
2.8000e+00 0.0000e+00 5.1150e-11 5.1150e-11
2.7000e+00 0.0000e+00 5.5120e-11 5.5120e-11
2.6000e+00 0.0000e+00 5.9310e-11 5.9310e-11
2.5000e+00 0.0000e+00 6.3710e-11 6.3710e-11
2.4000e+00 0.0000e+00 6.8330e-11 6.8330e-11
2.3000e+00 0.0000e+00 7.3150e-11 7.3150e-11
2.2000e+00 1.2440e-19 7.8150e-11 7.8150e-11
2.0000e+00 1.0380e-18 8.8640e-11 8.8640e-11
1.9000e+00 1.8860e-18 9.4060e-11 9.4060e-11
1.8000e+00 3.1610e-18 9.9560e-11 9.9560e-11
1.7000e+00 4.9450e-18 1.0510e-10 1.0510e-10
1.6000e+00 1.0780e-13 1.1050e-10 1.1070e-10
1.5000e+00 3.3070e-13 1.1590e-10 1.1620e-10
1.4000e+00 7.4530e-13 1.2100e-10 1.2180e-10
1.2000e+00 1.9970e-12 1.3030e-10 1.3230e-10
1.1000e+00 3.0280e-12 1.3410e-10 1.3710e-10
1.0000e+00 4.5730e-12 1.3710e-10 1.4160e-10
9.0000e-01 6.3070e-12 1.3910e-10 1.4540e-10
8.0000e-01 7.5060e-12 1.3980e-10 1.4740e-10
7.0000e-01 8.0570e-12 1.3900e-10 1.4710e-10
6.0000e-01 8.3940e-12 1.3620e-10 1.4460e-10
4.0000e-01 8.1370e-12 1.2210e-10 1.3020e-10
3.0000e-01 7.4310e-12 1.0870e-10 1.1620e-10
2.0000e-01 6.5080e-12 8.8220e-11 9.4730e-11
