#ZVView-data-copy:   1-Oct-2024 00:17:07
#=======================================
#
#name:   ENDF/B-VIII.0: CA-43(N,EL)CA-43-L0
#X.axis: Incident Energy
#Y.axis: Cross Section
#wdata:  2
#ldata:  3284
#data...
#            X            Y
#          MeV        barns
         1e-11      36.3614 
   1.10304e-11      34.6413 
   1.21669e-11      33.0045 
   1.34206e-11      31.4471 
   1.48034e-11      29.9653 
   1.63287e-11      28.5556 
   1.80111e-11      27.2145 
   1.98669e-11      25.9388 
   2.19139e-11      24.7255 
   2.41719e-11      23.5717 
   2.66625e-11      22.4745 
   2.94097e-11      21.4313 
     3.244e-11      20.4396 
   3.57825e-11      19.4971 
   3.94694e-11      18.6013 
   4.35362e-11      17.7503 
   4.83609e-11      16.8855 
   5.37174e-11      16.0677 
   5.96704e-11      15.2937 
   6.62796e-11      14.5623 
   7.36246e-11      13.8705 
   8.17795e-11      13.2172 
   9.08421e-11         12.6 
   1.00904e-10      12.0176 
   1.12086e-10      11.4679 
   1.24501e-10      10.9499 
   1.38299e-10      10.4615 
   1.53616e-10      10.0019 
    1.7064e-10       9.5693 
    1.8954e-10      9.16284 
   2.10545e-10      8.78093 
   2.33866e-10      8.42282 
   2.61602e-10      8.06553 
   2.92627e-10      7.73262 
   3.27333e-10      7.42289 
   3.66154e-10      7.13519 
   4.09579e-10      6.86842 
   4.61387e-10      6.60668 
   5.19722e-10      6.36625 
   5.85462e-10      6.14575 
   6.64136e-10      5.93286 
   7.53383e-10      5.73979 
   8.60608e-10      5.55607 
   9.83144e-10      5.39139 
    1.13099e-9      5.23711 
    1.31019e-9      5.09431 
    1.52849e-9      4.96373 
    1.79573e-9      4.84579 
    2.13936e-9      4.73656 
    2.58484e-9      4.63765 
    3.16698e-9      4.55007 
    3.96272e-9      4.47188 
    5.09931e-9      4.40247 
    6.79594e-9      4.34206 
    9.44539e-9      4.29111 
    1.39824e-8       4.2487 
    2.28313e-8      4.21446 
    2.52419e-8      4.20928 
       2.53e-8      4.20917 
    5.06179e-8      4.18466 
    1.46795e-7      4.16824 
    1.65689e-6      4.15359 
    5.42353e-5      3.92533 
   0.000111587      3.70782 
   0.000172276      3.50751 
   0.000234466      3.32986 
   0.000299617       3.1705 
   0.000361988      3.04153 
    0.00042496      2.93344 
   0.000485443      2.85102 
   0.000541453      2.79473 
   0.000591535      2.76212 
   0.000638901      2.74797 
   0.000646778      2.74755 
   0.000688883      2.75693 
   0.000728589      2.78175 
   0.000765186      2.82502 
    0.00079248      2.87004 
   0.000825208      2.94397 
   0.000854602       3.0294 
   0.000876663      3.10948 
   0.000901574      3.21945 
   0.000922337       3.3281 
   0.000941948      3.44885 
   0.000961928      3.59296 
   0.000976397      3.71169 
   0.000990172      3.83784 
    0.00100414      3.98049 
    0.00101831      4.14227 
    0.00103268      4.32637 
    0.00104724      4.53664 
    0.00106202      4.77779 
      0.001077      5.05559 
    0.00109086      5.34473 
    0.00110468       5.6728 
    0.00111593      5.97373 
    0.00112719      6.30611 
    0.00113733      6.63876 
    0.00114671      6.97642 
    0.00115572      7.33365 
    0.00116473      7.72354 
    0.00117373      8.15366 
    0.00118124      8.54257 
    0.00119025       9.0556 
    0.00119926      9.62311 
    0.00120826      10.2526 
    0.00121727      10.9528 
    0.00122628       11.734 
    0.00123304      12.3805 
    0.00123979      13.0854 
    0.00124655      13.8558 
     0.0012533      14.6994 
    0.00126006      15.6255 
    0.00126682      16.6445 
    0.00127357      17.7689 
    0.00128033      19.0129 
    0.00128708      20.3932 
    0.00129384      21.9296 
    0.00130059      23.6457 
     0.0013051       24.903 
     0.0013096      26.2619 
    0.00131411      27.7332 
    0.00131861       29.329 
    0.00132311      31.0633 
    0.00132762      32.9519 
    0.00133212      35.0127 
    0.00133663      37.2665 
    0.00134113      39.7371 
    0.00134563       42.452 
    0.00135014      45.4427 
    0.00135464      48.7465 
    0.00135915      52.4061 
    0.00136365      56.4723 
     0.0013674      60.2138 
    0.00137041      63.4661 
    0.00137341      66.9736 
    0.00137641      70.7624 
    0.00137941      74.8615 
    0.00138242      79.3037 
    0.00138542      84.1258 
    0.00138842      89.3695 
    0.00139142      95.0818 
    0.00139443      101.316 
    0.00139743      108.132 
    0.00140043      115.599 
    0.00140343      123.795 
    0.00140644      132.807 
    0.00140944      142.737 
    0.00141244      153.696 
    0.00141526      165.015 
    0.00141788       176.54 
    0.00142051      189.207 
    0.00142314      203.105 
    0.00142577       218.35 
    0.00142839      235.081 
    0.00143102      253.449 
    0.00143365      273.609 
    0.00143627      295.724 
     0.0014389      319.949 
    0.00144153      346.427 
    0.00144416      375.273 
    0.00144678      406.551 
    0.00144941      440.251 
    0.00145204      476.253 
    0.00145598      533.924 
    0.00146386      654.401 
    0.00146649       692.13 
    0.00146912       726.19 
    0.00147109      748.325 
    0.00147306      766.779 
    0.00147503      780.951 
      0.001477      790.385 
    0.00147891      794.765 
    0.00147955      795.115 
     0.0014812      793.359 
    0.00148352      784.861 
    0.00148552      772.354 
    0.00148752      755.453 
    0.00148951       734.73 
    0.00149218      702.321 
    0.00149501      664.091 
    0.00150402      534.099 
    0.00150824      476.522 
    0.00151096       442.03 
    0.00151369      409.816 
    0.00151641      379.908 
    0.00151894      354.271 
    0.00152147      330.603 
    0.00152401      308.796 
    0.00152654      288.757 
    0.00152917      269.693 
    0.00153179      252.241 
    0.00153442      236.317 
    0.00153705      221.702 
    0.00154005      206.439 
    0.00154305      192.599 
    0.00154606      180.032 
    0.00154906      168.603 
    0.00155206       158.19 
    0.00155507      148.687 
    0.00155807      139.997 
    0.00156107      132.037 
    0.00156407      124.731 
    0.00156708      118.014 
    0.00157008      111.827 
    0.00157308      106.118 
    0.00157758      98.3516 
    0.00158209      91.4222 
    0.00158659      85.2189 
     0.0015911      79.6445 
     0.0015956        74.62 
     0.0016001      70.0755 
    0.00160461      65.9535 
    0.00160911      62.2032 
    0.00161362      58.7823 
    0.00161812      55.6531 
      0.001623      52.5558 
    0.00162863      49.3165 
    0.00163426      46.4099 
    0.00163914      44.0961 
    0.00164514       41.496 
    0.00165115      39.1403 
    0.00165715      36.9992 
    0.00166316      35.0473 
    0.00166916      33.2627 
    0.00167517      31.6269 
    0.00168117      30.1234 
    0.00168718      28.7384 
    0.00169619      26.8534 
     0.0017052      25.1786 
     0.0017142      23.6739 
    0.00172321      22.3249 
    0.00173222      21.1033 
    0.00174123      19.9997 
    0.00175023      18.9936 
    0.00176224      17.7896 
    0.00177163      16.9438 
    0.00178176      16.1096 
    0.00179152      15.3806 
    0.00180128      14.7052 
    0.00181329      13.9503 
    0.00182793      13.1284 
    0.00184219      12.4094 
    0.00185626      11.7761 
    0.00187034      11.2017 
    0.00188535      10.6498 
    0.00190036      10.1506 
    0.00191538      9.69764 
    0.00193039      9.28523 
     0.0019454      8.90848 
    0.00196042      8.56324 
    0.00198294      8.09881 
    0.00200545      7.68346 
    0.00202797      7.31649 
    0.00205049      6.98509 
    0.00208052      6.59572 
    0.00211055      6.25493 
    0.00214057       5.9548 
     0.0021706      5.68871 
    0.00220062      5.45135 
    0.00223065      5.23871 
    0.00226068      5.04736 
     0.0022907      4.87446 
    0.00233574      4.64603 
    0.00237703      4.46038 
    0.00242957      4.25618 
    0.00248399      4.07443 
    0.00254029      3.91271 
    0.00259659      3.77339 
    0.00266177       3.6374 
    0.00271857      3.53337 
    0.00279364      3.41998 
     0.0028687      3.32857 
    0.00294377      3.25719 
    0.00301883       3.2051 
     0.0030939      3.17321 
     0.0031502      3.16516 
    0.00319711      3.17328 
    0.00323464      3.19703 
    0.00325576      3.22425 
    0.00326983      3.25402 
    0.00328348      3.30099 
    0.00329276      3.35372 
    0.00329809        3.399 
    0.00330236      3.44902 
    0.00330556      3.49935 
    0.00330849      3.56057 
    0.00331116      3.63563 
    0.00331304      3.70539 
    0.00331467      3.78294 
    0.00331629      3.88383 
    0.00331757       3.9869 
    0.00331867      4.10092 
     0.0033194      4.19544 
    0.00332006      4.29964 
    0.00332067      4.41387 
    0.00332127      4.55459 
    0.00332172      4.68442 
    0.00332218      4.84348 
    0.00332252      4.99298 
    0.00332287      5.17409 
     0.0033231      5.31724 
    0.00332334      5.48258 
    0.00332357      5.67455 
     0.0033238      5.89836 
    0.00332403      6.16003 
    0.00332425      6.44823 
    0.00332447      6.78266 
    0.00332469      7.17023 
    0.00332491      7.61813 
    0.00332506      7.95388 
     0.0033252      8.32183 
    0.00332535      8.72409 
     0.0033255      9.16251 
    0.00332564      9.63883 
    0.00332579      10.1544 
    0.00332601      11.0039 
    0.00332623      11.9459 
    0.00332637      12.6251 
    0.00332661      13.8167 
    0.00332685      15.1049 
    0.00332709      16.4756 
    0.00332756      19.3276 
    0.00332806      22.3867 
    0.00332829      23.7253 
    0.00332853      24.9525 
    0.00332876      26.0291 
    0.00332897       26.839 
    0.00332916      27.4121 
    0.00332933      27.8106 
     0.0033295      28.0528 
     0.0033297      28.1706 
    0.00332972      28.1715 
    0.00332986      28.1188 
    0.00333002      27.9408 
    0.00333017      27.6587 
    0.00333034      27.2072 
    0.00333054      26.4984 
    0.00333066      26.0077 
    0.00333089      24.8685 
     0.0033311      23.6871 
    0.00333133      22.2366 
    0.00333161      20.3611 
     0.0033323      15.5761 
    0.00333256      13.8558 
    0.00333278      12.4489 
    0.00333295      11.4533 
    0.00333312       10.515 
    0.00333328        9.638 
    0.00333339      9.08873 
    0.00333354      8.40981 
    0.00333369      7.78103 
    0.00333383      7.20192 
    0.00333398      6.67154 
    0.00333412      6.18833 
    0.00333427      5.75046 
    0.00333442      5.35565 
    0.00333456      5.00146 
    0.00333471      4.68519 
    0.00333486      4.40416 
      0.003335      4.15556 
    0.00333515      3.93664 
    0.00333529      3.74467 
    0.00333544      3.57704 
    0.00333559      3.43127 
    0.00333573      3.30501 
    0.00333592      3.17127 
     0.0033361       3.0607 
    0.00333628      2.96979 
    0.00333646      2.89547 
    0.00333665      2.83505 
    0.00333692      2.76548 
     0.0033372      2.71561 
    0.00333747       2.6808 
    0.00333787      2.64762 
    0.00333828      2.62976 
    0.00333895      2.61972 
    0.00333909      2.61957 
    0.00334009      2.62857 
    0.00334644      2.75175 
    0.00335014      2.80787 
    0.00335569      2.86979 
     0.0033627      2.92396 
    0.00337226      2.97407 
     0.0033831      3.01334 
    0.00340604      3.06903 
    0.00345449        3.148 
    0.00354094       3.2818 
    0.00359146      3.37864 
    0.00364198      3.49809 
    0.00367987      3.60784 
    0.00371776      3.73674 
    0.00374302      3.83725 
    0.00376828      3.95108 
    0.00379354       4.0805 
     0.0038188      4.22809 
    0.00384406      4.39746 
    0.00386932      4.59319 
    0.00389458      4.82067 
    0.00391353      5.01704 
    0.00392931      5.19873 
    0.00394826      5.44518 
     0.0039672      5.72703 
    0.00398615       6.0516 
    0.00400004      6.32242 
     0.0040133      6.61053 
    0.00402656      6.93418 
    0.00404109      7.33463 
    0.00405119      7.64725 
     0.0040613      7.99217 
     0.0040714      8.37423 
     0.0040815      8.79803 
    0.00409161      9.27149 
    0.00410171      9.80419 
    0.00411182      10.4055 
    0.00411939      10.9092 
    0.00412697      11.4651 
    0.00413455      12.0813 
    0.00414213      12.7669 
    0.00414971      13.5334 
    0.00415728      14.3942 
    0.00416486      15.3665 
    0.00416991      16.0864 
    0.00417497      16.8722 
    0.00418002      17.7325 
    0.00418507      18.6771 
    0.00419012      19.7172 
    0.00419464      20.7349 
    0.00420061      22.2391 
    0.00420458      23.3545 
    0.00420856       24.573 
    0.00421267      25.9537 
    0.00421677      27.4731 
    0.00422088      29.1463 
    0.00422498      31.0039 
    0.00422902      33.0414 
    0.00423306      35.3164 
     0.0042361      37.2003 
    0.00423913      39.2572 
    0.00424216      41.5086 
    0.00424519      43.9795 
    0.00424822      46.6988 
    0.00425125      49.7001 
    0.00425428      53.0226 
    0.00425731      56.7122 
    0.00426034      60.8227 
    0.00426338      65.4171 
    0.00426641      70.5697 
    0.00426843      74.3573 
    0.00427045       78.461 
    0.00427247      82.9137 
    0.00427436      87.4375 
    0.00427702      94.4038 
    0.00427878      99.5032 
    0.00428055      105.005 
    0.00428232      110.946 
    0.00428409      117.364 
    0.00428586      124.299 
    0.00428763      131.795 
     0.0042899      142.323 
    0.00429217      153.936 
    0.00429445      166.716 
    0.00429672      180.722 
    0.00429899      195.982 
    0.00430133      212.938 
     0.0043037      231.313 
    0.00430843      270.372 
     0.0043108      289.916 
    0.00431301      307.205 
    0.00431491      320.626 
     0.0043168      332.114 
     0.0043187      341.036 
    0.00431996      345.276 
    0.00432122      347.997 
    0.00432248      349.109 
    0.00432381      348.489 
    0.00432514      346.033 
    0.00432646      341.791 
    0.00432779      335.866 
    0.00432956      325.604 
    0.00433114      314.499 
     0.0043335      295.261 
    0.00433666       266.79 
     0.0043414      223.113 
    0.00434408       199.81 
    0.00434598      184.433 
    0.00434787      170.056 
    0.00434977      156.715 
    0.00435166      144.415 
    0.00435355      133.137 
    0.00435545      122.832 
    0.00435734      113.431 
    0.00435924      104.866 
    0.00436113      97.0714 
    0.00436315      89.5287 
    0.00436467      84.3428 
    0.00436618      79.5239 
     0.0043677      75.0449 
    0.00436922      70.8814 
    0.00437073      67.0095 
      0.004373      61.6988 
    0.00437452      58.4596 
    0.00437629      54.9558 
    0.00437806      51.7229 
    0.00437982      48.7363 
    0.00438159       45.974 
    0.00438336      43.4159 
    0.00438513      41.0441 
     0.0043869      38.8424 
    0.00438867      36.7961 
    0.00439069      34.6309 
    0.00439271      32.6339 
    0.00439473      30.7892 
    0.00439675      29.0827 
    0.00439877      27.5018 
    0.00440079      26.0354 
    0.00440382      24.0284 
    0.00440597      22.7325 
    0.00440824      21.4621 
    0.00441052      20.2868 
    0.00441279       19.198 
    0.00441506      18.1878 
    0.00441847      16.8049 
    0.00442188      15.5635 
    0.00442507      14.5149 
    0.00442815      13.5923 
    0.00443123      12.7491 
    0.00443431      11.9783 
    0.00443739      11.2726 
    0.00444059      10.5978 
    0.00444405      9.93124 
    0.00444751      9.32285 
    0.00445096      8.76652 
    0.00445442      8.25657 
    0.00445788      7.78836 
     0.0044623      7.24493 
    0.00446672      6.75593 
    0.00447114      6.31483 
    0.00447556      5.91611 
    0.00447935      5.60506 
    0.00448314      5.31993 
    0.00448819      4.97254 
    0.00449324      4.66039 
    0.00449829      4.37965 
    0.00450335      4.12675 
     0.0045084      3.89863 
    0.00451345      3.69263 
     0.0045185      3.50641 
    0.00452355      3.33795 
    0.00452861      3.18549 
    0.00453366      3.04746 
    0.00453871       2.9225 
    0.00454629      2.75694 
    0.00455387      2.61463 
    0.00456144      2.49258 
    0.00456902      2.38837 
     0.0045766      2.29987 
    0.00458336      2.23289 
    0.00459012      2.17709 
    0.00459463      2.14382 
    0.00460364      2.08945 
    0.00461266      2.04882 
    0.00462166      2.02061 
    0.00463066      2.00362 
    0.00463965      1.99695 
    0.00464865      1.99986 
    0.00465765      2.01178 
    0.00466665      2.03226 
    0.00468042      2.07898 
    0.00469474      2.14818 
    0.00470482      2.20842 
    0.00471491      2.27853 
      0.004725      2.35868 
    0.00473509       2.4492 
    0.00474517       2.5505 
    0.00475526      2.66316 
    0.00476535      2.78786 
    0.00477543      2.92545 
    0.00478552      3.07691 
    0.00479561      3.24342 
    0.00480569      3.42635 
    0.00481578      3.62727 
    0.00482587      3.84804 
    0.00483595      4.09078 
    0.00484604      4.35797 
    0.00485613      4.65247 
    0.00486622      4.97764 
     0.0048763      5.33734 
    0.00488639      5.73615 
    0.00489648      6.17815 
    0.00490404      6.54217 
    0.00491161      6.93879 
    0.00491949      7.38929 
      0.004928      7.92443 
    0.00493651      8.51549 
    0.00494414      9.09892 
    0.00495133      9.70141 
    0.00495851      10.3615 
    0.00496551      11.0642 
    0.00497251      11.8362 
    0.00497944       12.679 
    0.00498625      13.5911 
    0.00499306      14.5946 
    0.00500037      15.7925 
    0.00500542      16.6998 
    0.00501046      17.6813 
     0.0050155      18.7447 
    0.00502055      19.8989 
    0.00502559      21.1539 
    0.00503063      22.5212 
    0.00503568      24.0137 
    0.00504072      25.6462 
    0.00504576      27.4357 
    0.00505081      29.4015 
    0.00505585      31.5659 
    0.00506089      33.9544 
    0.00506594      36.5966 
    0.00506972       38.765 
     0.0050735      41.1115 
    0.00507729      43.6541 
    0.00508107      46.4131 
    0.00508485      49.4112 
    0.00508863      52.6734 
    0.00509242      56.2278 
     0.0050962      60.1056 
    0.00509998      64.3412 
    0.00510376      68.9727 
    0.00510755      74.0419 
    0.00511133      79.5944 
    0.00511511      85.6794 
     0.0051189       92.349 
    0.00512268      99.6579 
    0.00512646      107.661 
    0.00513024      116.413 
    0.00513403      125.961 
    0.00513781      136.345 
    0.00514159      147.586 
    0.00514537      159.681 
    0.00514916      172.588 
     0.0051542      190.895 
     0.0051663      237.088 
     0.0051711       254.31 
    0.00517469      265.949 
    0.00517763      274.229 
    0.00518111      282.199 
    0.00518372      286.677 
    0.00518633      289.742 
    0.00518894      291.311 
    0.00518981       291.49 
     0.0051921      291.142 
    0.00519554      288.448 
    0.00519899      283.306 
    0.00520243      275.975 
    0.00520587      266.812 
    0.00520817      259.933 
    0.00521346      242.397 
     0.0052267       195.36 
    0.00523187      177.941 
    0.00523691      162.132 
     0.0052407      151.136 
    0.00524448      140.902 
    0.00524826      131.422 
    0.00525204       122.67 
    0.00525583      114.611 
    0.00525961        107.2 
    0.00526339      100.391 
    0.00526717      94.1378 
    0.00527096      88.3943 
    0.00527474      83.1168 
    0.00527852      78.2643 
     0.0052823      73.7987 
    0.00528609      69.6851 
    0.00528987      65.8914 
    0.00529491       61.281 
    0.00529996      57.1263 
      0.005305      53.3735 
    0.00531004      49.9758 
    0.00531509      46.8921 
    0.00532013      44.0869 
    0.00532517       41.529 
    0.00533022      39.1914 
    0.00533526      37.0503 
    0.00534031      35.0849 
    0.00534535      33.2771 
    0.00535039      31.6109 
    0.00535796      29.3466 
    0.00536552      27.3286 
    0.00537321      25.4945 
    0.00538116      23.7991 
     0.0053891        22.28 
    0.00539704      20.9141 
    0.00540499      19.6792 
    0.00541293      18.5563 
    0.00542021      17.6168 
    0.00542749      16.7546 
    0.00543708      15.7228 
    0.00544653      14.8052 
    0.00545631      13.9538 
    0.00546639      13.1535 
    0.00547648      12.4286 
    0.00548657        11.77 
    0.00549665      11.1697 
    0.00550674      10.6209 
    0.00551683      10.1177 
    0.00552691      9.65527 
    0.00554204       9.0276 
    0.00555718      8.47114 
    0.00557231      7.97255 
    0.00558744      7.52626 
    0.00560257        7.123 
     0.0056177      6.75903 
    0.00563283      6.42774 
      0.005653      6.03166 
    0.00567318      5.67981 
    0.00569335      5.36564 
    0.00571352       5.0841 
     0.0057337      4.83035 
    0.00575387      4.60037 
    0.00577405       4.3914 
    0.00580052      4.14554 
      0.005827      3.92508 
    0.00585411       3.7246 
    0.00588248      3.53525 
    0.00591085      3.36627 
    0.00593922      3.21275 
    0.00597705      3.03052 
    0.00600857       2.8956 
    0.00604639      2.74851 
    0.00608422      2.61773 
    0.00612205      2.49883 
    0.00617248      2.35759 
    0.00622292      2.23203 
    0.00628596       2.0928 
      0.006349      1.96829 
    0.00642466      1.83353 
    0.00656335      1.60736 
    0.00663901      1.48206 
    0.00668944      1.39032 
    0.00672727      1.31296 
    0.00675248       1.2552 
     0.0067777       1.1904 
    0.00679662      1.13589 
    0.00681442       1.0788 
    0.00683128      1.01858 
    0.00684736     0.954925 
    0.00686344     0.885191 
    0.00688488     0.787536 
    0.00689248      0.75552 
    0.00689922     0.731797 
    0.00690371     0.720352 
    0.00690707     0.715324 
    0.00690913     0.714262 
    0.00691201     0.716046 
    0.00691493     0.722745 
    0.00691687     0.730626 
    0.00691882     0.741838 
    0.00692076     0.757045 
     0.0069227     0.777085 
    0.00692416     0.795888 
    0.00692562      0.81847 
    0.00692696     0.843062 
     0.0069283     0.871857 
    0.00692964     0.905465 
    0.00693098     0.944605 
    0.00693232     0.990116 
    0.00693366      1.04299 
    0.00693466      1.08817 
    0.00693567      1.13872 
    0.00693677      1.20129 
    0.00693764      1.25637 
    0.00693851      1.31714 
    0.00693938      1.38425 
    0.00694026      1.45841 
    0.00694113      1.54046 
      0.006942      1.63134 
    0.00694287      1.73213 
    0.00694365      1.83164 
    0.00694433      1.92757 
    0.00694502      2.03197 
    0.00694571      2.14571 
    0.00694639      2.26975 
    0.00694708       2.4052 
    0.00694777      2.55328 
    0.00694845      2.71538 
    0.00694906      2.87233 
    0.00694986      3.09874 
    0.00695066       3.3517 
    0.00695119      3.53694 
    0.00695173      3.73693 
    0.00695226      3.95313 
    0.00695279      4.18712 
    0.00695329      4.42169 
    0.00695397      4.77695 
    0.00695465      5.17246 
    0.00695511      5.46126 
    0.00695556      5.77237 
    0.00695602      6.10793 
    0.00695648      6.47031 
    0.00695692       6.8502 
    0.00695735      7.24768 
    0.00695778      7.67659 
     0.0069582         8.14 
    0.00695863      8.64136 
    0.00695906      9.18449 
    0.00695949      9.77368 
    0.00695992      10.4137 
    0.00696032      11.0647 
     0.0069607      11.7212 
    0.00696107      12.4294 
    0.00696145      13.1943 
    0.00696182      14.0211 
     0.0069622      14.9158 
    0.00696257      15.8849 
    0.00696295      16.9354 
     0.0069633      17.9905 
    0.00696362      19.0384 
    0.00696394      20.1631 
    0.00696426      21.3704 
    0.00696458      22.6666 
     0.0069649      24.0585 
    0.00696523      25.5526 
    0.00696555      27.1561 
    0.00696598      29.4765 
    0.00696638       31.855 
    0.00696678      34.4436 
    0.00696718      37.2551 
    0.00696759         40.3 
    0.00696799      43.5871 
    0.00696839      47.1217 
    0.00696879      50.9052 
    0.00696933      56.3294 
    0.00696986      62.1626 
    0.00697053      69.9527 
    0.00697134      79.8237 
    0.00697245      93.7055 
    0.00697307      101.062 
    0.00697368      107.837 
    0.00697414      112.371 
    0.00697461      116.314 
    0.00697498      118.978 
    0.00697535      121.158 
    0.00697572      122.821 
    0.00697609      123.944 
    0.00697656      124.569 
    0.00697668      124.583 
    0.00697707      124.232 
    0.00697745      123.307 
    0.00697796      121.227 
    0.00697847      118.266 
    0.00697905      113.947 
    0.00697963      108.829 
    0.00698041      101.136 
    0.00698251      78.8118 
    0.00698326      71.3136 
    0.00698383      66.0533 
    0.00698439      61.1489 
      0.006985      56.2066 
    0.00698543      53.0343 
    0.00698586      50.0755 
    0.00698629      47.3228 
    0.00698672      44.7665 
    0.00698715      42.3959 
    0.00698758      40.1994 
    0.00698801      38.1651 
    0.00698854      35.8321 
    0.00698908      33.7115 
    0.00698961      31.7821 
    0.00699015      30.0245 
    0.00699069      28.4208 
    0.00699122      26.9549 
    0.00699176      25.6124 
    0.00699229      24.3806 
     0.0069931      22.7155 
     0.0069939      21.2409 
    0.00699471      19.9289 
    0.00699551      18.7567 
    0.00699631      17.7049 
      0.006997      16.8953 
    0.00699782      16.0014 
    0.00699865      15.1929 
    0.00699948       14.459 
    0.00700031      13.7904 
    0.00700155      12.8937 
    0.00700279      12.1053 
    0.00700385      11.5054 
    0.00700514      10.8513 
    0.00700643      10.2694 
    0.00700772      9.74887 
    0.00700901      9.28112 
     0.0070103      8.85892 
    0.00701159      8.47633 
    0.00701352      7.96593 
    0.00701553      7.50351 
    0.00701754      7.09831 
    0.00701955      6.74082 
    0.00702156      6.42345 
    0.00702357       6.1401 
    0.00702598      5.83807 
     0.0070286      5.55025 
    0.00703121      5.29673 
    0.00703382      5.07181 
    0.00703643      4.87087 
    0.00703933      4.67186 
     0.0070428      4.46169 
    0.00704626      4.27695 
    0.00704973      4.11349 
    0.00705435      3.92298 
    0.00705926      3.74829 
    0.00706447      3.58855 
    0.00706967      3.44998 
    0.00707488      3.32874 
    0.00708269      3.17302 
    0.00709049      3.04243 
     0.0070983      2.93108 
    0.00710697      2.82529 
    0.00711565      2.73468 
    0.00712721      2.63246 
    0.00713878       2.5469 
    0.00715035      2.47435 
     0.0071677      2.38435 
    0.00718504      2.31179 
    0.00720638      2.23988 
    0.00722193       2.1967 
    0.00724377      2.14659 
    0.00727654      2.08905 
    0.00730931      2.04755 
    0.00734209      2.01859 
    0.00737486      1.99884 
    0.00741231      1.98718 
    0.00743728      1.98425 
    0.00748721      1.99119 
    0.00753715      2.01296 
    0.00758708      2.04991 
    0.00762454      2.08777 
    0.00766199      2.13594 
    0.00769944      2.19394 
    0.00773689      2.26442 
    0.00777434      2.34713 
     0.0078118      2.44576 
    0.00784925       2.5603 
    0.00787422      2.64782 
    0.00789918      2.74505 
    0.00792415      2.85306 
    0.00794912      2.97309 
    0.00797409      3.10656 
    0.00799906      3.25514 
    0.00802402      3.42075 
    0.00804899      3.60561 
    0.00807396      3.81235 
    0.00809893      4.04402 
     0.0081239      4.30425 
    0.00815511       4.6756 
    0.00817383      4.92733 
    0.00818944      5.15616 
    0.00820504      5.40373 
    0.00822065      5.67212 
    0.00823625      5.96356 
    0.00825248      6.29371 
    0.00826871      6.65399 
    0.00828369      7.01703 
    0.00829867      7.41257 
    0.00831553      7.90252 
    0.00833238      8.44201 
    0.00834361      8.83386 
    0.00835859      9.40203 
    0.00837358      10.0264 
    0.00838856      10.7157 
    0.00840354      11.4767 
    0.00841852      12.3211 
     0.0084335      13.2581 
    0.00844473       14.031 
    0.00845597      14.8706 
    0.00846721      15.7843 
    0.00847844        16.78 
    0.00848968       17.867 
    0.00850091      19.0559 
    0.00851215      20.3589 
    0.00852338      21.7901 
    0.00853462      23.3655 
    0.00854586      25.1027 
    0.00855709       27.022 
    0.00856833       29.146 
    0.00857956       31.501 
    0.00858705       33.215 
    0.00859454      35.0529 
    0.00860203      37.0297 
    0.00861327      40.2777 
    0.00862076      42.6526 
    0.00862825      45.2106 
    0.00863574      47.9611 
    0.00864635      52.2058 
    0.00865571      56.3603 
    0.00866508      60.9215 
    0.00867444      65.9207 
     0.0086838      71.4096 
    0.00869317      77.3895 
     0.0087044       85.235 
    0.00871564       93.833 
    0.00872687      103.147 
    0.00873811      113.078 
    0.00876932      141.992 
    0.00878149      152.495 
    0.00878867      158.121 
    0.00879803      164.376 
    0.00880427      167.756 
    0.00881267      171.142 
    0.00881913      172.766 
    0.00882559      173.504 
    0.00882774      173.533 
    0.00883467      172.929 
     0.0088416      171.331 
    0.00884853       168.79 
    0.00885546      165.397 
    0.00886482      159.606 
    0.00887418      152.891 
    0.00888854      141.325 
    0.00891663      117.658 
    0.00892786      108.647 
     0.0089391      100.168 
    0.00895034       92.295 
    0.00896157      85.0574 
    0.00897281      78.4502 
    0.00898404      72.4466 
    0.00899528      67.0069 
    0.00900651      62.0849 
    0.00901775      57.6333 
    0.00902899      53.6062 
    0.00904022      49.9612 
    0.00905146      46.6591 
    0.00906269      43.6642 
    0.00907393      40.9438 
    0.00908516      38.4682 
     0.0090964      36.2109 
    0.00910763      34.1484 
    0.00911887      32.2601 
    0.00913011      30.5282 
    0.00914509      28.4358 
    0.00916007      26.5608 
    0.00917505      24.8747 
    0.00919003      23.3541 
    0.00920501      21.9781 
    0.00921999      20.7296 
    0.00923497      19.5933 
    0.00924995      18.5565 
    0.00926493      17.6078 
    0.00927991      16.7378 
    0.00930239      15.5617 
    0.00931986      14.7424 
    0.00933734      13.9931 
    0.00935732      13.2146 
    0.00937729      12.5072 
    0.00940163      11.7321 
    0.00942535      11.0522 
    0.00944876      10.4495 
    0.00947217      9.90197 
    0.00949714      9.37347 
     0.0095221      8.89366 
    0.00954707      8.45701 
    0.00957204      8.05835 
    0.00959701      7.69324 
    0.00962198      7.35787 
    0.00964694      7.04896 
     0.0096844      6.63053 
    0.00972185      6.25444 
     0.0097593      5.91939 
    0.00979675       5.6154 
     0.0098342      5.34185 
    0.00988414      5.01406 
    0.00993408      4.72319 
    0.00998401       4.4633 
     0.0100339       4.2295 
     0.0100964      3.96751 
     0.0101588      3.73383 
     0.0102337       3.4809 
      0.010364      3.07159 
     0.0103981      2.94921 
     0.0104186      2.85912 
     0.0104329      2.77896 
     0.0104439      2.69896 
       0.01045      2.64129 
     0.0104552      2.58189 
     0.0104603      2.50701 
     0.0104636       2.4461 
      0.010467      2.37109 
     0.0104695      2.30005 
     0.0104715      2.23658 
     0.0104733      2.16759 
     0.0104771       2.0015 
     0.0104777      1.98073 
     0.0104783      1.97028 
     0.0104784      1.97003 
     0.0104788      1.97343 
     0.0104793      1.99053 
     0.0104796      2.00974 
     0.0104799       2.0373 
     0.0104802      2.07479 
     0.0104805      2.12395 
     0.0104808      2.18675 
     0.0104811      2.26526 
     0.0104813      2.33585 
     0.0104815      2.41753 
     0.0104817      2.52923 
      0.010482      2.64092 
     0.0104822      2.76765 
     0.0104824      2.91057 
     0.0104826      3.07082 
     0.0104829      3.24947 
     0.0104831       3.4475 
     0.0104833      3.66585 
     0.0104835      3.88756 
     0.0104837      4.10894 
      0.010484      4.47169 
     0.0104843      4.87207 
     0.0104846       5.3101 
     0.0104848      5.78554 
     0.0104851      6.25015 
     0.0104854      6.88023 
     0.0104858      7.55169 
     0.0104862      8.62308 
      0.010487      10.3164 
     0.0104877      11.9572 
     0.0104882      12.9879 
     0.0104887      13.9625 
      0.010489      14.5026 
     0.0104894       15.152 
     0.0104897      15.5946 
     0.0104901      15.9603 
     0.0104905      16.1789 
     0.0104909      16.2887 
      0.010491       16.295 
     0.0104913      16.2548 
     0.0104916      16.1348 
     0.0104919      15.9263 
     0.0104923      15.6227 
     0.0104926       15.242 
     0.0104931       14.549 
     0.0104936      13.7825 
     0.0104943      12.6144 
     0.0104954      10.5998 
      0.010496      9.57363 
     0.0104964      8.91512 
     0.0104968      8.30739 
     0.0104973      7.75441 
     0.0104977      7.25712 
     0.0104981      6.81498 
     0.0104985      6.42536 
      0.010499      6.08477 
     0.0104993      5.82165 
     0.0104997      5.59003 
     0.0105001      5.38655 
     0.0105004      5.20805 
      0.010501      4.98036 
     0.0105016      4.79267 
     0.0105022      4.62554 
     0.0105029       4.4689 
     0.0105036      4.34084 
     0.0105042      4.23418 
     0.0105052      4.11644 
     0.0105062      4.00648 
     0.0105074      3.90499 
     0.0105092      3.78334 
     0.0105112      3.67469 
     0.0105138      3.56904 
     0.0105164       3.4861 
     0.0105192      3.41178 
     0.0105232      3.32969 
      0.010528      3.25387 
     0.0105337      3.18549 
     0.0105405      3.12087 
     0.0105485      3.06124 
     0.0105593      2.99812 
      0.010573      2.93557 
     0.0105926      2.86431 
     0.0106183      2.78968 
     0.0106632      2.68434 
     0.0107146      2.58404 
     0.0107916      2.45519 
     0.0108686       2.3424 
     0.0109579      2.22568 
     0.0110715      2.09346 
     0.0111851      1.97607 
     0.0113177      1.85254 
     0.0114502      1.74246 
     0.0115828      1.64356 
     0.0117248      1.54895 
     0.0118669      1.46507 
     0.0119805      1.40635 
     0.0120865      1.35885 
     0.0121926      1.31951 
     0.0122835      1.29396 
     0.0123441      1.28151 
     0.0124047      1.27362 
     0.0124653      1.27037 
     0.0125259      1.27404 
     0.0125865      1.28528 
     0.0126471      1.30569 
     0.0126926      1.32847 
      0.012738      1.35815 
     0.0127835      1.39708 
     0.0128137      1.42845 
      0.012844      1.46495 
     0.0128744      1.50722 
     0.0129047      1.55601 
      0.012935      1.61218 
     0.0129501       1.6427 
     0.0129804      1.71179 
     0.0130107       1.7911 
      0.013041       1.8821 
     0.0130789       2.0147 
     0.0131016      2.10607 
     0.0131243      2.20778 
      0.013147      2.32055 
     0.0131717      2.45784 
     0.0131906      2.57449 
     0.0132095      2.70224 
     0.0132285      2.84231 
     0.0132478      2.99944 
     0.0132675      3.17589 
     0.0132864      3.36146 
     0.0133046      3.55891 
     0.0133243      3.79513 
     0.0133455      4.07932 
     0.0133652      4.37298 
     0.0133834      4.67467 
     0.0134016      5.00896 
     0.0134198      5.38024 
     0.0134334      5.68599 
      0.013447      6.01767 
     0.0134607      6.37796 
     0.0134743      6.76989 
     0.0134879      7.19694 
     0.0135016      7.66306 
     0.0135152      8.17269 
     0.0135288      8.73076 
     0.0135425      9.34283 
     0.0135561      10.0152 
     0.0135697      10.7551 
     0.0135834      11.5708 
      0.013597       12.472 
     0.0136106      13.4699 
     0.0136243      14.5771 
     0.0136379      15.8078 
      0.013647      16.7037 
     0.0136606      18.1773 
     0.0136697      19.2538 
     0.0136834      21.0219 
     0.0136947      22.6557 
     0.0137061      24.4582 
     0.0137174      26.4428 
     0.0137288      28.6293 
     0.0137402      31.0388 
     0.0137515      33.6938 
     0.0137629      36.6174 
     0.0137743      39.8328 
     0.0137856       43.362 
      0.013797      47.2244 
     0.0138046      50.0019 
     0.0138182      55.3863 
     0.0138318      61.2537 
     0.0138458      67.7492 
     0.0138655      77.4531 
     0.0138879      88.6246 
      0.013903      95.6984 
     0.0139144      100.406 
     0.0139258      104.318 
     0.0139333      106.397 
     0.0139409      107.993 
       0.01395       109.24 
     0.0139591      109.689 
     0.0139667      109.481 
     0.0139742       108.75 
     0.0139818      107.528 
     0.0139894      105.856 
     0.0140008      102.577 
     0.0140121      98.6637 
     0.0140197      95.7673 
     0.0140394      87.6038 
     0.0140682      75.3347 
     0.0140864      68.0262 
        0.0141      62.9279 
     0.0141136      58.1987 
     0.0141273      53.8458 
     0.0141394      50.2738 
     0.0141507      47.1975 
     0.0141621      44.3563 
     0.0141735      41.7356 
     0.0141848      39.3211 
     0.0141969      36.9575 
     0.0142106      34.5425 
     0.0142242      32.3727 
     0.0142363      30.6417 
     0.0142477      29.1934 
     0.0142591       27.934 
     0.0142699      26.9537 
     0.0142771      26.4538 
     0.0142842      26.1236 
     0.0142901       26.028 
     0.0142946      26.1011 
     0.0142983      26.2891 
      0.014302      26.6278 
     0.0143048       27.008 
     0.0143073       27.481 
     0.0143098      28.0697 
     0.0143123      28.8205 
     0.0143147      29.7717 
     0.0143164      30.5407 
      0.014318      31.4375 
     0.0143196      32.4524 
     0.0143212      33.5947 
     0.0143228      34.9135 
     0.0143243       36.435 
     0.0143259      38.1884 
     0.0143274      40.2055 
      0.014329      42.5192 
     0.0143305      45.1623 
     0.0143319      47.6901 
     0.0143335        51.19 
     0.0143351      55.1157 
     0.0143368      59.4505 
     0.0143384      64.1414 
     0.0143434      79.4162 
     0.0143451      84.1154 
     0.0143462      86.8765 
     0.0143474      89.2403 
     0.0143485      91.1313 
     0.0143497      92.5448 
     0.0143509      93.3453 
     0.0143516      93.4762 
     0.0143526      93.3044 
     0.0143536       92.668 
      0.014355      91.1517 
     0.0143563      88.9699 
     0.0143577      86.2509 
     0.0143597      81.4686 
     0.0143653      67.2941 
     0.0143674      62.2841 
     0.0143695      57.7196 
     0.0143716      53.6371 
     0.0143737      50.0267 
     0.0143752      47.6358 
     0.0143768      45.4659 
     0.0143783      43.4967 
     0.0143807      40.8769 
      0.014383      38.6032 
     0.0143853      36.6214 
     0.0143877      34.8852 
       0.01439      33.3558 
     0.0143924      32.0012 
     0.0143955      30.4214 
     0.0143986      29.0548 
     0.0144015      27.9319 
     0.0144044      26.9362 
     0.0144083      25.7706 
     0.0144122      24.7553 
      0.014417       23.663 
     0.0144228      22.5487 
     0.0144286      21.5944 
     0.0144343      20.7645 
     0.0144411      19.9118 
     0.0144489        19.06 
     0.0144567       18.315 
     0.0144644      17.6539 
     0.0144761      16.7857 
     0.0144878      16.0297 
     0.0144995      15.3604 
      0.014515      14.5733 
     0.0145306      13.8805 
     0.0145473      13.2203 
     0.0145641      12.6272 
     0.0145816      12.0673 
     0.0146069      11.3468 
     0.0146303      10.7608 
     0.0146536      10.2343 
      0.014677      9.75754 
     0.0147081      9.18921 
     0.0147392      8.68468 
     0.0147704      8.23355 
     0.0148015      7.82767 
     0.0148327      7.46054 
     0.0148638      7.12687 
     0.0149105      6.68047 
     0.0149572      6.28867 
     0.0150039      5.93889 
     0.0150507      5.62917 
     0.0150974      5.34935 
     0.0151441      5.09851 
     0.0152064      4.79886 
     0.0152686       4.5337 
     0.0153309      4.29734 
     0.0153932       4.0852 
      0.015471      3.84829 
     0.0155489      3.63843 
     0.0156267      3.45133 
      0.015689      3.31401 
     0.0157824      3.12604 
     0.0158759      2.95862 
     0.0159693      2.80536 
     0.0160938      2.62107 
     0.0162573      2.40283 
     0.0164319       2.1773 
     0.0164854      2.09821 
     0.0165186      2.03953 
      0.016542      1.98818 
     0.0165558      1.95101 
     0.0165676      1.91272 
     0.0165772      1.87418 
     0.0165855      1.83353 
     0.0165924      1.79176 
     0.0165986      1.74525 
     0.0166041      1.69371 
     0.0166086      1.64182 
     0.0166121      1.59363 
     0.0166153      1.53933 
     0.0166184       1.4792 
     0.0166219      1.40769 
     0.0166232      1.38769 
     0.0166241      1.38115 
     0.0166248      1.38401 
     0.0166254      1.39589 
     0.0166259       1.4132 
     0.0166264      1.43985 
     0.0166267        1.464 
     0.0166271       1.4942 
     0.0166274      1.53136 
     0.0166277      1.57648 
      0.016628      1.63069 
     0.0166284      1.69512 
     0.0166287      1.77104 
      0.016629      1.85975 
     0.0166294      1.96269 
     0.0166296      2.05006 
     0.0166299      2.14678 
     0.0166301       2.2535 
     0.0166303      2.37072 
     0.0166306      2.50631 
     0.0166309      2.65485 
     0.0166312      2.85547 
     0.0166315      3.05703 
     0.0166318      3.27707 
      0.016632      3.51612 
     0.0166323      3.77459 
     0.0166326      4.05269 
     0.0166329      4.35041 
     0.0166332      4.66752 
     0.0166335       5.0674 
     0.0166339      5.56087 
     0.0166343      6.08551 
     0.0166349      6.92254 
     0.0166356      7.95334 
     0.0166369      9.93335 
     0.0166375       10.815 
     0.0166381      11.5553 
     0.0166386      12.1522 
      0.016639      12.5883 
     0.0166394      12.9714 
     0.0166399      13.3131 
     0.0166404      13.5421 
     0.0166408      13.6674 
     0.0166412      13.7085 
     0.0166417      13.6597 
     0.0166422      13.5016 
     0.0166427      13.2417 
     0.0166432      12.8464 
     0.0166438      12.3561 
     0.0166443      11.7904 
     0.0166449      11.1701 
     0.0166469      8.76015 
     0.0166474      8.11821 
      0.016648      7.51368 
     0.0166486      6.95414 
     0.0166491       6.4826 
     0.0166496      6.05452 
     0.0166501      5.66963 
     0.0166506      5.32667 
     0.0166511      5.02321 
     0.0166517      4.75637 
     0.0166522      4.52277 
     0.0166527      4.31898 
     0.0166532       4.1414 
     0.0166537       3.9868 
     0.0166543      3.82769 
     0.0166549      3.70669 
     0.0166557      3.55367 
     0.0166565      3.42777 
     0.0166574      3.32273 
     0.0166585      3.20707 
     0.0166597        3.101 
     0.0166609      3.01369 
     0.0166628      2.90751 
     0.0166643      2.83702 
     0.0166661      2.76713 
     0.0166687        2.682 
     0.0166715      2.61213 
     0.0166744      2.55219 
     0.0166782      2.48785 
     0.0166835      2.41975 
     0.0166888      2.36684 
     0.0166961      2.30941 
     0.0167038      2.26292 
     0.0167147      2.21233 
     0.0167288      2.16285 
     0.0167449      2.11904 
     0.0167722       2.0625 
     0.0168059      2.00906 
      0.016862      1.93898 
      0.016935      1.86456 
     0.0170267      1.78401 
     0.0171564      1.68408 
     0.0172879      1.59337 
     0.0174458      1.49689 
     0.0175686      1.43133 
     0.0176703      1.38417 
     0.0177545       1.3508 
     0.0178387      1.32471 
     0.0179229      1.30641 
      0.017993      1.29971 
     0.0180071      1.29936 
     0.0180632      1.30255 
     0.0181193      1.31367 
     0.0181614      1.32849 
     0.0182035      1.34947 
     0.0182456      1.37857 
     0.0182877      1.41642 
     0.0183158      1.44784 
     0.0183439      1.48485 
     0.0183719      1.52822 
        0.0184      1.57886 
      0.018428      1.63783 
     0.0184561      1.70639 
     0.0184842      1.78602 
     0.0185122      1.87824 
      0.018535      1.96405 
     0.0185579      2.06135 
     0.0185754      2.14472 
     0.0185929      2.23645 
     0.0186108      2.33963 
     0.0186287      2.45357 
     0.0186491      2.59744 
     0.0186694      2.75923 
     0.0186877       2.9216 
     0.0187059      3.10254 
     0.0187241      3.30381 
     0.0187424       3.5289 
     0.0187592      3.76064 
     0.0187761      4.01832 
     0.0187929      4.30559 
     0.0188055      4.54282 
     0.0188182       4.8009 
     0.0188308      5.08208 
     0.0188434      5.38885 
      0.018856      5.72409 
     0.0188687      6.09097 
     0.0188813      6.49313 
     0.0188939      6.93468 
     0.0189066      7.42031 
     0.0189192       7.9554 
     0.0189318      8.54609 
     0.0189444      9.19943 
     0.0189571      9.92349 
     0.0189697      10.7275 
     0.0189823      11.6218 
     0.0189908       12.274 
     0.0189992      12.9758 
     0.0190076      13.7317 
      0.019016      14.5458 
     0.0190244      15.4192 
     0.0190329      16.3639 
     0.0190413      17.3867 
     0.0190497      18.4918 
     0.0190581      19.6863 
     0.0190665      20.9778 
     0.0190749      22.3744 
     0.0190834      23.8845 
     0.0190918      25.5168 
     0.0191002        27.28 
     0.0191086      29.1829 
     0.0191184      31.5904 
     0.0191269      33.8232 
     0.0191353      36.2255 
     0.0191465      39.6821 
     0.0191577      43.4185 
     0.0191697      47.6831 
     0.0191816      52.2028 
     0.0192153       65.443 
       0.01923      70.7782 
     0.0192398      73.8765 
     0.0192491      76.3282 
     0.0192579      78.1295 
     0.0192667       79.375 
     0.0192754      80.0174 
     0.0192798      80.1084 
      0.019288       79.871 
     0.0192961      79.1312 
     0.0193043      77.9282 
     0.0193124      76.2995 
     0.0193233       73.613 
     0.0193353      70.1661 
     0.0193531      64.4137 
     0.0193823      54.7868 
     0.0193991      49.5661 
     0.0194103      46.3223 
     0.0194216      43.2889 
     0.0194328      40.4707 
      0.019444      37.8647 
     0.0194552      35.4628 
     0.0194665      33.2538 
     0.0194777      31.2247 
     0.0194889      29.3619 
     0.0195001       27.652 
     0.0195114      26.0818 
     0.0195226      24.6389 
     0.0195338      23.3117 
      0.019545      22.0897 
     0.0195563      20.9631 
     0.0195731      19.4328 
     0.0195899      18.0715 
     0.0196068      16.8559 
     0.0196236      15.7673 
     0.0196405      14.7887 
     0.0196573      13.9065 
     0.0196741      13.1083 
      0.019691      12.3841 
     0.0197078      11.7249 
     0.0197247      11.1233 
     0.0197415      10.5724 
     0.0197639      9.90751 
     0.0197864      9.31164 
     0.0198088       8.7753 
     0.0198327      8.26224 
      0.019858      7.77567 
     0.0198808      7.37547 
     0.0199113      6.89154 
     0.0199381      6.51123 
     0.0199646      6.16938 
     0.0199936      5.82974 
     0.0200278      5.46602 
     0.0200593      5.16165 
     0.0200909      4.88186 
     0.0201295      4.56596 
     0.0201997      4.02903 
     0.0202265      3.80863 
     0.0202396      3.68467 
     0.0202509      3.55887 
     0.0202592      3.44622 
     0.0202687      3.30118 
      0.020271      3.28259 
     0.0202722      3.28717 
     0.0202731      3.30431 
      0.020274      3.34031 
     0.0202747      3.38507 
     0.0202754       3.4505 
     0.0202759      3.50858 
     0.0202765      3.60823 
      0.020277      3.70267 
     0.0202774      3.79224 
     0.0202778       3.9145 
     0.0202783      4.05815 
     0.0202787      4.22557 
     0.0202791      4.41914 
     0.0202796      4.64115 
       0.02028      4.89372 
     0.0202804      5.17873 
     0.0202808      5.44484 
     0.0202813      5.80218 
     0.0202817      6.19695 
     0.0202822      6.62899 
     0.0202826      7.09755 
      0.020283       7.6007 
     0.0202836      8.24031 
     0.0202843      9.15175 
     0.0202855      10.8095 
     0.0202865      12.1344 
     0.0202873      13.2003 
     0.0202879      13.9206 
     0.0202884      14.4506 
      0.020289      14.9171 
     0.0202895       15.285 
       0.02029      15.5398 
     0.0202904      15.6831 
      0.020291      15.7744 
     0.0202911      15.7786 
     0.0202915      15.7474 
     0.0202921      15.6068 
     0.0202925      15.4046 
      0.020293      15.1321 
     0.0202937      14.6432 
     0.0202944      14.0188 
     0.0202951      13.3106 
     0.0202961      12.1576 
     0.0202975      10.6184 
     0.0202983      9.75666 
      0.020299      9.05795 
     0.0202997      8.42059 
     0.0203002      7.98604 
     0.0203007      7.58966 
     0.0203014      7.15438 
      0.020302      6.77324 
     0.0203027      6.44221 
     0.0203033      6.15659 
      0.020304      5.91119 
     0.0203046      5.70088 
     0.0203051       5.5777 
     0.0203059      5.36609 
     0.0203068      5.19277 
     0.0203076      5.04955 
     0.0203088      4.89441 
     0.0203099      4.76936 
     0.0203115      4.63559 
      0.020313      4.52815 
     0.0203147      4.43121 
     0.0203175      4.30508 
     0.0203202      4.20592 
     0.0203233      4.11636 
     0.0203276      4.01595 
     0.0203337        3.907 
     0.0203415      3.79934 
     0.0203501      3.70541 
     0.0203642      3.58315 
     0.0203817      3.46158 
     0.0204079       3.3114 
     0.0204342      3.18258 
     0.0204708      3.02371 
     0.0205074      2.88041 
     0.0205562      2.70626 
      0.020605      2.54594 
     0.0206721      2.34219 
     0.0207513      2.11878 
     0.0208489      1.85949 
     0.0210166      1.42218 
     0.0211465      1.07084 
     0.0211758     0.996799 
     0.0211953     0.953528 
       0.02121     0.927103 
     0.0212197     0.913862 
     0.0212307     0.904869 
     0.0212368       0.9034 
     0.0212437     0.905647 
     0.0212505     0.912878 
     0.0212574     0.926293 
      0.021262      0.93942 
     0.0212665     0.956524 
     0.0212711     0.978237 
     0.0212753      1.00271 
     0.0212791      1.02927 
     0.0212828      1.06073 
     0.0212866      1.09783 
     0.0212904      1.14136 
     0.0212942      1.19227 
      0.021298      1.25164 
     0.0213008      1.30253 
     0.0213036       1.3596 
     0.0213062      1.41712 
     0.0213088      1.48095 
     0.0213113      1.55181 
     0.0213139      1.63046 
     0.0213164      1.71782 
      0.021319      1.81495 
     0.0213216      1.92302 
     0.0213241      2.04339 
     0.0213261      2.14432 
      0.021328      2.25406 
       0.02133      2.37348 
     0.0213319      2.50352 
     0.0213339      2.64529 
     0.0213358      2.79997 
     0.0213378      2.96891 
     0.0213397      3.15362 
     0.0213415      3.32954 
     0.0213432      3.52009 
     0.0213449      3.72672 
     0.0213466      3.95096 
     0.0213483      4.19459 
       0.02135       4.4595 
     0.0213517      4.74786 
     0.0213534      5.06204 
     0.0213554       5.4692 
     0.0213574      5.92092 
     0.0213594      6.42293 
     0.0213608      6.78872 
     0.0213621      7.18186 
     0.0213635      7.60468 
     0.0213654      8.25576 
     0.0213672      8.95404 
      0.021369      9.72714 
     0.0213708      10.5838 
     0.0213727      11.5332 
     0.0213744      12.5487 
     0.0213761      13.5892 
     0.0213777      14.7298 
     0.0213794      15.9785 
      0.021381      17.3437 
     0.0213827      18.8326 
     0.0213845      20.6401 
     0.0213863      22.6142 
     0.0213882      24.7565 
       0.02139      27.0624 
     0.0213918      29.5193 
     0.0213944      33.1234 
     0.0214001      41.6566 
     0.0214027      45.1982 
     0.0214046      47.5181 
     0.0214064      49.5068 
     0.0214078       50.735 
     0.0214093      51.7078 
     0.0214109      52.4985 
     0.0214123      52.8646 
     0.0214133      52.9446 
     0.0214146      52.8457 
     0.0214161      52.4329 
     0.0214176      51.7234 
     0.0214192      50.7499 
     0.0214212       49.108 
     0.0214232      47.1932 
     0.0214263      43.9689 
     0.0214323      37.1798 
     0.0214353      33.9617 
     0.0214383      31.0151 
     0.0214403      29.2366 
     0.0214422      27.5767 
     0.0214442      26.0338 
     0.0214461      24.6038 
     0.0214481      23.2808 
       0.02145      22.0583 
      0.021452      20.9292 
     0.0214542      19.7617 
     0.0214566      18.5807 
      0.021459      17.5098 
     0.0214615      16.5373 
     0.0214639      15.6526 
     0.0214664      14.8462 
     0.0214688      14.1098 
     0.0214712      13.4358 
     0.0214749      12.5277 
     0.0214786      11.7262 
     0.0214822      11.0157 
     0.0214859      10.3828 
     0.0214895      9.81665 
     0.0214934      9.28405 
     0.0214976      8.76318 
     0.0215018      8.29836 
      0.021506      7.88176 
     0.0215102      7.50673 
     0.0215144      7.16746 
      0.021519      6.82941 
     0.0215237        6.524 
     0.0215283      6.24723 
     0.0215353      5.87817 
     0.0215422      5.55539 
     0.0215492      5.27052 
     0.0215564      5.00928 
     0.0215637      4.77326 
      0.021571       4.5625 
     0.0215808      4.31437 
     0.0215905      4.09743 
     0.0216003      3.90621 
       0.02161      3.73638 
     0.0216198      3.58453 
     0.0216296      3.44792 
     0.0216405      3.30979 
      0.021657      3.12818 
     0.0216735      2.97066 
     0.0216918      2.81841 
     0.0217101      2.68519 
     0.0217323      2.54319 
     0.0217546      2.41791 
      0.021782      2.27988 
      0.021848      1.97669 
     0.0218709      1.86014 
     0.0218869      1.76719 
     0.0218988      1.69691 
     0.0219043       1.6726 
     0.0219071      1.66711 
       0.02191      1.67114 
     0.0219116      1.68056 
     0.0219131      1.69583 
     0.0219145      1.72022 
     0.0219156      1.74682 
     0.0219167      1.78468 
     0.0219175      1.81819 
     0.0219183      1.85985 
     0.0219191      1.91172 
     0.0219198      1.97647 
     0.0219204      2.03548 
      0.021921      2.10537 
     0.0219216      2.18825 
     0.0219221      2.28657 
     0.0219226      2.37346 
      0.021923      2.47241 
     0.0219235      2.58509 
     0.0219239      2.71327 
     0.0219243      2.85901 
     0.0219248      3.02444 
     0.0219252      3.21195 
     0.0219256      3.42397 
     0.0219261      3.66332 
     0.0219265      3.93261 
     0.0219268      4.13018 
     0.0219272      4.39025 
     0.0219275      4.67442 
     0.0219279      4.98428 
     0.0219282      5.32112 
     0.0219286       5.6865 
     0.0219289      6.08142 
     0.0219293      6.50711 
     0.0219296      6.96428 
     0.0219301      7.60951 
     0.0219306       8.3102 
      0.021931      9.06652 
     0.0219315      9.87713 
      0.021932        10.74 
     0.0219325      11.9019 
     0.0219332      13.2641 
     0.0219342      15.5231 
     0.0219356      18.7388 
     0.0219366       20.731 
     0.0219372      21.9512 
     0.0219378      23.0488 
     0.0219383      23.8756 
     0.0219388      24.5738 
     0.0219394      25.1617 
       0.02194      25.6145 
     0.0219405      25.8078 
      0.021941      25.8589 
     0.0219415      25.7795 
      0.021942      25.5729 
     0.0219424      25.2634 
     0.0219431      24.6462 
     0.0219437       23.844 
     0.0219444      22.7877 
     0.0219449      21.9651 
     0.0219459      20.1692 
     0.0219481      16.0176 
      0.021949      14.3311 
     0.0219496      13.2778 
     0.0219502      12.2924 
     0.0219508      11.3808 
     0.0219514      10.5577 
     0.0219521      9.80893 
     0.0219527      9.13235 
     0.0219533      8.52477 
     0.0219539      7.98167 
     0.0219544      7.56568 
      0.021955      7.11248 
     0.0219557      6.71249 
     0.0219563      6.35969 
     0.0219569      6.04839 
     0.0219575      5.77331 
     0.0219582      5.52974 
     0.0219588      5.31342 
     0.0219594      5.12075 
     0.0219604      4.86907 
     0.0219613      4.65404 
     0.0219623      4.46859 
     0.0219629      4.35859 
     0.0219641      4.16538 
     0.0219653      4.01307 
     0.0219665      3.88056 
     0.0219682      3.71111 
       0.02197      3.56915 
     0.0219717      3.44843 
     0.0219734      3.34451 
     0.0219759      3.22085 
     0.0219783       3.1174 
     0.0219808      3.02959 
     0.0219843      2.92355 
     0.0219876       2.8421 
      0.021992      2.75271 
     0.0219964      2.67974 
     0.0220008      2.61911 
     0.0220062      2.55768 
     0.0220142      2.48475 
     0.0220223      2.42829 
     0.0220317      2.37671 
     0.0220459      2.31996 
     0.0220601      2.28048 
      0.022079      2.24624 
     0.0220979      2.22739 
     0.0221206      2.22065 
     0.0221414       2.2277 
     0.0221622      2.24563 
     0.0221811       2.2712 
     0.0222001      2.30576 
     0.0222193      2.35062 
     0.0222386      2.40567 
     0.0222606      2.48196 
     0.0222825       2.5731 
     0.0223022      2.66952 
     0.0223218      2.78209 
     0.0223415      2.91166 
     0.0223612      3.06105 
     0.0223793      3.21873 
     0.0223975      3.39777 
     0.0224156      3.60114 
     0.0224338      3.83203 
     0.0224519      4.09453 
      0.022464      4.28925 
     0.0224761      4.50158 
     0.0224882      4.73328 
     0.0225004      4.98631 
     0.0225125      5.26287 
     0.0225246      5.56544 
     0.0225367      5.89682 
     0.0225488      6.26014 
     0.0225609      6.65895 
      0.022573      7.09725 
     0.0225851      7.57957 
     0.0225972      8.11103 
     0.0226093      8.69741 
     0.0226214      9.34529 
     0.0226335      10.0621 
     0.0226456      10.8556 
     0.0226569      11.6738 
     0.0226675      12.5172 
     0.0226781      13.4433 
     0.0226887      14.4599 
     0.0226993      15.5767 
     0.0227099      16.8041 
     0.0227205      18.1532 
     0.0227311       19.636 
     0.0227417      21.2649 
     0.0227522      23.0525 
     0.0227628      25.0113 
     0.0227734      27.1528 
      0.022784      29.4864 
     0.0227946      32.0233 
     0.0228052      34.7658 
     0.0228158      37.6915 
     0.0228309      42.1717 
     0.0228506      48.3799 
      0.022871      54.9074 
     0.0228869      59.6646 
     0.0228975      62.4749 
     0.0229081      64.8599 
      0.022916      66.3118 
      0.022924      67.4384 
     0.0229319      68.2137 
     0.0229398      68.6164 
     0.0229451      68.6829 
     0.0229531      68.4815 
      0.022961      67.9341 
     0.0229663      67.3892 
     0.0229769      65.8964 
     0.0229875      63.9792 
     0.0230003      61.2185 
     0.0230196      56.5181 
      0.023051      48.5182 
     0.0230692      44.1234 
     0.0230873      40.0654 
     0.0230994      37.5734 
     0.0231115       35.256 
     0.0231236      33.1101 
     0.0231357      31.1286 
     0.0231478      29.3023 
       0.02316      27.6209 
     0.0231721      26.0734 
     0.0231842      24.6492 
     0.0231963      23.3378 
     0.0232084      22.1295 
     0.0232205       21.015 
     0.0232386      19.5012 
     0.0232568      18.1539 
     0.0232749      16.9517 
     0.0232931      15.8749 
     0.0233112      14.9079 
     0.0233294      14.0362 
     0.0233475      13.2481 
     0.0233657      12.5332 
     0.0233839      11.8828 
      0.023402      11.2892 
     0.0234262      10.5751 
     0.0234504      9.93749 
     0.0234746      9.36553 
     0.0234988      8.85115 
      0.023523      8.38506 
     0.0235503      7.91073 
     0.0235775      7.48409 
     0.0236104      7.02062 
     0.0236407      6.63803 
       0.02366      6.41352 
     0.0236978      6.01098 
     0.0237346      5.66177 
     0.0237772        5.298 
     0.0238075      5.06381 
     0.0238528      4.74309 
     0.0238982      4.45432 
     0.0239436      4.19131 
      0.024003      3.87804 
       0.02406      3.60394 
     0.0240979      3.43566 
     0.0241217       3.3442 
     0.0241335       3.3115 
      0.024141      3.30329 
     0.0241462      3.30994 
     0.0241511      3.33569 
     0.0241541      3.36878 
     0.0241561      3.40426 
      0.024158       3.4579 
     0.0241598      3.53113 
      0.024161      3.60087 
     0.0241622      3.69535 
      0.024163      3.78535 
     0.0241638      3.89133 
     0.0241646      4.02268 
     0.0241654      4.18485 
      0.024166      4.31302 
     0.0241665       4.4594 
     0.0241671      4.62579 
     0.0241677      4.85198 
     0.0241683      5.11158 
      0.024169      5.40684 
     0.0241696      5.73912 
     0.0241703       6.1089 
      0.024171      6.55358 
     0.0241717      7.05938 
     0.0241724       7.6023 
     0.0241738      8.70322 
     0.0241752      9.80852 
     0.0241761       10.488 
     0.0241769      10.9677 
     0.0241776      11.3696 
     0.0241783      11.6524 
     0.0241789      11.8472 
     0.0241795      11.9332 
       0.02418      11.9592 
     0.0241807      11.9027 
     0.0241812      11.7818 
     0.0241819      11.5506 
     0.0241825      11.2401 
     0.0241832       10.865 
      0.024184      10.3329 
     0.0241849      9.62974 
     0.0241874      7.56652 
     0.0241884       6.8654 
     0.0241891      6.37963 
     0.0241898      5.90585 
     0.0241903      5.58279 
     0.0241909      5.28802 
     0.0241915      5.02123 
      0.024192      4.78168 
     0.0241926      4.55954 
     0.0241932      4.36366 
     0.0241937      4.19188 
     0.0241943      4.04198 
     0.0241949      3.91161 
     0.0241955      3.79859 
     0.0241963      3.65689 
     0.0241972      3.54281 
     0.0241981       3.4507 
     0.0241989      3.37585 
     0.0242001      3.29643 
     0.0242013      3.23415 
      0.024203      3.16056 
     0.0242048      3.10512 
     0.0242075      3.04231 
     0.0242105      2.98865 
     0.0242148      2.93021 
     0.0242233      2.84306 
     0.0242387      2.71655 
      0.024259      2.55654 
     0.0242749      2.41785 
     0.0242889      2.27793 
      0.024304      2.11682 
     0.0243091      2.07002 
      0.024313      2.04667 
     0.0243151      2.04205 
     0.0243169      2.04567 
     0.0243187      2.05938 
     0.0243202      2.07942 
     0.0243216      2.11068 
      0.024323      2.15694 
     0.0243239      2.19863 
     0.0243249      2.25135 
     0.0243257       2.3095 
     0.0243264      2.37088 
     0.0243272      2.44404 
     0.0243279      2.53117 
     0.0243286      2.63491 
     0.0243294       2.7584 
     0.0243299      2.86619 
     0.0243305      2.98896 
      0.024331      3.12877 
     0.0243315      3.25424 
      0.024332      3.41775 
     0.0243325       3.6019 
      0.024333      3.80904 
     0.0243335      4.04176 
      0.024334      4.30276 
     0.0243345      4.59488 
      0.024335       4.9211 
     0.0243355      5.26539 
      0.024336      5.62488 
     0.0243364        6.019 
     0.0243369      6.44983 
     0.0243374       6.9194 
     0.0243378       7.4295 
     0.0243383      7.98159 
     0.0243387      8.57687 
     0.0243393      9.32708 
     0.0243396      9.78286 
     0.0243402      10.7531 
     0.0243408      11.7999 
     0.0243414      12.9188 
     0.0243422      14.4089 
     0.0243432      16.5217 
     0.0243458      22.0086 
     0.0243467      23.8585 
     0.0243475      25.3369 
     0.0243482      26.4631 
     0.0243489      27.4258 
     0.0243496      28.2025 
     0.0243501       28.681 
     0.0243508      29.0574 
     0.0243513      29.2348 
     0.0243518      29.2794 
     0.0243522      29.2315 
      0.024353      28.9687 
     0.0243537      28.4912 
     0.0243543       27.938 
     0.0243549      27.2634 
     0.0243557      26.2051 
     0.0243565      25.0055 
     0.0243579      22.8684 
     0.0243602      19.0629 
     0.0243611      17.5509 
     0.0243622      16.0725 
     0.0243629      15.0517 
     0.0243637       14.111 
     0.0243645      13.2505 
     0.0243652      12.4686 
      0.024366      11.7614 
     0.0243668      11.1241 
     0.0243675      10.5509 
     0.0243683      10.0361 
     0.0243692      9.51104 
     0.0243699      9.11936 
      0.024371      8.60043 
     0.0243721      8.15171 
     0.0243732      7.76154 
     0.0243743      7.42012 
     0.0243752      7.16223 
     0.0243764      6.88249 
     0.0243775      6.63423 
     0.0243792       6.3104 
     0.0243809      6.03371 
     0.0243826      5.79469 
     0.0243844      5.57794 
     0.0243863      5.37381 
     0.0243888      5.14068 
     0.0243914      4.94285 
     0.0243939      4.77283 
     0.0243968      4.61136 
     0.0243996       4.4714 
     0.0244038      4.29304 
     0.0244076      4.15861 
     0.0244123      4.01542 
      0.024417      3.89415 
     0.0244241      3.74297 
     0.0244298      3.64073 
     0.0244385      3.51229 
     0.0244471      3.40588 
     0.0244586      3.28839 
     0.0244701      3.19095 
     0.0244829      3.09925 
     0.0244982      3.00579 
     0.0245186      2.90104 
     0.0245391      2.81219 
     0.0245694      2.70054 
     0.0245991      2.60848 
     0.0246296      2.53056 
     0.0246451       2.5016 
     0.0246545      2.49233 
     0.0246586       2.4921 
     0.0246658      2.50304 
     0.0246708      2.52714 
     0.0246738      2.55524 
     0.0246762      2.59143 
     0.0246778      2.62732 
     0.0246793      2.67869 
     0.0246806      2.73938 
     0.0246817      2.80471 
     0.0246825      2.86734 
     0.0246832      2.94498 
      0.024684       3.0413 
     0.0246848      3.16052 
     0.0246853       3.2551 
     0.0246858      3.36354 
     0.0246863      3.48741 
     0.0246869      3.62839 
     0.0246874      3.78799 
     0.0246879      3.96778 
     0.0246884      4.16905 
      0.024689      4.41909 
     0.0246896      4.69803 
     0.0246901       5.0064 
     0.0246907      5.34379 
     0.0246913      5.70908 
     0.0246919      6.13631 
     0.0246928      6.77129 
     0.0246953      8.69998 
     0.0246961      9.29096 
     0.0246968      9.74109 
     0.0246974      10.0636 
      0.024698      10.3337 
     0.0246985      10.5442 
     0.0246991       10.688 
     0.0246997       10.764 
        0.0247      10.7773 
     0.0247006      10.7446 
     0.0247011      10.6612 
     0.0247017      10.4931 
     0.0247023      10.2614 
     0.0247029      9.97577 
     0.0247035      9.58872 
     0.0247043      9.09128 
     0.0247051      8.51579 
     0.0247071       6.9191 
     0.0247079      6.30679 
     0.0247086      5.86164 
     0.0247092      5.44645 
     0.0247099      5.06466 
     0.0247105      4.71828 
      0.024711      4.47445 
     0.0247115      4.25202 
      0.024712       4.0503 
     0.0247125      3.86848 
      0.024713      3.70538 
     0.0247135      3.55983 
      0.024714      3.43043 
     0.0247145      3.31585 
     0.0247151       3.1966 
     0.0247156      3.09411 
     0.0247162      3.00617 
     0.0247171      2.89725 
      0.024718      2.81069 
     0.0247189      2.74154 
     0.0247198      2.68519 
      0.024721      2.62569 
     0.0247222      2.57952 
      0.024724      2.52705 
      0.024726      2.48318 
     0.0247281      2.44972 
     0.0247322      2.40118 
      0.024737      2.36172 
     0.0247418       2.3326 
     0.0247495      2.29755 
     0.0247572      2.27028 
     0.0247765      2.21758 
     0.0248053       2.1553 
     0.0248543      2.06642 
     0.0249153      1.97003 
     0.0249844      1.87344 
     0.0250658      1.77407 
     0.0251471       1.6886 
     0.0251959      1.64407 
     0.0252609      1.59259 
     0.0253097      1.56107 
     0.0253585      1.53384 
     0.0254195      1.50981 
     0.0254602      1.49965 
     0.0255008       1.4948 
     0.0255212       1.4941 
     0.0255634      1.49849 
     0.0256187      1.51544 
     0.0256578      1.53595 
     0.0256968      1.56491 
     0.0257424      1.61002 
     0.0257749      1.65087 
     0.0258139      1.71086 
      0.025853      1.78359 
      0.025879      1.84047 
      0.025905      1.90463 
      0.025931      1.97677 
      0.025957      2.05766 
     0.0259831      2.14817 
     0.0260091      2.24924 
     0.0260351      2.36197 
     0.0260611      2.48755 
     0.0260872      2.62733 
     0.0261132      2.78286 
     0.0261392      2.95583 
     0.0261652       3.1482 
     0.0261912      3.36213 
     0.0262173      3.60012 
     0.0262433      3.86496 
     0.0262693      4.15908 
     0.0262888      4.40132 
     0.0263084      4.66478 
     0.0263279      4.95077 
     0.0263474      5.26125 
     0.0263669      5.59861 
     0.0263864      5.96522 
     0.0264059      6.36401 
     0.0264255      6.79786 
      0.026445       7.2703 
     0.0264645      7.78483 
      0.026484      8.34574 
     0.0265035      8.95724 
      0.026523      9.62446 
     0.0265426      10.3525 
     0.0265621      11.1473 
     0.0265816      12.0149 
     0.0266011      12.9624 
     0.0266206      13.9965 
     0.0266401      15.1251 
     0.0266597      16.3556 
     0.0266792      17.6964 
     0.0266987      19.1547 
     0.0267182      20.7385 
     0.0267377      22.4538 
     0.0267572      24.3062 
     0.0267768      26.2983 
     0.0267963      28.4307 
     0.0268158      30.7033 
     0.0268483      34.7647 
     0.0268825      39.3085 
     0.0269394      47.0073 
     0.0269654      50.3312 
     0.0269849      52.5947 
     0.0270045      54.6019 
      0.027024       56.293 
     0.0270435      57.6252 
      0.027063      58.5483 
     0.0270825       59.064 
     0.0270955      59.1738 
     0.0271151      59.0004 
     0.0271346      58.4473 
     0.0271541      57.5523 
     0.0271736       56.356 
     0.0271996      54.4017 
     0.0272338      51.3949 
     0.0272663      48.2457 
     0.0273086      43.9198 
     0.0273214      42.5095 
     0.0273255      42.1967 
     0.0273265      42.1816 
     0.0273285      42.2954 
     0.0273305      42.6592 
     0.0273322       43.199 
     0.0273344       44.215 
     0.0273378      45.9149 
     0.0273394      46.4952 
     0.0273408      46.7308 
     0.0273414        46.75 
     0.0273431      46.5373 
     0.0273448      45.9596 
     0.0273472      44.7703 
     0.0273497      43.4254 
     0.0273519      42.3998 
     0.0273542      41.5566 
     0.0273569      40.8682 
     0.0273596       40.368 
     0.0273657      39.5422 
      0.027376      38.4284 
     0.0273999       36.237 
     0.0274226      34.3487 
     0.0274453      32.5932 
     0.0274726      30.6375 
     0.0274998      28.8372 
     0.0275271      27.1751 
     0.0275544      25.6418 
     0.0275816        24.23 
     0.0276089       22.927 
     0.0276361       21.726 
     0.0276634      20.6164 
      0.027701      19.2231 
     0.0277386      17.9641 
     0.0277763      16.8313 
     0.0278139      15.8022 
     0.0278515      14.8702 
     0.0278891      14.0181 
     0.0279268      13.2411 
     0.0279644       12.526 
     0.0280146      11.6609 
     0.0280647      10.8819 
     0.0281023      10.3463 
     0.0281588      9.61149 
     0.0282152      8.94211 
     0.0282717      8.33464 
     0.0283281       7.7739 
     0.0283657      7.42468 
     0.0284359      6.81601 
     0.0285062      6.25454 
     0.0285664      5.80349 
     0.0286466      5.23818 
     0.0287269      4.70293 
     0.0288172      4.12778 
     0.0289225      3.48237 
     0.0290279      2.86029 
     0.0290881      2.51975 
     0.0291332      2.27769 
     0.0291608      2.13853 
     0.0291859      2.02085 
      0.029209      1.92242 
     0.0292301      1.84359 
     0.0292461       1.7923 
     0.0292627      1.74886 
     0.0292792      1.71819 
     0.0292928      1.70447 
     0.0293008      1.70201 
     0.0293128      1.70744 
     0.0293249      1.72547 
     0.0293339      1.74857 
     0.0293429      1.78106 
      0.029352      1.82418 
      0.029361      1.87933 
       0.02937      1.94813 
      0.029379      2.03244 
     0.0293881      2.13434 
     0.0293941      2.21303 
     0.0294021      2.33301 
     0.0294096      2.46348 
     0.0294172      2.61333 
     0.0294247      2.78471 
     0.0294322      2.98023 
     0.0294372      3.12544 
     0.0294423      3.28369 
     0.0294473      3.45602 
     0.0294523      3.64361 
     0.0294573      3.84772 
     0.0294623      4.06975 
     0.0294673      4.31117 
     0.0294723      4.57365 
     0.0294774      4.85897 
     0.0294834      5.23426 
     0.0294894      5.64895 
     0.0294954      6.10714 
     0.0295014      6.61333 
     0.0295075      7.17254 
     0.0295135      7.79024 
     0.0295195      8.47244 
     0.0295255       9.2257 
     0.0295315      10.0572 
     0.0295376      10.9744 
     0.0295433      11.9416 
     0.0295486      12.9065 
     0.0295539      13.9557 
     0.0295591      15.0952 
     0.0295644       16.331 
     0.0295697      17.6689 
     0.0295749      19.1143 
     0.0295802      20.6716 
     0.0295855      22.3444 
     0.0295907      24.1346 
      0.029596      26.0423 
      0.029602      28.3641 
     0.0296084      30.9859 
      0.029617      34.6843 
     0.0296414      45.7452 
     0.0296486      48.7665 
     0.0296557      51.4977 
     0.0296629      53.8347 
     0.0296676       55.128 
     0.0296724      56.1826 
     0.0296771      56.9828 
     0.0296819      57.5211 
     0.0296867      57.7947 
     0.0296891      57.8326 
     0.0296937      57.7217 
     0.0297007      57.1221 
     0.0297076      56.0524 
     0.0297146      54.5758 
     0.0297215      52.7611 
     0.0297294      50.3743 
     0.0297392      47.0431 
      0.029749      43.3782 
     0.0297563      40.4456 
     0.0297643      36.9668 
     0.0297708      33.9227 
     0.0297758      31.5489 
     0.0297784      30.5086 
     0.0297802      29.9367 
     0.0297815      29.7369 
     0.0297821      29.7149 
     0.0297831      29.8072 
     0.0297839      30.0596 
     0.0297848      30.4891 
     0.0297856      31.1366 
     0.0297865      32.0388 
      0.029787      32.7999 
     0.0297876      33.7009 
     0.0297882      34.7173 
     0.0297887      35.8436 
     0.0297892      37.1153 
     0.0297897      38.5372 
     0.0297905      40.9574 
     0.0297913      43.7226 
     0.0297921      46.8207 
      0.029793      50.5326 
     0.0297939      54.5554 
     0.0297949      59.8809 
     0.0297975      72.8469 
     0.0297985      77.8091 
     0.0297993      81.1213 
        0.0298      84.0714 
     0.0298009      86.8464 
     0.0298018      89.1364 
     0.0298026      90.6373 
     0.0298035      91.4915 
     0.0298043      91.7089 
     0.0298052      91.3223 
     0.0298062      90.1666 
     0.0298072      88.3616 
     0.0298082       86.038 
     0.0298092      83.3341 
     0.0298111      77.3087 
     0.0298136      69.7129 
     0.0298151      65.5443 
     0.0298166      61.8062 
     0.0298179       58.962 
     0.0298187      57.3837 
     0.0298202      54.5667 
     0.0298218      52.1508 
     0.0298234      50.0713 
      0.029825      48.2475 
     0.0298266      46.6533 
     0.0298287      44.8111 
     0.0298308      43.2225 
     0.0298333      41.5646 
     0.0298363      39.8957 
     0.0298393      38.4487 
     0.0298438      36.5858 
     0.0298477      35.1817 
     0.0298516      33.9369 
     0.0298568      32.4688 
     0.0298621      31.1713 
     0.0298691      29.6362 
     0.0298735      28.7696 
     0.0298822      27.2129 
      0.029891      25.8431 
     0.0298998       24.621 
     0.0299111       23.222 
     0.0299225      21.9843 
     0.0299338      20.8784 
     0.0299451      19.8826 
     0.0299577      18.8871 
     0.0299703      17.9873 
     0.0299829      17.1692 
     0.0299954      16.4228 
      0.030009      15.6869 
     0.0300294      14.6986 
     0.0300498      13.8273 
     0.0300709      13.0239 
     0.0300919      12.3054 
     0.0301133      11.6507 
     0.0301351       11.044 
      0.030157      10.4922 
     0.0301883      9.77744 
     0.0302124      9.28111 
     0.0302486      8.60649 
     0.0302847      7.99941 
     0.0303209       7.4456 
      0.030357      6.93396 
     0.0304052      6.30216 
     0.0304534      5.71277 
     0.0305137      5.01609 
      0.030598      4.08349 
     0.0306693      3.31868 
     0.0307143      2.85461 
     0.0307422      2.58382 
     0.0307603      2.42082 
     0.0307784      2.27309 
       0.03079      2.18851 
     0.0308013      2.11771 
     0.0308125      2.06001 
     0.0308209      2.02727 
     0.0308294      2.00534 
     0.0308366      1.99661 
      0.030839      1.99608 
     0.0308474       2.0049 
     0.0308531      2.02086 
     0.0308587      2.04595 
     0.0308643      2.08123 
     0.0308699      2.12797 
     0.0308756      2.18785 
     0.0308812      2.26263 
      0.030886       2.3399 
       0.03089      2.41454 
      0.030894      2.49939 
     0.0308981      2.59535 
     0.0309021      2.70345 
     0.0309061      2.82477 
     0.0309101      2.96054 
     0.0309141      3.11207 
     0.0309179      3.27196 
     0.0309215        3.439 
     0.0309252      3.62249 
     0.0309288      3.82379 
     0.0309324      4.04441 
      0.030936      4.28596 
     0.0309396       4.5502 
     0.0309432      4.83905 
     0.0309465      5.11815 
     0.0309507      5.51909 
     0.0309549      5.96292 
     0.0309591      6.45383 
     0.0309633      6.99642 
     0.0309675      7.59565 
     0.0309718      8.25698 
      0.030976      8.98615 
     0.0309802      9.78938 
     0.0309844      10.6732 
     0.0309886      11.6446 
     0.0309928      12.7107 
     0.0309971      13.8786 
     0.0310013      15.1556 
     0.0310055      16.5485 
     0.0310097      18.0636 
     0.0310139      19.7062 
     0.0310181      21.4802 
     0.0310224      23.3876 
     0.0310266      25.4275 
     0.0310308      27.5963 
     0.0310367      30.8442 
     0.0310435      34.8304 
     0.0310623      46.2417 
      0.031068       49.439 
     0.0310736      52.3545 
     0.0310792      54.8924 
     0.0310834      56.4994 
     0.0310872      57.7111 
      0.031092      58.8954 
     0.0310969      59.6856 
     0.0311017      60.0887 
     0.0311041       60.151 
     0.0311085      60.0423 
     0.0311128      59.6707 
     0.0311187      58.8195 
     0.0311245      57.6343 
     0.0311332      55.4065 
     0.0311449      51.9528 
     0.0311676       44.942 
     0.0311788      41.7151 
     0.0311901      38.7577 
     0.0312013      36.0853 
     0.0312125      33.6885 
     0.0312238      31.5463 
      0.031235      29.6327 
     0.0312463      27.9213 
     0.0312575      26.3871 
     0.0312688      25.0072 
       0.03128      23.7615 
     0.0312913      22.6321 
     0.0313025      21.6034 
     0.0313194        20.22 
     0.0313363      18.9937 
     0.0313531      17.8908 
     0.0313756      16.5609 
     0.0314245      13.8714 
     0.0314351      13.2259 
     0.0314423      12.7516 
     0.0314491      12.2371 
     0.0314558      11.6605 
     0.0314592      11.3313 
     0.0314637      10.8307 
      0.031467      10.3963 
     0.0314702      9.92816 
     0.0314732       9.4065 
     0.0314763       8.8121 
     0.0314803       7.9964 
     0.0314816      7.76606 
     0.0314827       7.6226 
     0.0314835      7.56278 
      0.031484      7.55312 
     0.0314847       7.5744 
     0.0314852      7.63086 
     0.0314858      7.72867 
     0.0314862      7.84665 
     0.0314868      8.03836 
     0.0314874      8.29049 
     0.0314879      8.60964 
     0.0314885      9.00236 
      0.031489      9.47458 
     0.0314895       9.9544 
       0.03149      10.5015 
     0.0314905      11.1184 
      0.031491      11.8067 
     0.0314915      12.5673 
     0.0314921      13.5749 
     0.0314927      14.7644 
     0.0314933      16.0282 
     0.0314939      17.3874 
     0.0314948      19.4268 
      0.031496      22.4099 
     0.0314978      27.1658 
     0.0314987      29.3536 
     0.0314996      31.5051 
     0.0315004      33.0622 
      0.031501      34.1848 
     0.0315017      35.1975 
     0.0315024      36.1159 
     0.0315031      36.7827 
     0.0315037      37.1226 
     0.0315044      37.3278 
     0.0315047      37.3604 
     0.0315053      37.2924 
      0.031506      37.0581 
      0.031507      36.4311 
      0.031508      35.5313 
     0.0315086      34.8139 
     0.0315099      33.1883 
     0.0315128      29.2458 
     0.0315145       27.218 
     0.0315157      25.8063 
      0.031517      24.5608 
     0.0315183      23.4782 
     0.0315196      22.5456 
     0.0315208      21.7729 
      0.031522      21.1044 
     0.0315236      20.3468 
     0.0315253      19.7114 
     0.0315269      19.1709 
     0.0315293       18.495 
     0.0315318      17.9388 
     0.0315341      17.4885 
     0.0315372      16.9915 
     0.0315418      16.3845 
     0.0315466      15.8743 
     0.0315518      15.4193 
     0.0315587       14.923 
      0.031566      14.4924 
     0.0315733      14.1299 
     0.0315823      13.7524 
     0.0315945      13.3194 
     0.0316108      12.8417 
      0.031629      12.3989 
     0.0316472      12.0203 
     0.0316711      11.5909 
     0.0316948      11.2232 
     0.0317303      10.7488 
     0.0317657      10.3411 
     0.0318012      9.98442 
     0.0318485      9.56979 
     0.0318958      9.20938 
     0.0319588      8.79417 
     0.0320219       8.4357 
     0.0320849      8.12202 
     0.0321793      7.71753 
     0.0322731      7.37451 
     0.0323668      7.07667 
     0.0324606      6.81446 
     0.0325857      6.50814 
     0.0327107      6.24059 
      0.032867      5.94871 
     0.0330233      5.69197 
     0.0332109      5.42075 
     0.0334298      5.14221 
     0.0337111      4.82719 
     0.0340238      4.51404 
     0.0344927      4.08664 
     0.0350554      3.58297 
     0.0353368       3.3108 
     0.0355244      3.11229 
     0.0356994      2.90873 
     0.0358495      2.71547 
     0.0359745      2.53775 
     0.0360996      2.34167 
     0.0361996      2.17004 
     0.0362997      1.98507 
     0.0364997      1.59376 
     0.0365466      1.50902 
     0.0365827       1.4515 
     0.0366079      1.41783 
     0.0366342      1.39029 
     0.0366548      1.37605 
     0.0366773      1.37034 
      0.036697       1.3763 
     0.0367101      1.38709 
     0.0367233      1.40443 
     0.0367361      1.42873 
     0.0367486      1.46057 
     0.0367611      1.50174 
     0.0367736      1.55374 
      0.036783      1.60088 
     0.0367924      1.65593 
     0.0368017      1.71986 
     0.0368111      1.79374 
     0.0368205      1.87874 
     0.0368299       1.9759 
     0.0368393      2.08716 
     0.0368486      2.21468 
      0.036858      2.36023 
     0.0368674      2.52607 
     0.0368736       2.6492 
     0.0368799      2.78339 
     0.0368861      2.92961 
     0.0368924       3.0889 
     0.0368987      3.26239 
     0.0369049      3.45135 
     0.0369112      3.65714 
     0.0369174      3.88124 
     0.0369237       4.1253 
     0.0369299      4.39108 
     0.0369374      4.74147 
     0.0369449      5.12963 
     0.0369524      5.55967 
     0.0369599      6.03608 
     0.0369674      6.56382 
     0.0369743      7.09729 
     0.0369809      7.65515 
     0.0369874      8.26478 
      0.036994      8.93069 
     0.0370006      9.65757 
     0.0370071      10.4503 
     0.0370137       11.314 
     0.0370203      12.2537 
     0.0370268      13.2743 
     0.0370334      14.3805 
       0.03704      15.5763 
     0.0370465      16.8652 
     0.0370531      18.2493 
     0.0370597      19.7291 
     0.0370684      21.8483 
     0.0370776      24.2504 
     0.0370883      27.2013 
     0.0371175      35.7034 
     0.0371261      38.0749 
     0.0371347      40.2508 
     0.0371434      42.1593 
     0.0371498      43.3766 
     0.0371558      44.3155 
     0.0371634      45.2412 
     0.0371711      45.8505 
     0.0371787       46.145 
     0.0371825      46.1782 
     0.0371914       45.977 
     0.0372003      45.4238 
     0.0372092       44.592 
     0.0372182      43.5322 
       0.03723      41.8576 
     0.0372488      38.8959 
     0.0372738      34.8468 
     0.0372926      31.9939 
     0.0373051      30.2325 
     0.0373176      28.5949 
     0.0373301      27.0821 
     0.0373426      25.6901 
     0.0373551      24.4124 
     0.0373676       23.241 
     0.0373801      22.1672 
     0.0373989      20.7213 
     0.0374176      19.4492 
     0.0374364      18.3265 
     0.0374551      17.3322 
     0.0374739      16.4482 
     0.0374926      15.6592 
     0.0375114       14.952 
     0.0375302      14.3158 
     0.0375552       13.562 
     0.0375802      12.8998 
     0.0376052      12.3143 
     0.0376302      11.7939 
     0.0376577      11.2854 
     0.0376852      10.8339 
     0.0377246      10.2669 
     0.0377534      9.90403 
     0.0378003      9.38784 
     0.0378378      9.03056 
     0.0378753      8.71237 
     0.0379253      8.34073 
     0.0379753      8.01799 
     0.0380254      7.73516 
     0.0381004      7.37098 
     0.0381754       7.0638 
     0.0382504      6.80111 
     0.0383255      6.57376 
     0.0384255      6.31407 
     0.0385506      6.04349 
     0.0386881      5.79733 
     0.0388225      5.59606 
     0.0389632      5.41695 
     0.0391508      5.21619 
     0.0393696      5.02298 
     0.0396197       4.8409 
     0.0399127      4.66556 
     0.0399782      4.63273 
     0.0399836      4.64818 
     0.0399864      4.68137 
     0.0399884      4.73149 
     0.0399905      4.81447 
     0.0399918      4.89289 
     0.0399932       4.9922 
     0.0399945      5.11308 
     0.0399966      5.33215 
     0.0399986      5.58581 
     0.0400022       6.0515 
     0.0400044      6.31051 
     0.0400061       6.4742 
     0.0400077      6.60684 
     0.0400099       6.7357 
     0.0400121      6.81725 
     0.0400154        6.878 
     0.0400176      6.89459 
     0.0400265      6.90585 
     0.0503527      6.23815 
     0.0604114      5.76169 
     0.0704767      5.39393 
     0.0805643      5.09938 
     0.0912697      4.84499 
      0.100705       4.6581 
          0.15      3.99497 
           0.2      3.61496 
      0.253801      3.35871 
      0.302116      3.20313 
      0.354922      3.08473 
      0.381514      3.03891 
           0.4      2.91214 
      0.456349      2.80434 
      0.503527      2.73199 
      0.561694      2.68642 
      0.651618      2.63888 
      0.704938      2.61863 
           0.8      2.61231 
      0.919136      2.63037 
        1.2341      2.71881 
       1.44601      2.79317 
       1.61129      2.81772 
       1.71719      2.84888 
           1.8      2.76742 
       1.94645      2.78338 
       1.97665      2.76147 
             2       2.7258 
       2.11584      2.74517 
       2.14457      2.72744 
           2.2      2.63412 
       2.27622      2.63761 
       2.30114      2.63614 
       2.34247      2.60808 
           2.4      2.56125 
       2.46638      2.56003 
       2.60265      2.51127 
       2.73648      2.50523 
       2.76022      2.49498 
           2.8      2.46681 
        3.7023      2.25069 
       4.62124      2.05237 
       5.75913      1.81935 
       6.53608      1.67051 
       7.14883      1.56193 
             8       1.4215 
       8.52751      1.34797 
             9      1.28511 
       9.63403      1.21054 
            10      1.17044 
       10.1411      1.15645 
       10.2842      1.14226 
       10.4292      1.12788 
          10.5      1.12086 
       10.6481       1.1076 
       10.7984      1.09415 
       10.9507      1.08051 
            11       1.0761 
       11.1552      1.06381 
       11.3126      1.05135 
       11.4722      1.03871 
        11.587      1.02962 
       11.7505       1.0183 
       11.9163      1.00682 
            12      1.00102 
       12.1693     0.990865 
        12.341     0.980568 
       12.5151     0.970126 
       12.6588     0.961508 
       12.8374      0.95244 
       13.0157     0.943386 
       13.1993     0.935416 
       13.3855     0.927334 
       13.5465     0.920348 
       13.7376     0.913816 
       13.9314     0.907192 
        14.128     0.900475 
       14.1609      0.89935 
       14.3607      0.89424 
       14.5633     0.889059 
       14.7503     0.884276 
       14.9584     0.880103 
            15     0.879269 
       15.2116     0.876617 
       15.4262     0.873928 
       15.6439     0.871201 
       15.8646     0.868435 
            16     0.866738 
       16.2257      0.86621 
       16.4546     0.865674 
       16.6868     0.865131 
       16.9222     0.864579 
            17     0.864397 
       17.2398     0.865811 
       17.4831     0.867244 
       17.7297     0.868698 
       17.9799     0.870172 
         18.11     0.870938 
       18.3655     0.874027 
       18.6246     0.877158 
       18.8874     0.880334 
            19     0.881695 
       19.2681     0.886214 
       19.5399     0.890796 
       19.8156     0.895443 
            20     0.898552 
       20.2822      0.90437 
       20.5683      0.91027 
       20.8585     0.916253 
            21      0.91917 
       21.2963     0.926272 
       21.5967     0.933473 
       21.9014     0.940777 
            22      0.94314 
       22.3104     0.951658 
       22.6251     0.960297 
       22.9443     0.969057 
        23.268     0.977942 
       23.5963     0.986951 
       23.9292     0.996087 
            24      0.99803 
       24.3386      1.00827 
        24.682      1.01865 
       25.0302      1.02918 
       25.3833      1.03985 
       25.7414      1.05068 
       26.1046      1.06166 
       26.4729       1.0728 
       26.8464      1.08409 
       27.2251      1.09554 
       27.6092      1.10715 
       27.9987      1.11893 
       28.3938      1.13087 
       28.7943      1.14298 
            29       1.1492 
       29.4091      1.16076 
        29.824      1.17248 
       30.2448      1.18437 
       30.6715      1.19642 
            31       1.2057 
       31.4374      1.21685 
       31.8809      1.22816 
       32.3307      1.23963 
       32.7868      1.25126 
            33       1.2567 
       33.4656      1.26704 
       33.9377      1.27752 
       34.4165      1.28815 
       34.9021      1.29893 
            35       1.3011 
       35.4938      1.31031 
       35.9945      1.31965 
       36.5024      1.32912 
            37       1.3384 
        37.522      1.34631 
       38.0514      1.35433 
       38.5882      1.36246 
            39       1.3687 
       39.5502      1.37511 
       40.1082      1.38161 
       40.6741       1.3882 
            41        1.392 
       41.5784      1.39686 
        42.165      1.40179 
       42.7599      1.40678 
            43       1.4088 
       43.6067      1.41202 
       44.2219      1.41528 
       44.8458      1.41858 
            45       1.4194 
       45.6349      1.42056 
       46.2787      1.42174 
       46.9316      1.42294 
       47.5937      1.42416 
            48       1.4249 
       48.6772      1.42366 
       49.3639       1.4224 
       50.0604      1.42112 
       50.7666      1.41983 
            51       1.4194 
       51.7195      1.41587 
       52.4492       1.4123 
       53.1892      1.40867 
       53.9396        1.405 
            54       1.4047 
       54.7618      1.39909 
       55.5344       1.3934 
       56.3179      1.38762 
            57       1.3826 
       57.8042      1.37486 
       58.6197      1.36701 
       59.4467      1.35905 
       60.2854      1.35098 
            61       1.3441 
       61.8606      1.33408 
       62.7333      1.32392 
       63.6184      1.31362 
       64.5159      1.30317 
       65.4261      1.29258 
            66       1.2859 
       66.9311      1.27368 
       67.8754      1.26128 
        68.833      1.24871 
       69.8041      1.23596 
       70.7889      1.22303 
       71.7877      1.20992 
       72.8004      1.19662 
            73        1.194 
       74.0299       1.1801 
       75.0743      1.16601 
       76.1335      1.15172 
       77.2076      1.13723 
       78.2969      1.12253 
       79.4015      1.10763 
       80.5217      1.09251 
       81.6577      1.07719 
       82.8098      1.06164 
       83.9781      1.04588 
       85.1628       1.0299 
            86       1.0186 
       87.2133      1.00325 
       88.4437     0.987683 
       89.6915     0.971897 
       90.9569     0.955888 
       92.2401     0.939653 
            93      0.93004 
       94.3121     0.914632 
       95.6426     0.899007 
        96.992     0.883161 
       98.3604     0.867091 
            99      0.85958 
       100.397     0.844409 
       101.813     0.829024 
        103.25     0.813422 
           104      0.80527 
       105.467     0.790632 
       106.955     0.775787 
       108.464     0.760733 
       109.994     0.745466 
           110      0.74541 
       111.552     0.731461 
       113.126     0.717315 
       114.722      0.70297 
           116      0.69148 
       117.637     0.677974 
       119.296     0.664278 
           120      0.65847 
       121.693     0.645764 
        123.41     0.632879 
       125.151     0.619812 
           126      0.61344 
       127.778      0.60161 
        129.58     0.589613 
       131.408     0.577447 
           132      0.57351 
       133.862     0.562248 
       135.751     0.550827 
           136      0.54932 
       137.919     0.538873 
       139.865     0.528278 
       141.838     0.517534 
           142      0.51665 
       144.003     0.507054 
       146.035     0.497322 
           148      0.48791 
       150.088     0.479151 
       152.205     0.470268 
           154      0.46274 
       156.173     0.454806 
       158.376      0.44676 
           160      0.44083 
       162.257     0.433689 
       164.546     0.426448 
           166      0.42185 
       168.342     0.415492 
       170.717     0.409043 
           172      0.40556 
       174.427     0.399955 
       176.887      0.39427 
           178       0.3917 
       180.511     0.386837 
       183.058     0.381904 
           184      0.38008 
       186.596     0.375944 
       189.228     0.371749 
           190      0.37052 
       192.681     0.367102 
       195.399     0.363636 
           196      0.36287 
       198.765     0.360001 
           200      0.35872 
//
#-------------------------------------------------------------------------------
