#ZVView-data-copy:  30-Jul-2024 17:03:02
#=======================================
#
#name:   ENDF/B-VIII.0: GE-70(N,EL)GE-70-L0
#X.axis: Incident Energy
#Y.axis: Cross Section
#wdata:  2
#ldata:  3185
#data...
#            X            Y
#          MeV        barns
         1e-11      94.8363 
    1.1078e-11      90.1915 
   1.22194e-11      85.9639 
   1.34785e-11       81.943 
   1.48673e-11      78.1191 
   1.63991e-11      74.4829 
   1.80889e-11      71.0258 
   1.99527e-11      67.7393 
   2.20085e-11      64.6157 
   2.42762e-11      61.6472 
   2.67776e-11      58.8269 
   2.97451e-11       55.961 
   3.30397e-11      53.2507 
   3.67011e-11      50.6858 
   4.07662e-11      48.2618 
   4.52839e-11      45.9694 
   5.02996e-11      43.8045 
   5.58738e-11      41.7589 
   6.20625e-11       39.829 
   6.89402e-11      38.0074 
   7.65761e-11      36.2906 
   8.50622e-11      34.6723 
   9.44839e-11      33.1492 
   1.04955e-10      31.7156 
   1.16579e-10      30.3687 
   1.29499e-10      29.1031 
   1.43842e-10      27.9164 
   1.60902e-10      26.7325 
   1.79985e-10      25.6293 
   2.01331e-10       24.603 
   2.25208e-10      23.6497 
   2.51918e-10      22.7658 
   2.83783e-10      21.8985 
   3.19662e-10      21.1019 
   3.60097e-10      20.3713 
   4.08487e-10      19.6659 
   4.63379e-10      19.0263 
    5.2933e-10      18.4176 
   6.04697e-10      17.8721 
   6.95634e-10      17.3609 
   8.05851e-10      16.8879 
   9.40118e-10      16.4554 
    1.10449e-9      16.0647 
    1.31585e-9      15.7029 
    1.58984e-9      15.3753 
    1.94789e-9      15.0853 
    2.43733e-9      14.8263 
     3.1364e-9      14.5964 
    4.17994e-9      14.3963 
    5.80952e-9      14.2276 
    8.60005e-9      14.0871 
    1.40427e-8      13.9737 
    2.52962e-8      13.8937 
       2.53e-8      13.8937 
    6.42298e-8      13.8324 
    3.88649e-7      13.7908 
    2.59924e-5      13.1213 
    5.77632e-5      12.3994 
    9.17134e-5      11.7287 
   0.000129273      11.0843 
   0.000168698      10.4963 
   0.000211086      9.94379 
   0.000258383      9.40528 
   0.000309998      8.89131 
   0.000369113       8.3741 
    0.00043822      7.84185 
   0.000521896      7.26677 
    0.00071814      6.01318 
    0.00077528      5.61135 
    0.00081812       5.2724 
    0.00085144      4.97365 
    0.00087524      4.73274 
    0.00089904      4.46097 
    0.00091808      4.21457 
    0.00093236      4.00835 
    0.00094664      3.77948 
    0.00096092      3.52305 
    0.00097044      3.33374 
    0.00097996      3.12715 
    0.00098948      2.90065 
    0.00099781      2.68394 
    0.00100495       2.4823 
    0.00101209       2.2645 
    0.00101744      2.08962 
     0.0010228      1.90418 
    0.00102815      1.70769 
    0.00103351      1.49998 
    0.00103886      1.28136 
    0.00104422        1.053 
    0.00105136     0.738553 
    0.00105619     0.525813 
     0.0010585     0.427217 
    0.00106029     0.353363 
    0.00106177     0.294141 
      0.001063     0.247285 
    0.00106393     0.213255 
    0.00106467     0.187122 
    0.00106544     0.161465 
    0.00106609     0.140554 
    0.00106674     0.120645 
    0.00106731      0.10393 
    0.00106778    0.0911346 
    0.00106824    0.0789949 
    0.00106862    0.0697834 
    0.00106899    0.0610403 
    0.00106928    0.0543997 
    0.00106958    0.0480873 
    0.00106986    0.0424798 
    0.00107014    0.0371845 
    0.00107036    0.0331814 
    0.00107059    0.0293924 
    0.00107077    0.0264033 
    0.00107092    0.0241248 
    0.00107111    0.0214213 
    0.00107126    0.0193767 
    0.00107142    0.0172049 
    0.00107159    0.0152264 
    0.00107172    0.0137402 
    0.00107181    0.0126829 
    0.00107195    0.0112587 
    0.00107205    0.0103668 
    0.00107214   0.00952147 
    0.00107222   0.00880097 
    0.00107233    0.0079005 
    0.00107241   0.00733884 
    0.00107248   0.00680855 
    0.00107258   0.00616045 
    0.00107265   0.00575905 
    0.00107271   0.00538241 
    0.00107277     0.005055 
    0.00107285   0.00463753 
    0.00107291   0.00438254 
    0.00107297   0.00414642 
    0.00107304   0.00387791 
    0.00107311   0.00363939 
    0.00107315   0.00349715 
    0.00107322   0.00332068 
    0.00107327   0.00320585 
    0.00107331     0.003115 
    0.00107337   0.00301806 
    0.00107343   0.00293563 
    0.00107347   0.00288633 
    0.00107352   0.00285259 
    0.00107357   0.00283403 
     0.0010736   0.00283123 
    0.00107366   0.00284104 
    0.00107372   0.00287432 
    0.00107377   0.00292596 
    0.00107382    0.0029944 
    0.00107388   0.00308152 
    0.00107393   0.00319524 
    0.00107399   0.00333054 
    0.00107404   0.00346682 
    0.00107409   0.00361983 
    0.00107414   0.00379824 
    0.00107419   0.00401413 
    0.00107425   0.00425242 
    0.00107431   0.00455891 
    0.00107438   0.00492166 
    0.00107445   0.00532018 
    0.00107451   0.00566511 
    0.00107457   0.00603331 
    0.00107465    0.0066298 
    0.00107471   0.00709381 
    0.00107477   0.00762499 
    0.00107484   0.00818906 
    0.00107494    0.0090974 
    0.00107501   0.00984036 
    0.00107509    0.0106276 
    0.00107516    0.0114597 
    0.00107523     0.012337 
    0.00107533    0.0134981 
    0.00107542    0.0147315 
    0.00107551    0.0160382 
    0.00107563     0.017848 
    0.00107572    0.0191753 
    0.00107583    0.0210413 
    0.00107594    0.0230188 
    0.00107609    0.0258318 
    0.00107624      0.02885 
    0.00107639    0.0320774 
    0.00107654    0.0355184 
    0.00107669    0.0394131 
    0.00107683    0.0430581 
    0.00107702    0.0482289 
    0.00107721    0.0537631 
    0.00107739    0.0596698 
    0.00107756     0.065313 
    0.00107773    0.0712726 
    0.00107795    0.0797243 
    0.00107817    0.0887703 
    0.00107841    0.0992625 
    0.00107861     0.108279 
    0.00107887     0.121079 
    0.00107913     0.134798 
     0.0010794     0.150012 
    0.00107962     0.163403 
    0.00107992     0.182427 
    0.00108022     0.202837 
    0.00108051     0.224691 
    0.00108079     0.246545 
    0.00108107     0.269773 
    0.00108135     0.294431 
    0.00108163     0.320576 
    0.00108191      0.34827 
    0.00108219     0.377575 
    0.00108256     0.419271 
    0.00108293     0.464111 
     0.0010833     0.512271 
     0.0010837     0.567151 
    0.00108401     0.613591 
    0.00108443     0.679802 
    0.00108484     0.751208 
    0.00108527        0.831 
    0.00108563     0.901804 
    0.00108599     0.977183 
    0.00108635      1.05739 
     0.0010867       1.1427 
    0.00108706      1.23341 
    0.00108751      1.35487 
    0.00108795      1.48588 
     0.0010884      1.62714 
    0.00108884      1.77937 
    0.00108929      1.94341 
    0.00108974      2.12016 
    0.00109018      2.31062 
    0.00109063      2.51584 
    0.00109108        2.737 
    0.00109152      2.97536 
    0.00109197       3.2323 
    0.00109242      3.50936 
    0.00109286      3.80819 
    0.00109331      4.13062 
    0.00109375      4.47867 
     0.0010942      4.85454 
    0.00109465      5.26072 
    0.00109509      5.69986 
    0.00109554      6.17498 
    0.00109598      6.68937 
    0.00109643      7.24673 
    0.00109688      7.85112 
    0.00109732      8.50706 
    0.00109777      9.21951 
    0.00109822       9.9941 
    0.00109866      10.8371 
    0.00109911       11.756 
    0.00109956      12.7591 
        0.0011      13.8557 
    0.00110045      15.0565 
    0.00110089      16.3731 
    0.00110134       17.819 
    0.00110174      19.2435 
    0.00110214      20.7981 
    0.00110254      22.4971 
    0.00110295      24.3573 
    0.00110335      26.3975 
    0.00110375      28.6394 
    0.00110415      31.1079 
    0.00110455      33.8315 
    0.00110495      36.8438 
    0.00110522      39.0309 
    0.00110549       41.376 
    0.00110585      44.8035 
    0.00110619      48.3535 
    0.00110653      52.2532 
    0.00110687       56.547 
    0.00110721      61.2853 
    0.00110752      66.1416 
    0.00110779      70.6473 
    0.00110806      75.5448 
    0.00110833      80.8773 
    0.00110859      86.6947 
    0.00110886      93.0529 
     0.0011091      99.2115 
    0.00110934        105.9 
    0.00110957      113.177 
    0.00110981      121.108 
    0.00111005      129.769 
    0.00111029      139.244 
    0.00111053      149.633 
    0.00111076      161.045 
      0.001111      173.611 
    0.00111124      187.478 
    0.00111142      198.832 
     0.0011116      211.093 
    0.00111178      224.352 
    0.00111195      238.708 
    0.00111213      254.275 
    0.00111231      271.173 
    0.00111249      289.544 
    0.00111267      309.537 
    0.00111285      331.326 
    0.00111303      355.094 
     0.0011132      381.047 
    0.00111338      409.408 
    0.00111356      440.419 
    0.00111374      474.339 
    0.00111392      511.441 
     0.0011141      552.003 
    0.00111428      596.319 
    0.00111445      644.659 
    0.00111463      697.285 
    0.00111481      754.417 
    0.00111499      816.219 
    0.00111517      882.764 
    0.00111535      954.022 
    0.00111558      1056.02 
    0.00111576      1137.26 
    0.00111612      1309.02 
    0.00111663      1561.72 
    0.00111686      1670.46 
     0.0011171      1769.96 
    0.00111727      1837.63 
    0.00111745      1895.59 
    0.00111757      1928.05 
    0.00111777       1969.4 
    0.00111791      1990.03 
    0.00111809      2002.55 
    0.00111814       2003.6 
    0.00111829      2000.08 
    0.00111844       1987.2 
    0.00111863      1956.16 
    0.00111883       1910.6 
    0.00111903      1852.39 
    0.00111922      1783.72 
    0.00111952      1666.27 
       0.00112      1455.06 
    0.00112043       1267.4 
    0.00112071      1149.64 
    0.00112094      1062.51 
    0.00112119      973.269 
    0.00112144      891.729 
    0.00112169      817.805 
    0.00112186      772.589 
    0.00112202      730.457 
    0.00112219      691.249 
    0.00112238      649.788 
    0.00112257      611.645 
    0.00112276      576.554 
    0.00112295       544.26 
    0.00112314      514.518 
    0.00112333      487.105 
    0.00112352       461.81 
    0.00112371      438.444 
    0.00112395      411.679 
    0.00112419       387.35 
    0.00112443      365.185 
    0.00112466      344.948 
     0.0011249      326.429 
    0.00112514      309.446 
    0.00112538      293.838 
    0.00112562      279.463 
    0.00112586      265.878 
    0.00112623      247.431 
    0.00112659      231.004 
    0.00112696      216.312 
    0.00112732       203.12 
    0.00112757      195.058 
    0.00112798      182.655 
    0.00112839      171.534 
     0.0011288      161.521 
    0.00112921      152.473 
    0.00112962      144.269 
    0.00113003      136.808 
    0.00113044      129.999 
    0.00113085      123.766 
    0.00113139      116.395 
    0.00113192      109.771 
    0.00113246      103.794 
    0.00113299      98.3804 
    0.00113353      93.4608 
    0.00113407      88.9749 
     0.0011346      84.8715 
    0.00113514      81.1069 
    0.00113573      77.2757 
    0.00113633      73.7722 
    0.00113722      69.0503 
    0.00113811      64.8764 
      0.001139      61.1654 
     0.0011399      57.8487 
    0.00114097      54.3104 
    0.00114204      51.1807 
    0.00114311      48.3982 
    0.00114418      45.9116 
    0.00114525      43.6731 
    0.00114647      41.3829 
    0.00114776      39.2157 
    0.00114906      37.2792 
    0.00115035      35.5392 
    0.00115165      33.9683 
     0.0011534      32.0684 
    0.00115519       30.367 
    0.00115697      28.8614 
    0.00115876      27.5182 
    0.00116054      26.3142 
    0.00116233      25.2297 
    0.00116501      23.7922 
    0.00116768      22.5432 
    0.00117036      21.4489 
    0.00117304      20.4829 
    0.00117572      19.6244 
    0.00117928      18.6186 
    0.00118315      17.6784 
    0.00118732      16.8008 
    0.00119119        16.09 
    0.00119654      15.2391 
     0.0012019      14.5127 
    0.00120725      13.8851 
     0.0012126      13.3372 
    0.00121796      12.8548 
     0.0012251      12.2941 
    0.00123224      11.8096 
    0.00123938      11.3861 
    0.00124652      11.0126 
    0.00125604      10.5767 
    0.00126556      10.1973 
    0.00127984      9.70998 
    0.00129412      9.29622 
     0.0013084      8.93595 
    0.00132744      8.51369 
    0.00136076      7.86092 
    0.00138813      7.32473 
    0.00140241       7.0044 
    0.00141133      6.77143 
    0.00142006      6.50255 
    0.00142609      6.28056 
    0.00143193      6.02401 
    0.00143575       5.8248 
    0.00143958      5.59188 
    0.00144244      5.38841 
    0.00144531      5.15294 
    0.00144722      4.97371 
    0.00144914      4.77259 
    0.00145105      4.54515 
    0.00145264      4.33122 
    0.00145424      4.09037 
     0.0014553      3.91232 
    0.00145636      3.71808 
    0.00145743      3.50545 
    0.00145849       3.2719 
    0.00145928      3.08128 
    0.00145998      2.90423 
    0.00146083      2.66984 
    0.00146146      2.48121 
     0.0014621      2.28088 
    0.00146274      2.06839 
    0.00146343      1.82428 
    0.00146403      1.60178 
    0.00146474      1.32299 
    0.00146598     0.830589 
     0.0014663     0.707882 
    0.00146656     0.610171 
    0.00146672     0.554429 
     0.0014669     0.495142 
    0.00146703     0.456088 
    0.00146715      0.41968 
    0.00146725     0.394381 
    0.00146736     0.367168 
    0.00146744     0.349555 
    0.00146752     0.333696 
     0.0014676      0.31977 
    0.00146766      0.31071 
    0.00146772     0.302937 
    0.00146778     0.296547 
    0.00146784     0.291644 
    0.00146789     0.288774 
    0.00146794     0.287084 
    0.00146799     0.286649 
    0.00146804     0.287547 
    0.00146809     0.290018 
    0.00146814     0.294157 
     0.0014682     0.301074 
    0.00146825     0.308746 
     0.0014683     0.317232 
    0.00146834     0.326108 
    0.00146839     0.340485 
    0.00146844       0.3566 
    0.00146849     0.375038 
    0.00146854     0.394076 
    0.00146859     0.417742 
    0.00146864     0.444461 
    0.00146869     0.471579 
    0.00146874     0.503166 
    0.00146879     0.538153 
    0.00146884     0.580668 
    0.00146888     0.617209 
    0.00146893     0.659115 
    0.00146897     0.707172 
    0.00146902     0.760343 
    0.00146907     0.819149 
    0.00146912     0.886968 
    0.00146917     0.965243 
    0.00146921      1.03335 
    0.00146926      1.11624 
    0.00146931      1.20631 
    0.00146936      1.31548 
    0.00146942      1.44134 
    0.00146947      1.57976 
    0.00146952      1.70939 
    0.00146957         1.85 
    0.00146962      2.00257 
    0.00146967      2.16808 
     0.0014697      2.31679 
    0.00146974      2.47593 
    0.00146978      2.64633 
    0.00146982      2.82876 
    0.00146986      3.02417 
     0.0014699      3.23345 
    0.00146994      3.45767 
    0.00146998      3.69782 
    0.00147002      3.95527 
    0.00147006      4.23108 
    0.00147011      4.54721 
    0.00147015      4.93203 
     0.0014702      5.35046 
    0.00147025      5.80534 
     0.0014703          6.3 
    0.00147034      6.83772 
    0.00147039      7.42275 
    0.00147044      8.05868 
    0.00147049      8.75014 
    0.00147054      9.50167 
    0.00147058      10.3186 
    0.00147064      11.3094 
    0.00147067      12.0591 
    0.00147071      12.8585 
    0.00147075      13.7102 
    0.00147079      14.6181 
    0.00147082      15.5849 
    0.00147086      16.6144 
     0.0014709        17.71 
    0.00147095      19.4866 
    0.00147101      21.4338 
    0.00147106      23.5663 
    0.00147112      25.8984 
    0.00147118      28.4461 
    0.00147123      31.2252 
    0.00147129      34.2525 
    0.00147134      37.5438 
     0.0014714      41.1183 
    0.00147146      44.9913 
    0.00147151      49.1816 
    0.00147157      53.7058 
    0.00147162      58.5819 
    0.00147168       63.825 
    0.00147173      69.4517 
    0.00147179       75.475 
    0.00147186      83.2501 
    0.00147192       91.637 
    0.00147199      100.654 
    0.00147206      110.311 
    0.00147213      120.957 
     0.0014722      132.291 
    0.00147226      144.311 
    0.00147233      156.998 
    0.00147242       174.35 
    0.00147251      192.702 
    0.00147263      218.549 
    0.00147278      252.603 
    0.00147315      341.067 
    0.00147329      370.737 
    0.00147341      396.549 
    0.00147352      418.254 
    0.00147365      439.082 
    0.00147374      451.528 
    0.00147384      462.293 
    0.00147395      470.868 
    0.00147403      475.144 
    0.00147414      477.187 
    0.00147415      477.206 
    0.00147424      475.928 
    0.00147434      471.686 
    0.00147443      465.323 
    0.00147451      456.724 
     0.0014746      446.059 
    0.00147472      428.977 
    0.00147486      406.093 
    0.00147501      377.113 
    0.00147522      335.287 
    0.00147553      270.578 
    0.00147567      241.552 
    0.00147577      223.208 
     0.0014759      200.373 
    0.00147598      187.088 
    0.00147606       174.56 
    0.00147614      162.807 
    0.00147622      151.828 
     0.0014763      141.619 
    0.00147638       132.16 
    0.00147646      123.428 
    0.00147654      115.493 
    0.00147662      108.204 
     0.0014767      101.523 
    0.00147678      95.4139 
    0.00147686      89.8347 
    0.00147694      84.7472 
    0.00147702       80.112 
     0.0014771      75.8921 
    0.00147718      72.0495 
    0.00147726      68.5513 
    0.00147737      64.3658 
    0.00147747      60.6635 
    0.00147758      57.3812 
    0.00147769      54.4629 
    0.00147779      51.8592 
     0.0014779      49.5274 
    0.00147801      47.4307 
    0.00147817      44.6585 
    0.00147832      42.3687 
    0.00147847      40.3536 
    0.00147862      38.5657 
    0.00147877      36.9678 
      0.001479      34.8632 
    0.00147922      33.0431 
    0.00147948       31.278 
    0.00147968      30.0228 
    0.00147999      28.3687 
     0.0014803      26.9382 
     0.0014806      25.6886 
    0.00148091      24.5872 
    0.00148128      23.4273 
    0.00148168      22.3331 
    0.00148208      21.3766 
    0.00148247      20.5333 
    0.00148287      19.7843 
     0.0014834      18.9071 
    0.00148393      18.1441 
    0.00148447      17.4745 
    0.00148526      16.6111 
    0.00148602      15.9156 
    0.00148678      15.3159 
    0.00148728      14.9599 
    0.00148829      14.3342 
     0.0014893      13.8022 
    0.00149036      13.3218 
    0.00149143      12.9068 
    0.00149302      12.3802 
    0.00149483      11.8896 
    0.00149674      11.4621 
    0.00149865      11.1055 
    0.00150056      10.8028 
    0.00150343      10.4257 
     0.0015063      10.1176 
    0.00151013      9.78417 
    0.00151395      9.51455 
    0.00151778      9.29136 
    0.00152372      9.00977 
     0.0015301      8.77061 
     0.0015386      8.51883 
    0.00155008      8.25822 
     0.0015624      8.04204 
    0.00157727      7.83661 
    0.00159736      7.61947 
    0.00162275      7.40548 
    0.00165369      7.19998 
    0.00169628      6.97628 
    0.00174957      6.75434 
    0.00181282      6.54148 
    0.00189785      6.30896 
    0.00192856      6.24308 
    0.00193063      6.25523 
    0.00193135      6.28902 
    0.00193178      6.34581 
     0.0019321      6.42366 
    0.00193233      6.51223 
    0.00193256      6.62569 
    0.00193277       6.7681 
    0.00193299      6.94532 
    0.00193322      7.18042 
    0.00193346      7.45235 
    0.00193406      8.20357 
    0.00193429      8.46565 
    0.00193453      8.69052 
    0.00193473       8.8108 
    0.00193491      8.86471 
      0.001935      8.87181 
    0.00193517      8.84792 
    0.00193535       8.7673 
    0.00193551      8.65415 
    0.00193569      8.48834 
    0.00193592      8.22992 
    0.00193661      7.36351 
    0.00193684      7.10839 
     0.0019371      6.86516 
    0.00193731      6.70099 
    0.00193753      6.57073 
    0.00193782      6.44357 
     0.0019381       6.3591 
    0.00193854      6.28705 
    0.00193897      6.25291 
     0.0019404      6.22199 
    0.00195455       6.1776 
    0.00206495      5.95418 
    0.00221381      5.70362 
    0.00240127      5.43805 
    0.00265008      5.13472 
    0.00311884      4.62688 
    0.00314886      4.59773 
    0.00315165      4.60479 
    0.00315248      4.62617 
    0.00315304       4.6657 
    0.00315343      4.71718 
    0.00315377      4.78435 
     0.0031541       4.8784 
    0.00315449      5.02694 
     0.0031549      5.22836 
     0.0031555      5.57907 
    0.00315597       5.8513 
    0.00315631      6.00933 
    0.00315661      6.10735 
    0.00315687      6.15119 
      0.003157      6.15677 
    0.00315728      6.13279 
    0.00315754      6.06591 
    0.00315785      5.94331 
    0.00315822      5.74588 
    0.00315906      5.24996 
    0.00315948      5.04092 
    0.00315976       4.9274 
    0.00316015       4.8047 
    0.00316053      4.72243 
     0.0031609      4.66834 
    0.00316146      4.62359 
    0.00316202      4.60307 
    0.00316324      4.58862 
    0.00318292      4.55911 
    0.00347629      4.22983 
    0.00364962      4.01048 
    0.00377655      3.82538 
    0.00387479      3.65809 
    0.00395338      3.49993 
    0.00401388      3.35571 
    0.00405937      3.22769 
    0.00410146      3.08793 
     0.0041334      2.96262 
    0.00416281      2.82697 
     0.0041845      2.71008 
    0.00420281      2.59692 
    0.00422249      2.45998 
    0.00422363      2.45564 
    0.00422431      2.45879 
      0.004225      2.47491 
    0.00422542      2.49819 
    0.00422585      2.53822 
    0.00422619      2.58682 
    0.00422647       2.6413 
    0.00422681       2.7259 
    0.00422716      2.83289 
    0.00422744      2.93877 
    0.00422773      3.05784 
    0.00422868      3.49653 
    0.00422895      3.60878 
    0.00422918      3.68883 
    0.00422948      3.76937 
    0.00422974      3.81079 
    0.00422998      3.82471 
    0.00423022      3.81315 
    0.00423045      3.77936 
    0.00423071      3.71574 
    0.00423093      3.64077 
    0.00423118      3.54169 
    0.00423153      3.38607 
    0.00423227      3.02961 
    0.00423256      2.90586 
    0.00423284      2.79512 
    0.00423319      2.68208 
    0.00423353      2.59127 
    0.00423375      2.54242 
    0.00423404      2.49312 
    0.00423432      2.45508 
    0.00423475      2.41469 
     0.0042352      2.38734 
    0.00423583      2.36549 
    0.00423736       2.3406 
    0.00425633      2.14917 
    0.00426575      2.04261 
    0.00427622       1.9104 
    0.00428321      1.81266 
    0.00429019        1.706 
    0.00429717      1.58913 
     0.0043024      1.49394 
    0.00430764      1.39154 
    0.00431288      1.28122 
    0.00431811      1.16229 
    0.00432317      1.03866 
    0.00432789     0.915298 
    0.00433181     0.806403 
    0.00433522     0.707751 
     0.0043394     0.581556 
    0.00434813     0.310906 
    0.00435009      0.25174 
    0.00435162     0.207341 
    0.00435267     0.178071 
    0.00435354     0.154614 
    0.00435441     0.132186 
    0.00435507     0.116151 
    0.00435572     0.100893 
    0.00435625    0.0893104 
    0.00435671    0.0796791 
     0.0043571    0.0718295 
    0.00435749    0.0643833 
    0.00435788    0.0573698 
    0.00435821    0.0518778 
    0.00435847    0.0477285 
    0.00435873    0.0438076 
      0.004359    0.0401256 
    0.00435924    0.0369005 
    0.00435947    0.0340969 
     0.0043597    0.0315011 
    0.00435993    0.0291213 
     0.0043601    0.0274935 
    0.00436027    0.0260125 
    0.00436044    0.0246604 
    0.00436061     0.023441 
    0.00436077    0.0223582 
    0.00436094     0.021416 
    0.00436113    0.0205557 
    0.00436131     0.019872 
    0.00436143     0.019517 
    0.00436155    0.0192447 
    0.00436167    0.0190568 
    0.00436183    0.0189433 
    0.00436187     0.018936 
    0.00436198     0.018968 
     0.0043621    0.0190898 
    0.00436224    0.0193377 
    0.00436239    0.0197541 
    0.00436255    0.0203228 
     0.0043627    0.0210477 
    0.00436282     0.021743 
    0.00436296    0.0226505 
     0.0043631    0.0236939 
    0.00436323    0.0248764 
    0.00436337    0.0262012 
    0.00436351    0.0276717 
    0.00436364    0.0292917 
    0.00436378    0.0310644 
    0.00436392    0.0329936 
    0.00436406    0.0350829 
    0.00436419    0.0373364 
    0.00436434    0.0398775 
    0.00436449     0.042672 
    0.00436463    0.0456691 
    0.00436483    0.0499901 
    0.00436503    0.0546937 
    0.00436518    0.0587415 
    0.00436534    0.0630495 
    0.00436555    0.0692113 
    0.00436576    0.0758668 
    0.00436599    0.0836556 
    0.00436617    0.0904022 
    0.00436635    0.0975697 
     0.0043666     0.107807 
    0.00436684     0.118851 
    0.00436709     0.130741 
    0.00436733     0.143511 
    0.00436757     0.157202 
    0.00436782     0.171855 
    0.00436805     0.186937 
    0.00436829     0.202993 
    0.00436853     0.220067 
    0.00436876     0.238202 
      0.004369     0.257448 
    0.00436925      0.27941 
    0.00436951     0.303604 
    0.00436977      0.32937 
    0.00437004      0.35679 
     0.0043703     0.385943 
    0.00437056     0.416919 
    0.00437082     0.449811 
    0.00437117     0.496817 
    0.00437152     0.547655 
    0.00437187     0.602591 
    0.00437218     0.655781 
     0.0043725     0.712752 
    0.00437281     0.773752 
    0.00437312     0.839042 
    0.00437344     0.908906 
    0.00437375     0.983649 
    0.00437407       1.0636 
    0.00437438       1.1491 
     0.0043747      1.24055 
    0.00437501      1.33835 
    0.00437534      1.44896 
    0.00437571      1.58071 
    0.00437607      1.72324 
    0.00437644      1.87748 
    0.00437681      2.04443 
    0.00437717      2.22521 
    0.00437754      2.42106 
    0.00437791      2.63335 
    0.00437827      2.86359 
    0.00437864      3.11345 
    0.00437901      3.38482 
    0.00437937      3.67978 
    0.00437974      4.00066 
    0.00438011      4.35005 
    0.00438047      4.73089 
    0.00438084      5.14644 
    0.00438121      5.61173 
    0.00438161      6.14668 
    0.00438187      6.53342 
    0.00438213      6.94648 
    0.00438239      7.38801 
    0.00438265      7.86034 
    0.00438292      8.36607 
    0.00438318      8.90802 
    0.00438353      9.69665 
    0.00438388      10.5645 
    0.00438423      11.5215 
    0.00438458      12.5788 
    0.00438481      13.3458 
    0.00438515      14.5544 
    0.00438547      15.7915 
    0.00438578       17.154 
     0.0043861      18.6579 
    0.00438641      20.3214 
    0.00438662      21.5294 
    0.00438692      23.4152 
    0.00438721      25.4533 
    0.00438751      27.7104 
     0.0043877      29.3513 
     0.0043879      31.1122 
    0.00438809      33.0039 
    0.00438829       35.038 
    0.00438848      37.2277 
    0.00438868      39.5871 
    0.00438887      42.1317 
    0.00438907      44.8784 
    0.00438926      47.8461 
    0.00438946      51.0548 
    0.00438966      54.5266 
    0.00438985       58.285 
    0.00439002      61.7543 
    0.00439019      65.4699 
    0.00439035      69.4502 
    0.00439052      73.7134 
    0.00439069      78.2799 
    0.00439086      83.1692 
    0.00439102      88.4022 
    0.00439126      96.4444 
    0.00439147      104.195 
    0.00439168      112.599 
    0.00439189      121.694 
     0.0043921       131.51 
    0.00439231      142.075 
    0.00439252      153.407 
    0.00439273      165.513 
    0.00439301      182.851 
    0.00439329      201.508 
    0.00439355       220.36 
    0.00439393      248.753 
    0.00439459      301.462 
    0.00439507      339.609 
    0.00439539      363.678 
    0.00439572      385.781 
    0.00439603      404.865 
    0.00439627      417.069 
     0.0043965      427.197 
    0.00439674      435.054 
    0.00439698      440.495 
    0.00439722      443.491 
    0.00439736      443.974 
    0.00439756      443.173 
    0.00439778      440.193 
    0.00439801        435.1 
    0.00439823      428.027 
    0.00439856      414.087 
     0.0043989      396.763 
    0.00439921      378.564 
     0.0043996      353.188 
    0.00440057      286.164 
    0.00440106      254.164 
    0.00440145      230.389 
    0.00440175      213.836 
    0.00440204       198.45 
    0.00440226      187.524 
    0.00440252      176.045 
    0.00440277      165.406 
    0.00440302       155.57 
    0.00440327      146.495 
    0.00440352      138.135 
    0.00440377      130.437 
    0.00440402      123.354 
    0.00440429      116.487 
    0.00440457      109.876 
    0.00440485      103.839 
    0.00440513      98.3176 
    0.00440541      93.2608 
    0.00440568      88.6216 
    0.00440596      84.3579 
    0.00440638      78.5847 
     0.0044067      74.6036 
    0.00440702      70.9617 
    0.00440735      67.6213 
    0.00440783      63.1065 
    0.00440831      59.1051 
    0.00440879      55.5407 
    0.00440922       52.703 
    0.00440975      49.5219 
    0.00441028      46.6801 
    0.00441081      44.1295 
    0.00441134      41.8301 
    0.00441187      39.7488 
     0.0044124      37.8577 
    0.00441293      36.1334 
    0.00441355      34.3191 
    0.00441424      32.4635 
    0.00441494      30.7972 
    0.00441564      29.2941 
    0.00441634      27.9325 
    0.00441704      26.6945 
    0.00441808      25.0365 
    0.00441913      23.5804 
    0.00442018      22.2933 
    0.00442123      21.1484 
    0.00442227      20.1245 
    0.00442297      19.5003 
    0.00442437       18.373 
    0.00442586      17.3201 
    0.00442735      16.3971 
    0.00442884      15.5817 
    0.00443034      14.8562 
    0.00443183      14.2074 
    0.00443367      13.4963 
    0.00443568      12.8127 
     0.0044377      12.2113 
    0.00443972      11.6786 
    0.00444173      11.2039 
    0.00444395      10.7383 
    0.00444657      10.2519 
    0.00444918      9.82312 
     0.0044518      9.44258 
    0.00445529      8.99728 
    0.00445878      8.61033 
    0.00446227      8.27106 
    0.00446577      7.97122 
      0.004471      7.58178 
    0.00447676      7.22011 
    0.00448252      6.91192 
    0.00448636      6.73083 
    0.00449334      6.44195 
    0.00450032      6.19523 
     0.0045073      5.98181 
    0.00451778      5.71028 
    0.00452825      5.48348 
    0.00453872      5.29061 
    0.00455059      5.10388 
    0.00455896      4.98766 
    0.00457572      4.78611 
    0.00459086      4.63158 
    0.00461308      4.43872 
    0.00464025      4.24266 
    0.00466859      4.06965 
    0.00470633      3.87243 
    0.00475007      3.67439 
    0.00481568      3.41041 
    0.00497606       2.8068 
    0.00503438       2.5722 
    0.00508541      2.34983 
    0.00512186      2.17804 
    0.00515831      1.99213 
    0.00518747      1.83172 
    0.00521663      1.65912 
     0.0052385      1.52106 
    0.00526037      1.37424 
    0.00528224      1.21843 
    0.00530411      1.05333 
    0.00532233     0.908754 
    0.00534056     0.758506 
    0.00536608     0.541511 
    0.00538407     0.388174 
     0.0053933      0.31164 
    0.00540047     0.254131 
    0.00540594     0.211951 
    0.00541004     0.181652 
    0.00541346     0.157412 
    0.00541681     0.134696 
     0.0054196     0.116656 
    0.00542183     0.102867 
    0.00542398    0.0901847 
    0.00542598    0.0790316 
    0.00542757    0.0705443 
    0.00542909    0.0628623 
    0.00543068    0.0552013 
    0.00543196    0.0494039 
    0.00543323    0.0439166 
    0.00543442    0.0391132 
    0.00543551    0.0349417 
    0.00543633    0.0319854 
    0.00543715    0.0291822 
    0.00543797    0.0265364 
    0.00543886    0.0238532 
    0.00543968    0.0215508 
     0.0054403    0.0199369 
    0.00544091    0.0184225 
    0.00544153      0.01701 
    0.00544214    0.0157019 
    0.00544276    0.0145006 
    0.00544337    0.0134088 
    0.00544399    0.0124291 
     0.0054444    0.0118394 
    0.00544481    0.0113015 
    0.00544526    0.0107655 
    0.00544572    0.0102954 
    0.00544617   0.00989239 
    0.00544663   0.00955763 
    0.00544709   0.00929228 
    0.00544754   0.00909755 
    0.00544788   0.00899857 
    0.00544822   0.00894053 
    0.00544854   0.00892377 
    0.00544885   0.00894222 
    0.00544928   0.00902655 
    0.00544972   0.00918012 
    0.00545015   0.00940407 
    0.00545058   0.00969957 
    0.00545102    0.0100678 
    0.00545145    0.0105099 
    0.00545188    0.0110272 
    0.00545228    0.0115711 
    0.00545264     0.012126 
    0.00545301    0.0127367 
    0.00545337    0.0134038 
    0.00545374    0.0141283 
     0.0054541    0.0149108 
    0.00545465    0.0161954 
    0.00545517    0.0175535 
    0.00545565    0.0189042 
    0.00545613    0.0203627 
    0.00545661    0.0219308 
    0.00545709    0.0236108 
    0.00545756    0.0254046 
    0.00545818    0.0278819 
    0.00545879    0.0305555 
    0.00545941    0.0334301 
    0.00546002    0.0365103 
    0.00546064    0.0398008 
     0.0054613    0.0435749 
    0.00546198    0.0477469 
    0.00546267    0.0521982 
    0.00546335    0.0569365 
    0.00546403    0.0619692 
    0.00546472    0.0673046 
    0.00546563    0.0749034 
    0.00546654    0.0830748 
    0.00546745    0.0918395 
    0.00546841     0.101704 
    0.00546923     0.110719 
    0.00547005     0.120267 
    0.00547114     0.133859 
    0.00547224     0.148474 
    0.00547315     0.161467 
     0.0054741     0.175937 
    0.00547506     0.191288 
    0.00547602     0.207555 
    0.00547729     0.230729 
    0.00547834     0.251092 
    0.00547943     0.273679 
    0.00548053     0.297698 
    0.00548162      0.32322 
    0.00548271     0.350314 
     0.0054839     0.381518 
    0.00548527     0.420021 
    0.00548663      0.46134 
      0.005488     0.505644 
    0.00548937     0.553121 
    0.00549073     0.603963 
     0.0054921     0.658376 
    0.00549347     0.716576 
    0.00549483     0.778794 
     0.0054962     0.845279 
    0.00549757     0.916295 
    0.00549894     0.992126 
     0.0055003      1.07308 
    0.00550167      1.15947 
    0.00550304      1.25167 
     0.0055044      1.35003 
    0.00550586      1.46222 
     0.0055075      1.59804 
    0.00550914      1.74482 
    0.00551078      1.90347 
    0.00551242      2.07497 
    0.00551406      2.26039 
     0.0055157      2.46094 
    0.00551734      2.67791 
    0.00551898      2.91274 
    0.00552062      3.16703 
    0.00552226      3.44252 
    0.00552381      3.72388 
    0.00552532      4.01831 
    0.00552682      4.33555 
    0.00552832      4.67771 
    0.00552983      5.04717 
    0.00553137       5.4565 
    0.00553298      5.92184 
    0.00553459      6.42834 
    0.00553621      6.98023 
    0.00553782      7.58228 
    0.00553943      8.23978 
    0.00554107      8.97149 
    0.00554271      9.77387 
    0.00554435      10.6547 
    0.00554599      11.6228 
    0.00554763      12.6891 
     0.0055492      13.8111 
    0.00555073       15.016 
    0.00555226      16.3414 
    0.00555379      17.8017 
    0.00555532      19.4137 
    0.00555678      21.1075 
    0.00555809        22.78 
    0.00555941      24.6092 
    0.00556072       26.613 
    0.00556203      28.8116 
    0.00556334      31.2282 
    0.00556465      33.8892 
    0.00556597      36.8245 
    0.00556728      40.0686 
    0.00556859      43.6603 
    0.00556947      46.2696 
    0.00557071      50.2926 
     0.0055718      54.1939 
    0.00557289      58.4637 
    0.00557399       63.145 
    0.00557508      68.2854 
    0.00557617      73.9371 
    0.00557727      80.1577 
    0.00557836      87.0106 
    0.00557945      94.5665 
    0.00558055      102.903 
    0.00558164      112.106 
    0.00558266      121.556 
    0.00558364       131.53 
    0.00558463      142.423 
    0.00558561      154.307 
     0.0055866       167.25 
    0.00558758      181.314 
    0.00558857      196.549 
    0.00558955       212.98 
    0.00559053      230.599 
    0.00559185      255.845 
    0.00559327      285.162 
     0.0055971      368.396 
    0.00559824      391.958 
    0.00559919      409.732 
    0.00560031      428.207 
    0.00560115      439.692 
    0.00560199      448.808 
    0.00560284      455.329 
    0.00560379      459.394 
    0.00560446      460.116 
    0.00560541      458.128 
    0.00560637      452.775 
    0.00560733      444.382 
    0.00560829      433.372 
    0.00560956      415.452 
    0.00561084      394.894 
    0.00561339       350.04 
    0.00561568      309.746 
    0.00561722      284.459 
    0.00561875      260.968 
    0.00562028      239.456 
    0.00562181      219.944 
    0.00562334      202.358 
    0.00562487      186.564 
     0.0056264      172.405 
    0.00562793      159.719 
    0.00562946      148.346 
    0.00563099      138.138 
    0.00563231      130.214 
    0.00563362       122.97 
    0.00563493      116.337 
    0.00563624      110.254 
    0.00563755      104.665 
    0.00563887      99.5207 
    0.00564084      92.5436 
    0.00564222       88.105 
    0.00564368      83.8045 
    0.00564587       77.985 
    0.00564805      72.8229 
    0.00565024      68.2236 
    0.00565243      64.1083 
    0.00565498      59.8319 
    0.00565771      55.7847 
    0.00566045      52.2077 
    0.00566318      49.0317 
    0.00566591      46.1926 
    0.00566879      43.5105 
    0.00567196      40.8778 
    0.00567513      38.5337 
    0.00567831      36.4379 
    0.00568148      34.5541 
    0.00568465      32.8488 
    0.00568829      31.0831 
    0.00569194      29.4976 
    0.00569558      28.0676 
    0.00569923      26.7725 
    0.00570287      25.5951 
    0.00570834      24.0182 
    0.00571381      22.6337 
    0.00571928      21.4098 
    0.00572474      20.3212 
    0.00573021      19.3476 
    0.00573568      18.4722 
    0.00574297      17.4347 
    0.00575026      16.5218 
    0.00575755      15.7132 
    0.00576484      14.9949 
    0.00577213      14.3474 
    0.00577978      13.7363 
    0.00578744      13.1857 
    0.00579947      12.4228 
    0.00581168       11.753 
    0.00582398      11.1649 
    0.00583628      10.6482 
    0.00585268      10.0492 
    0.00586908      9.53278 
    0.00588549      9.08246 
    0.00590189      8.68609 
    0.00591829      8.33424 
    0.00593469      8.01918 
    0.00595657      7.64618 
    0.00598208      7.26618 
    0.00601124      6.88888 
     0.0060404      6.55868 
    0.00606956      6.26535 
    0.00609872      6.00102 
    0.00614246        5.646 
     0.0061862      5.32731 
    0.00624452      4.93916 
    0.00638727      4.04567 
    0.00643116      3.75396 
    0.00646527      3.50987 
    0.00649938      3.24268 
    0.00652212      3.04708 
    0.00654486      2.83323 
    0.00656191      2.65805 
    0.00657897      2.46751 
    0.00659508      2.27089 
    0.00660929      2.08184 
    0.00661877      1.94621 
    0.00662824      1.80221 
    0.00663771      1.64911 
    0.00664719      1.48623 
    0.00665666        1.313 
    0.00666377      1.17614 
    0.00667218      1.00669 
    0.00668023     0.837526 
    0.00669113     0.601191 
    0.00669944     0.420588 
    0.00670342     0.336632 
     0.0067062     0.280094 
    0.00670833     0.238133 
     0.0067101     0.204484 
    0.00671181     0.173543 
    0.00671323     0.148948 
    0.00671437     0.130165 
    0.00671541     0.113729 
    0.00671636    0.0995029 
    0.00671712    0.0886542 
    0.00671797    0.0770597 
    0.00671868    0.0679259 
    0.00671925    0.0609875 
    0.00671982     0.054395 
    0.00672031    0.0489242 
    0.00672079    0.0439842 
    0.00672126    0.0393192 
    0.00672173    0.0349409 
    0.00672218     0.031058 
    0.00672252    0.0283756 
    0.00672285    0.0258497 
    0.00672318    0.0234851 
    0.00672346    0.0215901 
    0.00672375      0.01982 
    0.00672403    0.0181778 
    0.00672432    0.0166669 
    0.00672455    0.0155104 
    0.00672479    0.0144492 
    0.00672503    0.0134852 
    0.00672526    0.0126205 
    0.00672544    0.0120383 
    0.00672562    0.0115141 
     0.0067258    0.0110486 
    0.00672597    0.0106428 
    0.00672615    0.0102976 
    0.00672632    0.0100309 
    0.00672648   0.00982519 
    0.00672664   0.00967079 
     0.0067268   0.00956836 
    0.00672698   0.00951551 
    0.00672704   0.00951375 
    0.00672721   0.00954775 
    0.00672737   0.00964037 
    0.00672755   0.00980572 
    0.00672773    0.0100405 
    0.00672791    0.0103458 
    0.00672808    0.0107226 
    0.00672826    0.0111721 
    0.00672844    0.0116955 
    0.00672862    0.0122938 
    0.00672879    0.0129682 
    0.00672897      0.01372 
    0.00672915    0.0145501 
    0.00672936    0.0156517 
    0.00672958    0.0168702 
    0.00672979    0.0182078 
       0.00673    0.0196667 
    0.00673024    0.0214328 
    0.00673047    0.0233546 
    0.00673071    0.0254354 
    0.00673095    0.0276784 
    0.00673116    0.0298389 
    0.00673145    0.0329325 
    0.00673173    0.0362753 
    0.00673194    0.0389496 
    0.00673223    0.0427435 
    0.00673251    0.0468043 
     0.0067328    0.0511386 
    0.00673308    0.0557532 
    0.00673341    0.0615007 
     0.0067337    0.0667474 
    0.00673408     0.074216 
    0.00673445    0.0822423 
    0.00673486    0.0914023 
    0.00673521     0.100044 
    0.00673557     0.109228 
    0.00673592      0.11897 
    0.00673628      0.12929 
    0.00673675      0.14398 
    0.00673723     0.159775 
     0.0067377     0.176723 
    0.00673817     0.194875 
    0.00673867     0.215287 
     0.0067391     0.233935 
    0.00673952     0.253689 
    0.00674009     0.281827 
    0.00674066     0.312121 
    0.00674113     0.339097 
    0.00674163     0.369199 
    0.00674213     0.401204 
    0.00674263     0.435207 
    0.00674312       0.4713 
    0.00674365     0.511466 
    0.00674421     0.558172 
    0.00674478     0.608058 
    0.00674535     0.661303 
    0.00674592     0.718099 
    0.00674649      0.77865 
    0.00674706     0.843176 
    0.00674762     0.911907 
    0.00674819     0.985092 
    0.00674876      1.06299 
    0.00674933      1.14588 
    0.00674999       1.2493 
     0.0067507      1.36866 
    0.00675141      1.49753 
    0.00675213      1.63664 
    0.00675284      1.78678 
    0.00675354      1.94743 
    0.00675423      2.11769 
    0.00675493      2.30114 
    0.00675562      2.49887 
    0.00675631      2.71204 
    0.00675701      2.94193 
    0.00675773      3.20055 
    0.00675845      3.48056 
    0.00675917       3.7839 
    0.00675989      4.11266 
    0.00676061       4.4692 
    0.00676131      4.84421 
      0.006762        5.244 
    0.00676269      5.67681 
    0.00676338      6.14573 
    0.00676407      6.65417 
    0.00676477      7.21186 
    0.00676548      7.83108 
    0.00676619      8.50618 
     0.0067669      9.24304 
    0.00676761      10.0483 
    0.00676832      10.9294 
      0.006769      11.8544 
    0.00676968      12.8655 
    0.00677037      13.9721 
    0.00677105       15.185 
    0.00677173      16.5164 
    0.00677241      17.9799 
    0.00677309      19.5914 
    0.00677378      21.3685 
    0.00677446      23.3318 
    0.00677491      24.7552 
    0.00677537      26.2794 
    0.00677597      28.4828 
    0.00677654      30.7445 
    0.00677711      33.2169 
    0.00677768      35.9234 
    0.00677825      38.8901 
    0.00677882      42.1462 
    0.00677939      45.7244 
    0.00677995      49.6613 
    0.00678052      53.9973 
    0.00678109      58.7774 
    0.00678166      64.0509 
    0.00678217      69.2638 
    0.00678268      74.9622 
    0.00678319      81.1915 
    0.00678371      87.9985 
    0.00678422      95.4316 
    0.00678473      103.539 
    0.00678524      112.367 
    0.00678575      121.957 
    0.00678626      132.345 
    0.00678678      143.554 
    0.00678731      156.056 
    0.00678788      170.425 
    0.00678844      185.749 
     0.0067892       207.48 
    0.00679037      242.859 
    0.00679146      276.206 
    0.00679211      295.225 
    0.00679276      312.707 
    0.00679342       327.99 
     0.0067939      337.511 
    0.00679443      345.946 
    0.00679496      352.059 
    0.00679549       355.71 
    0.00679605      356.838 
    0.00679649      355.786 
    0.00679693      353.095 
    0.00679752      347.137 
    0.00679811      338.775 
     0.0067987      328.397 
    0.00679928      316.427 
    0.00680016      296.421 
    0.00680258      238.124 
    0.00680338      220.033 
    0.00680417      203.105 
    0.00680501      186.768 
    0.00680561      175.813 
    0.00680622      165.629 
    0.00680682      156.188 
    0.00680743      147.454 
    0.00680804      139.384 
    0.00680864      131.931 
    0.00680925       125.05 
    0.00680993      117.935 
    0.00681069      110.735 
    0.00681145      104.202 
    0.00681221      98.2653 
    0.00681297      92.8597 
    0.00681372      87.9281 
    0.00681448      83.4197 
    0.00681524      79.2893 
      0.006816      75.4973 
    0.00681713      70.3683 
    0.00681827      65.8212 
    0.00681941       61.772 
    0.00682054      58.1507 
    0.00682168      54.8988 
    0.00682268      52.3179 
    0.00682417      48.8466 
    0.00682566      45.7866 
    0.00682715       43.073 
    0.00682865       40.653 
    0.00682964      39.1815 
    0.00683118      37.0945 
    0.00683273      35.2189 
    0.00683427      33.5262 
    0.00683582      31.9919 
    0.00683736      30.5951 
    0.00683968      28.7218 
      0.006842      27.0752 
    0.00684389      25.8712 
    0.00684673       24.268 
    0.00684958      22.8691 
    0.00685242      21.6394 
    0.00685526      20.5511 
     0.0068581      19.5819 
    0.00686095      18.7141 
    0.00686474      17.6896 
    0.00686853      16.7921 
    0.00687232      15.9998 
     0.0068763      15.2636 
    0.00688027      14.6093 
    0.00688425      14.0222 
    0.00688823      13.4941 
    0.00689449      12.7644 
    0.00690074      12.1346 
    0.00690728      11.5624 
    0.00691439      11.0218 
    0.00692149      10.5504 
     0.0069286       10.135 
    0.00693807      9.65255 
    0.00694755      9.23625 
    0.00695702      8.87312 
     0.0069665      8.55336 
    0.00698071      8.13896 
    0.00699492      7.78737 
    0.00701103      7.44572 
    0.00702809      7.13606 
    0.00704514      6.86841 
    0.00706788      6.56219 
    0.00709062      6.30054 
    0.00711336      6.07317 
    0.00714747      5.78081 
      0.007174      5.58439 
    0.00720432      5.38483 
    0.00724701      5.13854 
    0.00729503      4.89727 
    0.00735653      4.62689 
    0.00742827      4.34851 
    0.00751755      4.03631 
    0.00766432       3.5633 
    0.00783367      3.02387 
    0.00792399       2.7193 
    0.00799173      2.47584 
    0.00804818      2.25967 
    0.00810463       2.0276 
    0.00814979      1.82865 
    0.00818366      1.67073 
    0.00821753      1.50374 
     0.0082514      1.32729 
    0.00828527      1.14089 
    0.00831349     0.977887 
    0.00834172     0.808653 
    0.00837982      0.57319 
    0.00840494     0.417836 
    0.00841736     0.342871 
    0.00842724     0.285066 
    0.00843589     0.236271 
    0.00844259     0.200121 
    0.00844806     0.171936 
    0.00845243     0.150368 
    0.00845674     0.130101 
    0.00846026     0.114337 
    0.00846379     0.099413 
    0.00846647     0.088678 
     0.0084693    0.0779942 
    0.00847156    0.0699343 
    0.00847381    0.0623344 
    0.00847593    0.0556549 
     0.0084779    0.0498389 
    0.00847939    0.0457572 
    0.00848087    0.0419259 
    0.00848235    0.0383543 
    0.00848369    0.0353553 
    0.00848496    0.0327253 
    0.00848623    0.0303079 
     0.0084875    0.0281105 
    0.00848877    0.0261407 
    0.00848997     0.024497 
    0.00849103    0.0232275 
    0.00849209    0.0221331 
    0.00849315     0.021219 
    0.00849385    0.0207124 
    0.00849456    0.0202899 
    0.00849555    0.0198426 
    0.00849639    0.0195963 
    0.00849724    0.0194795 
    0.00849752    0.0194699 
    0.00849823    0.0195112 
    0.00849893    0.0196471 
    0.00849964    0.0198795 
    0.00850035    0.0202102 
    0.00850105    0.0206413 
    0.00850176    0.0211747 
    0.00850246    0.0218124 
    0.00850317    0.0225564 
    0.00850387    0.0234089 
    0.00850458     0.024372 
    0.00850528    0.0254479 
    0.00850599    0.0266387 
     0.0085067    0.0279469 
     0.0085074    0.0293748 
    0.00850811    0.0309247 
    0.00850916    0.0334839 
    0.00851022    0.0363321 
    0.00851128    0.0394782 
    0.00851234    0.0429311 
     0.0085134    0.0466998 
    0.00851446    0.0507929 
    0.00851552      0.05522 
    0.00851657    0.0599905 
    0.00851763    0.0651151 
    0.00851869    0.0706047 
    0.00851975    0.0764708 
    0.00852081     0.082725 
    0.00852187    0.0893795 
    0.00852328    0.0988957 
    0.00852469     0.109176 
    0.00852617     0.120826 
    0.00852744     0.131538 
    0.00852871     0.142948 
    0.00852998     0.155081 
    0.00853125     0.167965 
    0.00853252     0.181628 
      0.008534     0.198593 
    0.00853548     0.216707 
    0.00853697     0.236023 
    0.00853845     0.256594 
    0.00853993     0.278478 
    0.00854141     0.301733 
    0.00854289     0.326423 
    0.00854487      0.36169 
    0.00854685     0.399789 
    0.00854889     0.442426 
    0.00855059     0.480305 
    0.00855228     0.520667 
    0.00855397     0.563651 
    0.00855567     0.609403 
    0.00855736     0.658091 
    0.00855926     0.716603 
    0.00856117     0.779306 
    0.00856307     0.846413 
    0.00856498     0.918171 
    0.00856688     0.994899 
    0.00856893      1.08325 
    0.00857105      1.18158 
    0.00857317       1.2875 
    0.00857528      1.40158 
     0.0085774      1.52444 
     0.0085795      1.65562 
    0.00858156      1.79433 
    0.00858363      1.94341 
    0.00858569      2.10363 
    0.00858775      2.27599 
    0.00858982      2.46159 
    0.00859197      2.66998 
    0.00859412      2.89512 
    0.00859626      3.13845 
    0.00859841      3.40158 
    0.00860056      3.68634 
    0.00860265      3.98524 
     0.0086047      4.30323 
    0.00860675      4.64676 
    0.00860881      5.01827 
    0.00861086      5.42028 
    0.00861293      5.86001 
    0.00861505      6.34681 
    0.00861717      6.87632 
    0.00861929      7.45312 
     0.0086214      8.08207 
    0.00862352      8.76858 
    0.00862555      9.48754 
    0.00862758      10.2714 
    0.00862962      11.1273 
    0.00863165      12.0629 
    0.00863368      13.0872 
    0.00863571      14.2102 
    0.00863774      15.4434 
    0.00863978      16.7997 
    0.00864181      18.2939 
    0.00864384      19.9428 
    0.00864582      21.7126 
    0.00864768        23.55 
    0.00864954      25.5705 
     0.0086514      27.7952 
    0.00865327      30.2477 
    0.00865513       32.957 
    0.00865682      35.6716 
    0.00865852      38.6547 
    0.00866021      41.9364 
     0.0086619      45.5503 
     0.0086636      49.5342 
    0.00866518      53.6237 
     0.0086667      57.9431 
    0.00866823      62.6692 
    0.00866975      67.8428 
    0.00867128       73.507 
     0.0086728      79.7078 
    0.00867432      86.4931 
    0.00867585      93.9113 
    0.00867737       102.01 
     0.0086789      110.836 
    0.00868042      120.427 
    0.00868194      130.812 
    0.00868347      141.997 
    0.00868499      153.963 
    0.00868702      171.036 
     0.0086892      190.464 
    0.00869439      238.515 
    0.00869634      255.305 
    0.00869764       265.49 
    0.00869894      274.569 
    0.00870052      283.792 
     0.0087017      289.188 
    0.00870289      293.153 
    0.00870407      295.615 
    0.00870526      296.546 
    0.00870657      295.814 
    0.00870788      293.311 
     0.0087092      289.175 
    0.00871051      283.589 
    0.00871226      274.262 
    0.00871401      263.295 
    0.00871663      244.933 
    0.00872242      202.665 
    0.00872479       186.38 
    0.00872716      171.228 
    0.00872953      157.333 
     0.0087319      144.715 
    0.00873427      133.327 
    0.00873664      123.089 
    0.00873902      113.899 
    0.00874139      105.655 
    0.00874376      98.2562 
    0.00874556      93.1274 
     0.0087476      87.8302 
    0.00874963      82.9852 
    0.00875166      78.5471 
    0.00875369      74.4747 
    0.00875572      70.7317 
    0.00875776      67.2852 
     0.0087608      62.6087 
    0.00876306      59.4821 
    0.00876532      56.6093 
    0.00876871      52.7193 
    0.00877209      49.2662 
    0.00877548      46.1873 
    0.00877887      43.4304 
    0.00878276      40.6018 
    0.00878666      38.0864 
    0.00879055      35.8398 
    0.00879445      33.8257 
    0.00879834       32.012 
    0.00880189      30.5094 
    0.00880637      28.7829 
    0.00881086       27.233 
    0.00881535      25.8348 
     0.0088202      24.4719 
    0.00882543      23.1534 
    0.00883065      21.9638 
    0.00883587      20.8883 
      0.008843      19.5779 
    0.00884977      18.4756 
    0.00885654      17.4912 
    0.00886332      16.6073 
    0.00887009      15.8097 
    0.00887912      14.8605 
    0.00888816      14.0216 
    0.00889719      13.2752 
    0.00890622      12.6067 
    0.00891525      12.0048 
    0.00892428      11.4598 
    0.00893332      10.9641 
    0.00894686      10.3006 
    0.00895985      9.73729 
    0.00897283      9.23272 
    0.00898469      8.81748 
    0.00899654      8.43805 
    0.00901559      7.89235 
    0.00903464      7.41135 
     0.0090544      6.96763 
    0.00907557      6.54329 
    0.00909815       6.1372 
    0.00912073      5.77034 
    0.00914331      5.43543 
    0.00916589       5.1267 
    0.00919976      4.70292 
    0.00922799      4.37912 
    0.00925868       4.0479 
    0.00929995      3.63166 
     0.0093458      3.19604 
     0.0093987      2.71484 
    0.00955545      1.33038 
    0.00960404     0.905139 
    0.00962755     0.704352 
    0.00964354     0.571937 
    0.00965671     0.466766 
    0.00966565     0.398088 
    0.00967387       0.3371 
    0.00968093     0.287134 
    0.00968681     0.247355 
    0.00969245     0.210921 
    0.00969715     0.182084 
    0.00970107     0.159263 
    0.00970421      0.14185 
    0.00970734     0.125244 
    0.00971024     0.110653 
    0.00971298    0.0975696 
    0.00971518    0.0876365 
    0.00971737    0.0782108 
    0.00971941    0.0699393 
    0.00972129    0.0627328 
    0.00972317    0.0559541 
    0.00972458    0.0511616 
    0.00972599    0.0466277 
    0.00972756    0.0419034 
    0.00972874    0.0385834 
    0.00972991    0.0354602 
    0.00973109    0.0325391 
    0.00973226    0.0298259 
    0.00973332    0.0275668 
    0.00973438    0.0254857 
    0.00973544    0.0235871 
     0.0097365    0.0218757 
     0.0097372    0.0208408 
    0.00973791    0.0198925 
    0.00973869    0.0189419 
    0.00973947    0.0181017 
    0.00974026    0.0173739 
    0.00974104    0.0167606 
    0.00974183    0.0162638 
    0.00974261    0.0158857 
    0.00974339    0.0156285 
    0.00974418    0.0154944 
    0.00974465     0.015474 
    0.00974539    0.0155352 
    0.00974598    0.0156657 
    0.00974657    0.0158697 
    0.00974716    0.0161484 
    0.00974774    0.0165026 
    0.00974833    0.0169336 
    0.00974872     0.017264 
    0.00974951    0.0180299 
    0.00975029    0.0189379 
    0.00975107    0.0199907 
     0.0097517    0.0209391 
    0.00975233    0.0219832 
    0.00975296    0.0231247 
    0.00975358    0.0243649 
    0.00975421    0.0257053 
    0.00975515    0.0279071 
    0.00975609    0.0303431 
    0.00975703    0.0330186 
    0.00975797     0.035939 
    0.00975891    0.0391102 
    0.00975985    0.0425381 
    0.00976079    0.0462287 
    0.00976173    0.0501883 
    0.00976267    0.0544236 
    0.00976361    0.0589406 
    0.00976455    0.0637458 
    0.00976581    0.0706118 
    0.00976691    0.0770607 
    0.00976808      0.08444 
    0.00976926    0.0923192 
    0.00977043     0.100714 
    0.00977161     0.109639 
    0.00977278     0.119111 
    0.00977396     0.129147 
    0.00977553     0.143435 
     0.0097771     0.158797 
    0.00977866     0.175277 
    0.00978007     0.191102 
    0.00978148     0.207904 
    0.00978289      0.22572 
     0.0097843     0.244586 
    0.00978619     0.271445 
    0.00978783     0.296613 
    0.00978948      0.32341 
    0.00979112     0.351907 
    0.00979277     0.382182 
    0.00979441     0.414314 
    0.00979622     0.451737 
     0.0097981     0.493399 
    0.00979998     0.537865 
    0.00980186     0.585285 
    0.00980374     0.635819 
    0.00980562     0.689634 
     0.0098075     0.746912 
    0.00980939     0.807848 
    0.00981127     0.872663 
    0.00981315     0.941603 
    0.00981503       1.0149 
    0.00981738      1.11295 
    0.00981973      1.21856 
    0.00982208      1.33229 
    0.00982443       1.4548 
    0.00982678      1.58676 
    0.00982917      1.73131 
    0.00983158       1.8884 
      0.009834      2.05788 
    0.00983641      2.24091 
    0.00983881      2.43863 
    0.00984125      2.65438 
    0.00984373      2.89236 
    0.00984621      3.15018 
    0.00984869      3.42967 
    0.00985117      3.73287 
    0.00985365      4.06195 
     0.0098561      4.41404 
    0.00985854      4.79639 
    0.00986099      5.21186 
    0.00986343      5.66331 
    0.00986588      6.15441 
     0.0098682      6.66106 
    0.00987045      7.19604 
    0.00987271      7.77642 
    0.00987497      8.40667 
    0.00987723      9.09182 
    0.00987948      9.83756 
    0.00988174      10.6503 
      0.009884      11.5371 
    0.00988625      12.5062 
    0.00988851      13.5667 
    0.00989077      14.7289 
    0.00989303      16.0047 
    0.00989528      17.4074 
    0.00989754      18.9524 
     0.0098998      20.6568 
    0.00990206      22.5407 
    0.00990419      24.5051 
    0.00990626      26.6043 
    0.00990833       28.915 
    0.00991039       31.462 
    0.00991246      34.2759 
    0.00991447      37.2927 
    0.00991635      40.4095 
    0.00991823      43.8368 
    0.00992011      47.6089 
    0.00992199      51.7643 
    0.00992388      56.3453 
    0.00992557      60.8707 
    0.00992726      65.8147 
    0.00992895      71.2161 
    0.00993065      77.1148 
    0.00993234      83.5515 
    0.00993416      91.1099 
    0.00993604      99.6804 
    0.00993792      109.059 
     0.0099398      119.275 
    0.00994168      130.328 
     0.0099436      142.383 
    0.00994557      155.607 
    0.00994886      178.931 
    0.00995215      202.699 
    0.00995466      219.914 
    0.00995645      231.046 
    0.00995823      240.752 
    0.00996002      248.631 
    0.00996121      252.702 
     0.0099624      255.738 
      0.009964      258.102 
    0.00996501      258.567 
     0.0099667      257.589 
    0.00996839      254.502 
    0.00997008      249.505 
    0.00997178      242.873 
    0.00997347      234.924 
    0.00997516      225.984 
    0.00997855      206.333 
    0.00998382      174.907 
    0.00998683      158.055 
    0.00998908      146.306 
    0.00999134      135.407 
     0.0099936      125.373 
    0.00999598        115.7 
    0.00999774      109.147 
    0.00999949      103.053 
     0.0100012      97.3911 
      0.010003       92.132 
     0.0100048      87.2471 
     0.0100074      80.5608 
     0.0100091      76.4924 
     0.0100112      72.1871 
     0.0100132      68.2176 
     0.0100152      64.5528 
     0.0100172       61.165 
     0.0100192      58.0284 
     0.0100222      53.7456 
     0.0100252      49.9097 
     0.0100277      47.0118 
     0.0100302      44.3545 
     0.0100327       41.912 
     0.0100352      39.6621 
     0.0100377      37.5847 
     0.0100415       34.755 
     0.0100453       32.225 
     0.0100492       29.845 
     0.0100532      27.7089 
     0.0100571      25.7829 
     0.0100611      24.0399 
      0.010065      22.4568 
     0.0100689      21.0239 
     0.0100728      19.7119 
     0.0100767       18.503 
     0.0100806       17.388 
     0.0100845      16.3559 
     0.0100898      15.0787 
     0.0100951      13.9063 
     0.0101005      12.8333 
     0.0101058      11.8477 
      0.010111       10.965 
      0.010116      10.1704 
      0.010121      9.42909 
      0.010126      8.73542 
      0.010131      8.09264 
     0.0101359      7.49445 
     0.0101407      6.92993 
     0.0101456      6.39568 
      0.010151      5.83994 
     0.0101568      5.26786 
     0.0101627      4.72879 
     0.0101685      4.22105 
     0.0101749      3.70453 
     0.0101805      3.26861 
     0.0101861      2.85858 
     0.0101914      2.49826 
     0.0101961      2.19491 
     0.0101999      1.96506 
     0.0102036      1.74709 
      0.010207      1.56402 
     0.0102102      1.39828 
     0.0102133      1.24238 
     0.0102157      1.13234 
      0.010218      1.03258 
     0.0102202      0.94638 
     0.0102223     0.865597 
     0.0102244     0.790506 
     0.0102265     0.721401 
     0.0102279     0.678828 
     0.0102293     0.640975 
     0.0102305     0.607562 
     0.0102318     0.576781 
     0.0102331     0.548737 
     0.0102344     0.523534 
     0.0102357     0.501281 
     0.0102369     0.482092 
     0.0102382     0.466086 
     0.0102394     0.454045 
     0.0102405     0.445524 
     0.0102417     0.439788 
     0.0102428     0.436953 
     0.0102434      0.43666 
     0.0102443      0.43787 
     0.0102452     0.441249 
     0.0102462     0.446869 
     0.0102471     0.454803 
      0.010248     0.465127 
     0.0102492     0.481403 
       0.01025     0.495819 
     0.0102509     0.512429 
     0.0102517     0.531301 
     0.0102526     0.552514 
     0.0102534      0.57614 
     0.0102542     0.602263 
     0.0102551     0.630962 
     0.0102559     0.661605 
     0.0102572     0.712523 
     0.0102584     0.769634 
     0.0102596     0.833244 
     0.0102609     0.903652 
     0.0102621     0.978749 
     0.0102632      1.05555 
     0.0102643      1.13885 
     0.0102655      1.22894 
     0.0102666      1.32615 
     0.0102677      1.43082 
     0.0102691      1.56681 
     0.0102704       1.7147 
     0.0102718      1.87522 
     0.0102731      2.04911 
     0.0102745      2.23719 
     0.0102759       2.4403 
     0.0102772      2.65937 
     0.0102786      2.89535 
     0.0102799      3.14936 
     0.0102813      3.42244 
     0.0102826      3.71587 
      0.010284       4.0309 
     0.0102853      4.36895 
     0.0102867      4.73149 
      0.010288      5.12013 
     0.0102894      5.53655 
     0.0102907      5.98272 
     0.0102921       6.4605 
     0.0102934      6.97209 
     0.0102948      7.51975 
     0.0102962      8.10603 
     0.0102977      8.80594 
     0.0102992      9.60004 
     0.0103008      10.4596 
     0.0103024      11.3903 
      0.010304      12.3978 
     0.0103056      13.4889 
     0.0103071      14.6706 
     0.0103087      15.9508 
     0.0103103      17.3379 
     0.0103119      18.8413 
     0.0103135       20.471 
      0.010315      22.2386 
     0.0103166      24.1556 
     0.0103182      26.2357 
     0.0103198       28.493 
     0.0103213      30.9433 
     0.0103229      33.6036 
     0.0103245      36.4922 
     0.0103261      39.6285 
     0.0103277      43.0344 
     0.0103292      46.7316 
     0.0103308      50.7444 
     0.0103324      55.0977 
      0.010334      59.8176 
     0.0103356      64.9302 
     0.0103371      70.4623 
     0.0103387      76.4391 
     0.0103403      82.8866 
     0.0103419      89.8244 
     0.0103435      97.2708 
      0.010345      105.237 
     0.0103466      113.728 
     0.0103483      123.179 
     0.0103505      136.939 
     0.0103533      155.352 
     0.0103613      209.823 
     0.0103638      226.092 
     0.0103655       235.92 
     0.0103672      244.672 
     0.0103689      252.148 
     0.0103705      257.976 
     0.0103721      262.227 
     0.0103737      265.121 
     0.0103752      266.653 
      0.010376      266.915 
     0.0103777      266.403 
     0.0103793      264.531 
      0.010381      261.434 
     0.0103835      254.855 
     0.0103859      246.459 
     0.0103893      233.352 
     0.0103989       191.66 
     0.0104025      176.934 
     0.0104061      163.308 
     0.0104099      150.395 
     0.0104126      141.907 
     0.0104153       134.07 
      0.010418      126.847 
     0.0104207      120.196 
     0.0104234      114.074 
     0.0104261      108.437 
     0.0104302        100.8 
     0.0104342      94.0302 
     0.0104383      88.0117 
     0.0104423      82.6438 
     0.0104464      77.8398 
     0.0104505      73.5252 
     0.0104545      69.6368 
     0.0104586      66.1202 
     0.0104626      62.9294 
     0.0104681       59.114 
     0.0104735      55.7294 
     0.0104786      52.8701 
     0.0104837      50.2931 
     0.0104888      47.9619 
     0.0104939      45.8469 
     0.0105019      42.9154 
     0.0105098      40.3495 
      0.010518      38.0242 
     0.0105268      35.8523 
     0.0105355      33.9357 
     0.0105445      32.1965 
     0.0105535      30.6309 
     0.0105625      29.2284 
     0.0105745      27.5718 
     0.0105866      26.1185 
     0.0105986      24.8333 
     0.0106106      23.6886 
     0.0106227      22.6627 
     0.0106347      21.7377 
     0.0106528      20.5089 
     0.0106708      19.4384 
     0.0106888      18.4975 
     0.0107069       17.658 
     0.0107295      16.7328 
     0.0107505      15.9711 
     0.0107723      15.2673 
     0.0107949       14.615 
     0.0108174      14.0274 
       0.01084      13.4944 
     0.0108663      12.9312 
     0.0108964      12.3515 
     0.0109265      11.8286 
     0.0109716      11.1304 
     0.0110167      10.5139 
     0.0110618      9.96039 
      0.011122      9.29644 
     0.0111822      8.69277 
     0.0112724      7.85587 
     0.0114001      6.70301 
     0.0114556      6.16856 
     0.0114915      5.79438 
     0.0115248      5.41902 
     0.0115469       5.1476 
     0.0115691       4.8545 
     0.0115912      4.53419 
     0.0116079      4.27179 
     0.0116245      3.98648 
     0.0116411      3.67376 
     0.0116525      3.44009 
     0.0116643      3.18112 
     0.0116754      2.91801 
     0.0116858      2.65237 
      0.011694      2.42735 
     0.0117031      2.16181 
     0.0117123      1.87874 
     0.0117198      1.63428 
     0.0117275       1.3692 
     0.0117358      1.07462 
     0.0117469     0.676551 
     0.0117508     0.540899 
     0.0117537     0.442602 
     0.0117558     0.375045 
     0.0117575     0.320958 
      0.011759     0.275396 
     0.0117602     0.240742 
     0.0117615     0.207705 
     0.0117624     0.182577 
     0.0117633     0.161219 
     0.0117642      0.14098 
     0.0117648     0.125659 
     0.0117654     0.113285 
     0.0117659      0.10357 
     0.0117665    0.0920628 
      0.011767    0.0833938 
     0.0117676    0.0743801 
      0.011768    0.0678434 
     0.0117684    0.0617079 
     0.0117688     0.055992 
     0.0117691     0.051558 
     0.0117695    0.0474372 
     0.0117698     0.043638 
     0.0117701    0.0410065 
     0.0117703    0.0388811 
     0.0117706    0.0364672 
     0.0117709    0.0342822 
     0.0117712    0.0323321 
     0.0117714    0.0306227 
     0.0117716    0.0295022 
     0.0117718    0.0285241 
     0.0117721    0.0276898 
     0.0117723    0.0270033 
     0.0117725    0.0264668 
     0.0117727    0.0260835 
     0.0117729    0.0258562 
     0.0117731    0.0257882 
     0.0117733    0.0258826 
     0.0117735    0.0261421 
     0.0117737    0.0264875 
     0.0117739    0.0269517 
      0.011774    0.0275371 
     0.0117742    0.0282451 
     0.0117744    0.0290786 
     0.0117745    0.0300386 
     0.0117747     0.031128 
     0.0117749    0.0323479 
     0.0117751    0.0342816 
     0.0117754    0.0364818 
     0.0117756     0.038956 
     0.0117759    0.0417087 
     0.0117761    0.0447489 
     0.0117763    0.0480803 
     0.0117766    0.0517118 
     0.0117768    0.0556478 
     0.0117771    0.0603747 
     0.0117774    0.0654937 
     0.0117776    0.0710176 
     0.0117779    0.0769534 
     0.0117782    0.0841696 
     0.0117785    0.0919405 
     0.0117788     0.100286 
     0.0117791     0.109219 
     0.0117795     0.120176 
     0.0117798      0.13195 
     0.0117802     0.144573 
     0.0117805     0.158066 
     0.0117808     0.171545 
     0.0117811     0.185838 
     0.0117816     0.206217 
      0.011782     0.228161 
     0.0117825     0.252034 
     0.0117829      0.27797 
     0.0117833      0.30577 
     0.0117838     0.335516 
     0.0117843     0.371676 
     0.0117847     0.404085 
     0.0117851     0.438488 
     0.0117855     0.474997 
     0.0117861     0.527066 
     0.0117866     0.574113 
     0.0117871     0.627059 
     0.0117876     0.683554 
     0.0117881      0.74382 
     0.0117886     0.808011 
     0.0117891     0.876356 
     0.0117896      0.94906 
     0.0117901      1.02637 
     0.0117906       1.1085 
     0.0117911      1.19574 
     0.0117916      1.28831 
     0.0117921      1.40354 
     0.0117927      1.52693 
     0.0117933      1.65905 
     0.0117939      1.80042 
     0.0117945      1.95169 
     0.0117951      2.11348 
     0.0117956       2.2865 
     0.0117962      2.47145 
     0.0117968      2.66922 
     0.0117974      2.88058 
      0.011798      3.11767 
     0.0117987      3.39589 
     0.0117993      3.69618 
        0.0118      4.02024 
     0.0118007      4.37007 
     0.0118013      4.74767 
      0.011802      5.15562 
     0.0118026      5.59621 
     0.0118033      6.07233 
      0.011804      6.58696 
     0.0118046      7.14356 
     0.0118053      7.74574 
      0.011806      8.39761 
     0.0118066      9.10342 
     0.0118073      9.86842 
      0.011808      10.6976 
     0.0118086      11.5973 
     0.0118093      12.5737 
       0.01181      13.6344 
     0.0118106      14.7871 
     0.0118113      16.0406 
      0.011812      17.4044 
     0.0118126        18.89 
     0.0118133      20.5081 
     0.0118139      22.2721 
     0.0118146      24.1957 
     0.0118153      26.2948 
     0.0118159      28.5859 
     0.0118166      31.0874 
     0.0118173      33.8182 
     0.0118179      36.8006 
     0.0118186      40.0554 
     0.0118193      43.6068 
     0.0118199      47.4786 
     0.0118206      51.6958 
     0.0118213      56.2814 
     0.0118219      61.2593 
     0.0118226      66.6487 
     0.0118233      72.4701 
     0.0118239      78.7321 
     0.0118246      85.4414 
     0.0118253      92.5926 
     0.0118261      102.788 
     0.0118271      114.369 
      0.011828      126.571 
     0.0118308      164.304 
     0.0118318      176.077 
     0.0118327      186.784 
     0.0118337      196.019 
     0.0118343      201.181 
     0.0118349      205.446 
     0.0118357      209.416 
     0.0118365       211.82 
     0.0118372      212.646 
      0.011838      212.073 
     0.0118387      210.253 
     0.0118394      207.299 
     0.0118404      201.839 
     0.0118414      194.977 
     0.0118423      187.093 
     0.0118443      169.657 
     0.0118465          149 
     0.0118479      137.529 
     0.0118492      126.876 
     0.0118505      117.138 
     0.0118518      108.328 
     0.0118528      102.307 
     0.0118538      96.7609 
     0.0118548      91.6578 
     0.0118558      86.9645 
     0.0118568      82.6467 
     0.0118578      78.6728 
     0.0118593      73.2893 
     0.0118604       69.872 
     0.0118615      66.5688 
     0.0118631      62.1142 
     0.0118648      58.1801 
     0.0118665      54.6908 
     0.0118681       51.582 
     0.0118698      48.8008 
     0.0118715      46.3022 
     0.0118731       44.049 
     0.0118748      42.0091 
     0.0118764      40.1565 
     0.0118784       38.178 
      0.011881      35.8857 
     0.0118835       33.872 
     0.0118861      32.0912 
     0.0118887      30.5079 
     0.0118912      29.0937 
     0.0118939      27.7765 
     0.0118966      26.5916 
     0.0119006      25.0224 
     0.0119046      23.6618 
     0.0119086      22.4722 
     0.0119126      21.4239 
     0.0119167      20.4597 
     0.0119209      19.6023 
     0.0119264      18.5972 
      0.011932      17.7221 
     0.0119378      16.9176 
     0.0119439      16.1779 
       0.01195      15.5262 
      0.011956       14.947 
     0.0119651      14.1924 
     0.0119742      13.5466 
     0.0119832      12.9852 
     0.0119925      12.4756 
     0.0120019      12.0255 
     0.0120147       11.487 
     0.0120279      11.0085 
       0.01204      10.6213 
     0.0120566      10.1566 
     0.0120732      9.75282 
     0.0120898       9.3969 
     0.0121137      8.95064 
     0.0121413       8.5086 
     0.0121679      8.13643 
     0.0122036       7.6986 
     0.0122392      7.31228 
     0.0122868      6.85274 
     0.0123463      6.33721 
     0.0124296      5.67345 
     0.0125782      4.52594 
     0.0126318      4.09411 
     0.0126841      3.65027 
     0.0127341      3.20012 
     0.0127721      2.83617 
     0.0128078       2.4766 
     0.0128364       2.1752 
     0.0128649      1.86191 
      0.012897        1.497 
     0.0129523     0.855277 
     0.0129684     0.673953 
     0.0129794     0.553961 
     0.0129868     0.475618 
     0.0129943     0.400489 
     0.0130002     0.343059 
     0.0130056     0.293772 
       0.01301     0.254644 
     0.0130138     0.223589 
     0.0130175     0.194152 
     0.0130204     0.171852 
      0.013023     0.153831 
     0.0130256     0.136236 
     0.0130277     0.122898 
     0.0130297     0.110257 
     0.0130316    0.0995922 
     0.0130334    0.0899375 
     0.0130352    0.0808792 
     0.0130365    0.0744918 
     0.0130378    0.0686668 
      0.013039    0.0635697 
     0.0130402    0.0587786 
     0.0130414    0.0543034 
     0.0130426    0.0501538 
     0.0130438    0.0463402 
     0.0130447    0.0436207 
     0.0130456    0.0411139 
     0.0130466    0.0388242 
     0.0130475    0.0367568 
     0.0130484    0.0349162 
     0.0130494    0.0333079 
     0.0130503     0.031937 
     0.0130512     0.030809 
     0.0130519    0.0301255 
     0.0130526    0.0295843 
     0.0130533    0.0291876 
      0.013054     0.028938 
     0.0130548     0.028836 
     0.0130556    0.0289416 
     0.0130563    0.0292005 
      0.013057    0.0296177 
     0.0130577    0.0301957 
     0.0130584    0.0309375 
     0.0130591    0.0318456 
     0.0130598    0.0329231 
     0.0130605    0.0341725 
     0.0130612    0.0355973 
     0.0130619       0.0372 
     0.0130627    0.0392712 
     0.0130634    0.0412066 
     0.0130641    0.0433189 
     0.0130647    0.0456111 
     0.0130658    0.0493931 
     0.0130668    0.0535971 
     0.0130678    0.0582329 
     0.0130688    0.0633131 
     0.0130698    0.0688471 
     0.0130708    0.0748473 
     0.0130718    0.0813249 
     0.0130729     0.088293 
     0.0130739    0.0957064 
     0.0130749     0.103597 
     0.0130759     0.112003 
     0.0130769     0.120939 
     0.0130782     0.133696 
     0.0130794     0.145636 
     0.0130806     0.159276 
     0.0130819     0.173836 
     0.0130831     0.189347 
     0.0130844     0.205837 
     0.0130857     0.223769 
      0.013087     0.243707 
     0.0130883     0.264886 
     0.0130897     0.287346 
     0.0130915     0.319362 
     0.0130929     0.347332 
     0.0130946     0.382019 
     0.0130963     0.419123 
      0.013098      0.45875 
     0.0130997     0.501013 
     0.0131014     0.546012 
     0.0131032     0.596471 
      0.013105     0.650234 
     0.0131067     0.707468 
     0.0131085     0.768338 
     0.0131103     0.833025 
     0.0131123     0.911178 
     0.0131145     0.999841 
     0.0131166      1.09492 
     0.0131188      1.19681 
     0.0131209       1.3059 
      0.013123      1.42262 
     0.0131252      1.54742 
     0.0131273      1.68079 
     0.0131295      1.82325 
     0.0131316      1.97534 
     0.0131337      2.13765 
     0.0131362      2.34079 
     0.0131387      2.55978 
     0.0131412      2.79578 
     0.0131437      3.05004 
     0.0131462      3.32395 
     0.0131487      3.61895 
     0.0131512      3.93667 
     0.0131537       4.2788 
     0.0131562      4.64729 
     0.0131587      5.04413 
     0.0131612      5.47158 
     0.0131637      5.93205 
     0.0131662      6.42819 
     0.0131687      6.96286 
     0.0131712      7.53919 
     0.0131737      8.16057 
     0.0131762      8.83081 
     0.0131787      9.55389 
     0.0131812      10.3343 
     0.0131837      11.1768 
     0.0131862      12.0869 
     0.0131887      13.0702 
     0.0131912      14.1331 
     0.0131937      15.2826 
     0.0131962      16.5262 
     0.0131987       17.872 
     0.0132012      19.3293 
     0.0132037      20.9078 
     0.0132062      22.6182 
     0.0132087      24.4721 
     0.0132112      26.4821 
     0.0132137      28.6619 
     0.0132162      31.0264 
     0.0132187      33.5911 
     0.0132212       36.373 
     0.0132237      39.3899 
     0.0132262      42.6607 
     0.0132287       46.205 
     0.0132312      50.0428 
     0.0132337      54.1942 
     0.0132362      58.6795 
     0.0132387      63.5171 
     0.0132412      68.7245 
     0.0132437      74.3158 
     0.0132462      80.3011 
     0.0132487      86.6848 
      0.013252      95.8125 
     0.0132548      103.998 
     0.0132582      114.494 
     0.0132638      132.981 
     0.0132717      159.301 
     0.0132754      170.742 
     0.0132791       181.06 
     0.0132818      187.796 
     0.0132845      193.488 
     0.0132875       198.32 
     0.0132898      201.026 
     0.0132921      202.837 
     0.0132944      203.753 
     0.0132955      203.881 
     0.0132986      203.167 
     0.0133017      201.019 
     0.0133048      197.617 
     0.0133079      193.194 
     0.0133125      185.166 
     0.0133172      176.026 
     0.0133317      145.667 
     0.0133374      134.508 
     0.0133431      124.211 
     0.0133488      114.842 
     0.0133531      108.422 
     0.0133574      102.499 
     0.0133602      98.8124 
     0.0133659      92.0261 
     0.0133716      85.9545 
     0.0133774       80.519 
     0.0133831      75.6456 
     0.0133888      71.2674 
     0.0133945      67.3244 
     0.0134002      63.7644 
     0.0134059      60.5413 
     0.0134116      57.6151 
     0.0134173      54.9511 
     0.0134259       51.382 
     0.0134344      48.2506 
      0.013443      45.4874 
     0.0134516      43.0359 
     0.0134604      40.7926 
     0.0134697      38.6864 
     0.0134789       36.808 
     0.0134889      35.0033 
     0.0134993      33.3278 
     0.0135096      31.8289 
     0.0135215      30.2909 
     0.0135334      28.9227 
     0.0135477      27.4675 
      0.013562      26.1796 
     0.0135762      25.0368 
     0.0135905      24.0143 
     0.0136119      22.6714 
     0.0136333      21.5149 
     0.0136547      20.5088 
     0.0136762      19.6264 
     0.0136976      18.8466 
      0.013719      18.1523 
     0.0137475      17.3371 
     0.0137808      16.5168 
     0.0138189      15.7157 
     0.0138546      15.0691 
     0.0138879      14.5398 
     0.0139284      13.9749 
     0.0139761      13.3983 
     0.0139881      13.2682 
         0.014       13.153 
         0.014      12.4171 
     0.0141975      12.3675 
     0.0143978      12.3172 
     0.0146009      12.2661 
     0.0148069      12.2143 
     0.0150158      12.1618 
     0.0152277      12.1086 
     0.0154425      12.0546 
        0.0155      12.0402 
     0.0157187      11.9924 
     0.0159404      11.9441 
     0.0161653       11.895 
     0.0163934      11.8452 
     0.0166247      11.7948 
     0.0168592      11.7436 
         0.017      11.7129 
     0.0172398      11.6668 
     0.0174831      11.6202 
     0.0177297      11.5728 
     0.0179799      11.5248 
     0.0182335      11.4761 
     0.0184908      11.4268 
        0.0185       11.425 
      0.018761      11.3805 
     0.0190257      11.3353 
     0.0192941      11.2895 
     0.0195663       11.243 
     0.0198424      11.1959 
          0.02       11.169 
     0.0202822      11.1255 
     0.0205683      11.0813 
     0.0208585      11.0365 
     0.0211528       10.991 
       0.02125       10.976 
     0.0215498      10.9335 
     0.0218538      10.8903 
     0.0221621      10.8466 
     0.0224748      10.8022 
        0.0225      10.7986 
     0.0228174       10.757 
     0.0231393      10.7148 
     0.0234658      10.6721 
       0.02375      10.6348 
     0.0240851      10.5941 
     0.0244249      10.5528 
     0.0247695      10.5109 
         0.025      10.4829 
     0.0253527      10.4429 
     0.0257104      10.4025 
     0.0260731      10.3614 
       0.02625      10.3414 
     0.0266203      10.3022 
     0.0269959      10.2625 
     0.0273768      10.2222 
        0.0275      10.2091 
      0.027888      10.1718 
     0.0282814      10.1339 
     0.0286804      10.0955 
     0.0290851      10.0565 
     0.0294954       10.017 
     0.0299115      9.97698 
          0.03      9.96847 
     0.0304232      9.93223 
     0.0308525      9.89549 
     0.0312877      9.85823 
     0.0317292      9.82044 
     0.0321768      9.78212 
        0.0325      9.75446 
     0.0329585      9.71921 
     0.0334235      9.68347 
      0.033895      9.64722 
     0.0343732      9.61046 
     0.0348582      9.57318 
         0.035      9.56228 
     0.0354938      9.52791 
     0.0359945      9.49305 
     0.0365024      9.45771 
     0.0370173      9.42186 
        0.0375      9.38827 
     0.0380291      9.35468 
     0.0385656      9.32062 
     0.0391097      9.28609 
     0.0396614      9.25106 
          0.04      9.22957 
     0.0405643      9.19666 
     0.0411366      9.16329 
      0.041717      9.12945 
     0.0423055      9.09513 
        0.0425      9.08379 
     0.0430996      9.05152 
     0.0437077       9.0188 
     0.0443243      8.98562 
     0.0449496      8.95197 
         0.045      8.94926 
     0.0456349      8.91757 
     0.0462787      8.88545 
     0.0469316      8.85286 
        0.0475       8.8245 
     0.0481701      8.79335 
     0.0488497      8.76176 
     0.0495389      8.72972 
          0.05      8.70829 
     0.0507054      8.67787 
     0.0514208      8.64701 
     0.0521462      8.61572 
     0.0528819      8.58399 
      0.053125      8.57351 
     0.0538745      8.54362 
     0.0546346      8.51332 
     0.0554054      8.48258 
      0.056187      8.45141 
       0.05625       8.4489 
     0.0570436      8.41951 
     0.0578484       8.3897 
     0.0586645      8.35946 
      0.059375      8.33315 
     0.0602127      8.30419 
     0.0610622      8.27484 
     0.0619236      8.24506 
        0.0625      8.22514 
     0.0633818       8.1966 
      0.064276      8.16766 
     0.0651828      8.13831 
      0.065625      8.12399 
     0.0665509      8.09583 
     0.0674898      8.06727 
     0.0684419       8.0383 
       0.06875      8.02893 
     0.0697199      8.00187 
     0.0707036      7.97443 
     0.0717011      7.94661 
     0.0727126      7.91839 
     0.0737385      7.88977 
     0.0747788      7.86075 
         0.075      7.85458 
     0.0760581      7.82806 
     0.0771312      7.80117 
     0.0782193      7.77389 
     0.0793229      7.74624 
      0.080442      7.71819 
       0.08125      7.69794 
     0.0823963       7.6719 
     0.0835588      7.64548 
     0.0847376       7.6187 
     0.0859331      7.59154 
     0.0871455      7.56399 
        0.0875      7.55594 
     0.0887345      7.53031 
     0.0899864      7.50432 
     0.0912559      7.47797 
     0.0925433      7.45124 
       0.09375      7.42619 
     0.0950726      7.40094 
     0.0964139      7.37533 
     0.0977742      7.34936 
     0.0991536      7.32302 
           0.1      7.30686 
      0.101411      7.28194 
      0.102842      7.25668 
      0.104292      7.23105 
      0.105764      7.20507 
       0.10625      7.19649 
      0.107749      7.17188 
      0.109269      7.14692 
      0.110811      7.12161 
      0.112374      7.09594 
        0.1125      7.09387 
      0.114087       7.0703 
      0.115697       7.0464 
      0.117329      7.02216 
      0.118984      6.99758 
      0.120663      6.97265 
      0.122365      6.94737 
      0.124092      6.92173 
         0.125      6.90824 
      0.126764      6.88507 
      0.128552      6.86158 
      0.130366      6.83775 
      0.132205      6.81359 
       0.13407      6.78908 
      0.135961      6.76423 
        0.1375      6.74402 
       0.13944      6.72121 
      0.141407      6.69807 
      0.143402      6.67461 
      0.145425      6.65081 
      0.147477      6.62668 
      0.149558      6.60221 
          0.15      6.59701 
      0.152116      6.57452 
      0.154262      6.55171 
      0.156439      6.52858 
      0.158646      6.50512 
      0.160884      6.48133 
        0.1625      6.46416 
      0.164793      6.44196 
      0.167118      6.41944 
      0.169475      6.39661 
      0.171866      6.37346 
      0.174291      6.34998 
         0.175      6.34311 
      0.177469      6.32118 
      0.179973      6.29894 
      0.182512      6.27639 
      0.185087      6.25352 
        0.1875      6.23208 
      0.190145       6.2104 
      0.192828      6.18842 
      0.195548      6.16613 
      0.198307      6.14352 
           0.2      6.12965 
      0.202822      6.10822 
      0.205683      6.08649 
      0.208585      6.06445 
      0.211528       6.0421 
        0.2125      6.03472 
      0.215498      6.01352 
      0.218538      5.99203 
      0.221621      5.97023 
      0.224748      5.94812 
         0.225      5.94634 
      0.228174      5.92603 
      0.231393      5.90543 
      0.234658      5.88453 
      0.237969      5.86335 
      0.241326      5.84186 
      0.244731      5.82007 
      0.248183      5.79797 
          0.25      5.78635 
      0.253527      5.76641 
      0.257104      5.74619 
      0.260731      5.72568 
       0.26441      5.70489 
       0.26814       5.6838 
      0.271923      5.66241 
         0.275      5.64501 
       0.27888      5.62544 
      0.282814      5.60559 
      0.286804      5.58546 
      0.290851      5.56505 
      0.294954      5.54435 
      0.299115      5.52336 
           0.3       5.5189 
      0.304232       5.4997 
      0.308525      5.48023 
      0.312877      5.46049 
      0.317291      5.44047 
      0.321768      5.42016 
         0.325       5.4055 
      0.329585      5.38668 
      0.334235      5.36758 
       0.33895      5.34822 
      0.343732      5.32858 
      0.348582      5.30867 
          0.35      5.30285 
      0.354938       5.2844 
      0.359945      5.26569 
      0.365024      5.24672 
      0.370173      5.22747 
         0.375      5.20944 
      0.380291      5.19136 
      0.385656      5.17303 
      0.391097      5.15444 
      0.396614      5.13558 
           0.4      5.12402 
      0.405643      5.10632 
      0.411366      5.08837 
       0.41717      5.07017 
      0.423055      5.05172 
         0.425      5.04562 
      0.430996      5.02829 
      0.437077      5.01072 
      0.443243       4.9929 
      0.449496      4.97483 
          0.45      4.97338 
      0.456349      4.95643 
      0.462787      4.93925 
      0.469316      4.92182 
         0.475      4.90665 
      0.481701      4.89008 
      0.488497      4.87327 
      0.495389      4.85622 
           0.5      4.84481 
      0.507054      4.82862 
      0.514208      4.81219 
      0.521462      4.79553 
         0.525       4.7874 
      0.532407      4.77157 
      0.539918      4.75551 
      0.547535      4.73923 
          0.55      4.73396 
       0.55776      4.71849 
      0.565629      4.70281 
      0.573609      4.68691 
         0.575      4.68414 
      0.583112      4.66903 
      0.591339      4.65371 
      0.599682      4.63817 
           0.6      4.63758 
      0.608465       4.6233 
      0.617049      4.60882 
      0.625755      4.59413 
      0.634583      4.57924 
      0.643536      4.56414 
          0.65      4.55323 
       0.65917      4.53962 
       0.66847      4.52581 
      0.677901      4.51181 
      0.687465      4.49761 
      0.697164      4.48321 
           0.7        4.479 
      0.709876      4.46603 
      0.719891      4.45288 
      0.730047      4.43955 
      0.740347      4.42603 
          0.75      4.41335 
      0.760581      4.40102 
      0.771312      4.38851 
      0.782193      4.37583 
      0.793229      4.36296 
           0.8      4.35507 
      0.811287      4.34302 
      0.822732       4.3308 
         0.825      4.32837 
      0.836639      4.31663 
      0.848443      4.30471 
          0.85      4.30314 
      0.861992      4.29201 
      0.874153      4.28072 
      0.886486      4.26927 
      0.898993      4.25766 
           0.9      4.25672 
      0.912697      4.24616 
      0.925574      4.23544 
      0.938632      4.22458 
          0.95      4.21512 
      0.963403       4.2051 
      0.976995      4.19493 
      0.990778      4.18463 
             1      4.17773 
       1.01411      4.16823 
       1.02842      4.15859 
       1.04292      4.14882 
          1.05      4.14405 
         1.054      4.14151 
         1.054      3.99318 
           1.2      3.41023 
       1.23293      3.34962 
       1.40112      2.92295 
           1.6      2.62574 
       1.73254      2.53336 
           1.8      2.37329 
       2.00298       2.1917 
       2.18852       2.1111 
           2.2       2.0883 
       2.34018      2.02191 
           2.4      1.97622 
       2.48686      1.97638 
       2.57228      1.93931 
           2.6      1.90884 
           2.8      1.85283 
       2.86727      1.85886 
       2.92878        1.859 
       2.98769      1.85097 
             3      1.84458 
       3.09075       1.8608 
       3.15182      1.85398 
           3.2      1.84233 
         3.243      1.86869 
       3.28877      1.88939 
        3.3617      1.91053 
        3.3827       1.9111 
       3.40692      1.90487 
       3.47745       1.8722 
           3.5      1.85185 
       3.54484      1.87059 
       3.61947      1.88824 
       3.68947      1.87655 
           3.7      1.87241 
       3.71812       1.8845 
       4.02822      1.91984 
       4.66051      2.03513 
       5.03527      2.10581 
             6      2.23955 
             7      2.30119 
             8      2.29419 
       9.06349      2.23171 
            10      2.14948 
       10.1411      2.13411 
       10.2842      2.11853 
       10.4292      2.10273 
       10.5764       2.0867 
       10.7256      2.07045 
       10.8769      2.05397 
            11      2.04056 
       11.1552      2.02482 
       11.3126      2.00885 
       11.4722      1.99267 
        11.634      1.97625 
       11.7044      1.96911 
       11.8695      1.94635 
            12      1.92836 
       12.1693      1.90839 
        12.341      1.88814 
       12.5151       1.8676 
       12.6917      1.84678 
       12.8707      1.82565 
       13.0523      1.80424 
       13.2364      1.78252 
       13.4232      1.76049 
       13.6126      1.73815 
       13.8046       1.7155 
       13.9994      1.69252 
            14      1.69245 
       14.1975      1.67083 
       14.3978      1.64891 
       14.6009      1.62667 
       14.8069      1.60413 
       15.0158      1.58126 
       15.2277      1.55807 
       15.3673      1.54279 
       15.5841      1.51976 
        15.804       1.4964 
            16      1.47558 
       16.2257      1.45364 
       16.4546      1.43139 
       16.6868      1.40883 
       16.9222      1.38595 
            17      1.37839 
       17.2398      1.35954 
       17.4831      1.34043 
       17.7297      1.32105 
       17.9799      1.30139 
            18      1.29981 
       18.2539      1.28394 
       18.5115      1.26784 
       18.7726      1.25152 
            19      1.23731 
       19.2681      1.21874 
       19.5399      1.19991 
       19.8156      1.18081 
            20      1.16803 
//
#-------------------------------------------------------------------------------
