#ZVView-data-copy:  30-Jul-2024 17:04:31
#=======================================
#
#name:   ENDF/B-VIII.0: GE-72(N,EL)GE-72-L0
#X.axis: Incident Energy
#Y.axis: Cross Section
#wdata:  2
#ldata:  2527
#data...
#            X            Y
#          MeV        barns
         1e-11       60.107 
   1.10304e-11      57.2854 
   1.21669e-11      54.6016 
   1.34206e-11       52.049 
   1.48034e-11      49.6216 
   1.63287e-11      47.3134 
   1.80111e-11      45.1189 
   1.98669e-11      43.0329 
   2.19139e-11      41.0503 
   2.41719e-11      39.1663 
   2.66625e-11      37.3763 
   2.96172e-11      35.5576 
   3.28977e-11      33.8377 
   3.65434e-11      32.2103 
    4.0591e-11      30.6722 
   4.50892e-11      29.2179 
   5.00834e-11      27.8446 
   5.56336e-11      26.5471 
   6.17957e-11      25.3231 
   6.86438e-11       24.168 
    7.6247e-11      23.0795 
   8.46966e-11      22.0536 
   9.40778e-11      21.0882 
   1.04504e-10      20.1797 
   1.16078e-10      19.3264 
   1.28942e-10      18.5247 
   1.44235e-10      17.7246 
   1.61341e-10      16.9783 
   1.80476e-10      16.2833 
    2.0188e-10      15.6369 
   2.25822e-10      15.0368 
   2.52605e-10      14.4807 
   2.84542e-10      13.9356 
   3.20534e-10      13.4347 
    3.6106e-10       12.976 
   4.09579e-10      12.5334 
   4.64619e-10      12.1322 
   5.30773e-10      11.7506 
   6.06315e-10      11.4092 
   6.97495e-10      11.0894 
   8.08048e-10      10.7936 
    9.4268e-10      10.5234 
    1.11526e-9      10.2698 
    1.32867e-9      10.0457 
    1.60534e-9      9.84282 
    1.98076e-9       9.6577 
    2.49581e-9      9.49415 
    3.23431e-9      9.35049 
    4.34063e-9      9.22673 
    6.11796e-9      9.12161 
     9.2492e-9      9.03469 
    1.55318e-8      8.96597 
    2.52419e-8        8.927 
       2.53e-8      8.92686 
     6.5136e-8      8.88863 
     4.1979e-7      8.86583 
    5.81706e-5      8.49475 
   0.000130179      8.10291 
   0.000209607       7.7372 
   0.000251319      7.56907 
   0.000251744      7.56934 
   0.000332233      7.27491 
   0.000435891      6.95559 
   0.000554236      6.64913 
   0.000688267      6.35785 
   0.000735536      6.26739 
   0.000736915      6.28615 
   0.000737782       6.3059 
   0.000739611      6.26214 
   0.000870663      6.02991 
    0.00105042      5.76057 
    0.00126554      5.48574 
    0.00155161      5.16878 
    0.00204955      4.65255 
    0.00218116      4.50196 
    0.00218497      4.51042 
     0.0021862      4.52833 
    0.00218682      4.56007 
    0.00218713      4.59444 
    0.00218743      4.65331 
    0.00218771      4.73946 
    0.00218789      4.82153 
    0.00218808      4.92895 
    0.00218825      5.05409 
     0.0021884      5.19331 
    0.00218856      5.35943 
    0.00218871      5.55443 
    0.00218886      5.77341 
    0.00218901      6.01417 
    0.00218922      6.42298 
    0.00218946      6.92494 
    0.00218999      8.10264 
    0.00219018      8.48334 
    0.00219034      8.77474 
     0.0021905       9.0199 
    0.00219066       9.2076 
     0.0021908      9.31845 
    0.00219094      9.37252 
      0.002191      9.37738 
    0.00219115      9.34357 
    0.00219128      9.26798 
    0.00219142       9.1234 
    0.00219155      8.95871 
    0.00219174       8.6376 
    0.00219186      8.41044 
    0.00219211      7.88727 
     0.0021926      6.77911 
    0.00219283      6.31796 
    0.00219304      5.93211 
    0.00219319      5.70568 
    0.00219333      5.50493 
    0.00219348      5.32304 
    0.00219363      5.16198 
    0.00219378      5.02729 
    0.00219394      4.91636 
    0.00219413      4.80665 
    0.00219436       4.7099 
    0.00219459      4.64246 
    0.00219494      4.57929 
     0.0021954      4.53656 
    0.00219617      4.50883 
     0.0021985      4.48619 
    0.00221166      4.45687 
    0.00231303      4.29995 
    0.00237773      4.17161 
    0.00242178      4.05843 
    0.00245547      3.94647 
    0.00247865       3.8483 
    0.00249969      3.73545 
    0.00251613      3.62311 
    0.00252632      3.53781 
    0.00253684      3.43216 
    0.00254473      3.33724 
    0.00255262      3.22405 
    0.00255788      3.13553 
    0.00256314      3.03343 
     0.0025684      2.91426 
    0.00257235      2.81079 
    0.00257629      2.69218 
    0.00258015      2.55785 
    0.00258262      2.46062 
    0.00258508      2.35276 
    0.00258755       2.2324 
     0.0025896      2.12079 
    0.00259125      2.02304 
    0.00259289      1.91676 
    0.00259454      1.80089 
    0.00259618      1.67424 
    0.00259782      1.53548 
    0.00259906      1.42265 
    0.00260029      1.30167 
    0.00260152      1.17206 
    0.00260275      1.03353 
    0.00260378     0.911294 
    0.00260481     0.783299 
    0.00260596     0.634411 
     0.0026076     0.418253 
    0.00260818     0.344773 
    0.00260861     0.291827 
    0.00260892     0.255703 
    0.00260918     0.227016 
    0.00260941     0.202027 
    0.00260958     0.185576 
    0.00260974     0.170004 
     0.0026099      0.15542 
    0.00261004     0.144382 
    0.00261019     0.132652 
     0.0026103     0.125486 
     0.0026104     0.118889 
    0.00261052     0.111782 
     0.0026106      0.10757 
    0.00261069     0.103809 
    0.00261079    0.0997784 
    0.00261088     0.096831 
    0.00261097    0.0945716 
    0.00261104    0.0933546 
    0.00261111    0.0925698 
     0.0026112    0.0922275 
    0.00261127    0.0925372 
    0.00261134      0.09329 
    0.00261142    0.0948734 
    0.00261149    0.0968351 
    0.00261155    0.0990698 
    0.00261162     0.101975 
    0.00261169     0.105899 
    0.00261177     0.110841 
    0.00261184      0.11666 
    0.00261192     0.123406 
    0.00261198     0.129503 
    0.00261204     0.135374 
     0.0026121     0.142721 
    0.00261217     0.151835 
    0.00261223     0.160728 
     0.0026123     0.171664 
    0.00261236     0.182255 
    0.00261242       0.1937 
    0.00261249     0.208407 
    0.00261257     0.224435 
    0.00261263     0.239829 
     0.0026127     0.256373 
    0.00261277     0.275154 
    0.00261284     0.297565 
    0.00261292     0.321819 
    0.00261301      0.35324 
    0.00261307     0.377685 
    0.00261314     0.403747 
     0.0026132     0.431505 
    0.00261328      0.46641 
    0.00261335     0.503937 
    0.00261343     0.544262 
     0.0026135     0.587557 
    0.00261359     0.637946 
    0.00261367     0.692305 
    0.00261375     0.750934 
    0.00261383     0.814139 
    0.00261391     0.875245 
    0.00261398     0.940607 
    0.00261406      1.01054 
    0.00261413      1.08536 
     0.0026142      1.16544 
    0.00261428      1.25114 
    0.00261435      1.34291 
    0.00261443      1.44116 
     0.0026145      1.54646 
    0.00261457       1.6593 
    0.00261465      1.78729 
    0.00261474      1.94029 
    0.00261482      2.10654 
    0.00261491      2.28733 
      0.002615      2.48414 
    0.00261508      2.69856 
    0.00261517      2.93254 
    0.00261526        3.188 
    0.00261534      3.46731 
    0.00261543        3.773 
    0.00261551        4.108 
     0.0026156      4.47549 
    0.00261569      4.87914 
    0.00261577      5.32284 
    0.00261586      5.81128 
    0.00261595      6.34926 
      0.002616      6.73816 
    0.00261607      7.21507 
    0.00261613      7.72915 
     0.0026162      8.28362 
    0.00261627      8.88168 
    0.00261633      9.52715 
     0.0026164      10.2237 
    0.00261646      10.9755 
    0.00261653       11.787 
    0.00261659      12.6631 
    0.00261666      13.6085 
    0.00261673      14.6287 
    0.00261679      15.7292 
    0.00261686      16.9162 
    0.00261692      18.1957 
    0.00261699      19.5744 
    0.00261705      21.0589 
    0.00261711      22.4509 
    0.00261717      23.9342 
    0.00261723      25.5144 
    0.00261729      27.1963 
    0.00261737      29.9226 
    0.00261746      32.9083 
    0.00261755      36.2218 
    0.00261764      39.9483 
    0.00261773      44.0207 
    0.00261782      48.4593 
    0.00261791      53.2849 
      0.002618      58.5155 
    0.00261808      63.5302 
    0.00261816      68.8906 
    0.00261824      74.6072 
    0.00261832      80.6868 
    0.00261842      89.3672 
    0.00261853      98.5614 
    0.00261863      108.393 
    0.00261874       118.85 
    0.00261884       129.91 
    0.00261898      145.284 
    0.00261912      161.526 
    0.00261933      187.614 
    0.00261988      258.621 
    0.00262008      282.452 
    0.00262026      302.042 
    0.00262038      314.417 
    0.00262051      325.929 
    0.00262067      337.188 
     0.0026208      344.718 
    0.00262093      350.088 
    0.00262105      352.859 
    0.00262119      354.049 
    0.00262131      353.026 
    0.00262142       350.53 
    0.00262152       346.59 
    0.00262166      339.886 
    0.00262182      329.493 
    0.00262199       315.61 
    0.00262217      298.164 
    0.00262238      275.898 
    0.00262274      235.402 
    0.00262306      197.906 
    0.00262326      176.612 
    0.00262343       159.94 
    0.00262359       144.42 
    0.00262371      133.598 
    0.00262384      123.505 
    0.00262392      117.184 
    0.00262405       107.97 
    0.00262418      99.5299 
     0.0026243      91.8355 
    0.00262443      84.8514 
    0.00262456      78.5339 
    0.00262469      72.8376 
    0.00262482      67.7131 
    0.00262495      63.1118 
    0.00262507      59.1345 
    0.00262519      55.5544 
    0.00262531      52.3313 
    0.00262544      49.4283 
    0.00262556      46.8108 
    0.00262568      44.4475 
    0.00262581      42.3097 
    0.00262593      40.3721 
     0.0026261      38.0599 
    0.00262626      36.0154 
    0.00262642       34.198 
    0.00262659      32.5743 
    0.00262675       31.116 
    0.00262692      29.7997 
    0.00262716      28.0489 
    0.00262741       26.521 
    0.00262757      25.6057 
    0.00262782      24.3632 
    0.00262807      23.2546 
    0.00262831      22.2588 
    0.00262868      20.9413 
    0.00262905      19.7975 
    0.00262942      18.7949 
    0.00262988       17.726 
    0.00263037      16.7191 
    0.00263086      15.8464 
    0.00263136      15.0829 
    0.00263185      14.4095 
    0.00263238      13.7645 
      0.002633      13.1108 
    0.00263362      12.5372 
    0.00263423        12.03 
    0.00263505      11.4388 
    0.00263588      10.9271 
     0.0026367      10.4801 
    0.00263752      10.0863 
    0.00263875      9.57666 
    0.00263999      9.14442 
    0.00264122      8.77307 
    0.00264204       8.5533 
    0.00264368      8.16817 
    0.00264533      7.84179 
    0.00264697       7.5616 
    0.00264862      7.31835 
    0.00265108      7.00796 
    0.00265314      6.78865 
     0.0026556      6.56237 
    0.00265807      6.36758 
    0.00266176      6.12063 
    0.00266571      5.90247 
    0.00266966       5.7187 
    0.00267492      5.51253 
    0.00268018      5.33822 
    0.00268806      5.11643 
    0.00269856      4.86316 
    0.00271389      4.50831 
    0.00272135      4.30822 
    0.00272557      4.17388 
    0.00272904      4.04455 
    0.00273234      3.89731 
    0.00273471      3.77195 
    0.00273707      3.62307 
    0.00273872      3.50016 
    0.00274038      3.35689 
    0.00274187      3.20444 
    0.00274305       3.0644 
    0.00274424      2.90231 
    0.00274502      2.77919 
    0.00274581      2.64148 
     0.0027466      2.48649 
    0.00274719      2.35696 
    0.00274778      2.21427 
    0.00274821      2.10026 
    0.00274865      1.97757 
    0.00274908      1.84564 
    0.00274951       1.7044 
     0.0027501      1.49914 
     0.0027506      1.32619 
    0.00275079      1.26166 
    0.00275099      1.20404 
    0.00275114       1.1676 
    0.00275124       1.1479 
    0.00275135      1.13395 
    0.00275145      1.12719 
     0.0027515      1.12702 
    0.00275158      1.13148 
    0.00275166       1.1424 
    0.00275173      1.16082 
    0.00275181      1.18792 
    0.00275189        1.225 
    0.00275195      1.26334 
    0.00275201       1.3041 
    0.00275206      1.35201 
    0.00275212       1.4078 
    0.00275217      1.47216 
    0.00275223      1.54593 
    0.00275228      1.62995 
    0.00275234      1.72515 
    0.00275239      1.83248 
    0.00275245      1.95299 
    0.00275251      2.08774 
    0.00275255       2.1984 
    0.00275259      2.31814 
    0.00275263      2.44753 
    0.00275267      2.58708 
    0.00275271      2.73741 
    0.00275275      2.89905 
    0.00275279      3.07264 
    0.00275285      3.32844 
    0.00275289      3.54777 
    0.00275294      3.78339 
    0.00275298      4.03606 
    0.00275304      4.40103 
     0.0027531      4.75854 
    0.00275314      5.10074 
    0.00275319      5.46704 
    0.00275324      5.85859 
    0.00275329      6.34885 
    0.00275336      6.95552 
    0.00275341        7.529 
    0.00275346      8.05368 
    0.00275352      8.80292 
    0.00275359      9.66397 
    0.00275364      10.3694 
    0.00275371       11.416 
    0.00275378      12.5964 
    0.00275386      13.9069 
    0.00275392      15.0748 
      0.002754      16.5576 
    0.00275406      17.8882 
    0.00275414      19.5672 
    0.00275421      21.4521 
     0.0027543      23.6653 
    0.00275438       25.694 
    0.00275446      28.0606 
    0.00275455      30.9227 
    0.00275465      33.9441 
    0.00275475      37.3864 
    0.00275487      41.5551 
    0.00275502      47.2391 
     0.0027553      57.8735 
    0.00275557      68.4472 
    0.00275572      74.1005 
    0.00275586      78.9882 
    0.00275598      83.0998 
     0.0027561       86.645 
    0.00275622      89.6263 
    0.00275634      92.3266 
    0.00275647      94.7762 
    0.00275658      96.2807 
    0.00275671      97.3698 
    0.00275682      97.8432 
    0.00275686      97.8842 
      0.002757      97.5442 
    0.00275713       96.527 
    0.00275724       95.142 
    0.00275736      93.3151 
    0.00275748      90.8114 
    0.00275761      87.8659 
    0.00275774      84.4551 
    0.00275787      80.7215 
    0.00275808      73.9182 
    0.00275862      56.4439 
    0.00275877       51.517 
    0.00275893      46.8495 
    0.00275909      42.4938 
    0.00275921      39.4539 
    0.00275932      36.6186 
    0.00275944      33.9916 
    0.00275956       31.573 
    0.00275966      29.6779 
    0.00275976      27.9268 
    0.00275986      26.3141 
    0.00275996      24.8338 
    0.00276006      23.4788 
    0.00276016      22.2417 
    0.00276026      21.1147 
    0.00276036      20.0899 
    0.00276047      19.0876 
    0.00276058      18.1858 
    0.00276069      17.3748 
     0.0027608      16.6456 
    0.00276094      15.7861 
    0.00276109      15.0388 
    0.00276123      14.3873 
    0.00276138      13.8172 
    0.00276152      13.3162 
    0.00276171      12.7402 
    0.00276191      12.2466 
     0.0027621      11.8191 
    0.00276239      11.2745 
    0.00276267      10.8187 
    0.00276296      10.4296 
    0.00276325      10.0866 
    0.00276365      9.69018 
    0.00276404       9.3515 
    0.00276444      9.05787 
    0.00276497      8.71748 
     0.0027653      8.52984 
    0.00276597      8.20353 
    0.00276664      7.92904 
    0.00276731      7.69462 
     0.0027681      7.45894 
    0.00276928       7.1672 
    0.00277046      6.93048 
    0.00277164      6.73428 
    0.00277282      6.56883 
     0.0027744      6.38446 
    0.00277597      6.23136 
    0.00277834      6.04443 
    0.00277991      5.94117 
    0.00278306      5.77147 
    0.00278621      5.63721 
    0.00279046      5.49415 
    0.00279472      5.38092 
    0.00280023      5.26427 
    0.00280574      5.17086 
    0.00281582      5.03887 
    0.00282748      4.92512 
    0.00284401       4.8045 
    0.00286685      4.68193 
    0.00289696      4.56177 
    0.00293387      4.44841 
     0.0029892      4.31387 
    0.00307094      4.15085 
    0.00329913      3.73942 
    0.00337613      3.58022 
     0.0034323      3.44319 
    0.00347439      3.31845 
    0.00350475      3.20799 
    0.00352752      3.10647 
     0.0035427      3.02513 
    0.00355512      2.94689 
    0.00356892      2.84223 
    0.00357772      2.76206 
    0.00358652      2.66715 
    0.00359238      2.59334 
    0.00359859      2.50293 
     0.0036048      2.39626 
    0.00360946      2.30244 
    0.00361412       2.1933 
    0.00361722      2.10993 
    0.00362084      1.99936 
    0.00362326      1.91616 
    0.00362567      1.82378 
    0.00362774      1.73607 
    0.00362947      1.65608 
    0.00363119      1.56897 
    0.00363292      1.47382 
    0.00363464      1.36957 
    0.00363594      1.28472 
    0.00363723      1.19358 
    0.00363852      1.09564 
    0.00363982      0.99044 
    0.00364111      0.87764 
    0.00364219     0.777779 
    0.00364327      0.67285 
    0.00364452     0.545848 
    0.00364637     0.353736 
    0.00364698     0.293304 
    0.00364741     0.252064 
    0.00364769     0.226525 
     0.0036479     0.207749 
    0.00364812     0.189884 
    0.00364833     0.173089 
    0.00364851     0.160544 
     0.0036487     0.147521 
    0.00364883     0.139558 
    0.00364896     0.132237 
    0.00364907     0.126402 
    0.00364919     0.121148 
     0.0036493     0.116522 
    0.00364941     0.112576 
    0.00364953     0.109164 
    0.00364966     0.106669 
    0.00364976     0.105274 
    0.00364986     0.104761 
    0.00364988     0.104749 
    0.00364996     0.105016 
    0.00365006     0.106065 
    0.00365013     0.107404 
     0.0036502     0.109014 
    0.00365028     0.111611 
    0.00365035     0.114534 
    0.00365042     0.117622 
    0.00365048     0.121195 
    0.00365054     0.125274 
    0.00365062     0.130501 
     0.0036507     0.137142 
    0.00365078     0.145015 
    0.00365086     0.153382 
    0.00365093     0.161362 
    0.00365101     0.172466 
    0.00365111     0.185869 
    0.00365117     0.196279 
    0.00365124     0.208167 
    0.00365131     0.221788 
    0.00365138     0.237383 
    0.00365147     0.256122 
    0.00365154     0.272764 
     0.0036516     0.290655 
    0.00365168     0.313211 
    0.00365176     0.337688 
    0.00365185     0.365918 
    0.00365194     0.400349 
    0.00365203     0.438142 
     0.0036521     0.466799 
    0.00365217     0.498913 
    0.00365224     0.533255 
    0.00365231     0.569969 
    0.00365238     0.614307 
    0.00365247     0.667625 
    0.00365256     0.725562 
    0.00365264     0.788518 
    0.00365273     0.856942 
    0.00365282     0.931325 
     0.0036529       1.0122 
    0.00365299      1.10018 
    0.00365306      1.17612 
    0.00365313      1.26796 
    0.00365321      1.36714 
    0.00365329      1.47429 
    0.00365337      1.59011 
    0.00365345      1.71533 
    0.00365352      1.85087 
     0.0036536      1.99756 
    0.00365368      2.15643 
    0.00365376      2.32856 
    0.00365383      2.51518 
    0.00365392      2.74109 
    0.00365401      3.00143 
     0.0036541      3.28786 
    0.00365419      3.60326 
    0.00365428      3.95055 
    0.00365434      4.20144 
     0.0036544      4.46916 
    0.00365446      4.75471 
    0.00365452      5.05936 
    0.00365458      5.38432 
    0.00365464      5.73104 
     0.0036547      6.10083 
    0.00365476      6.49528 
    0.00365483      6.91587 
    0.00365489      7.36444 
    0.00365495      7.84255 
    0.00365501      8.35215 
    0.00365507      8.89502 
    0.00365513      9.47338 
    0.00365522      10.4118 
    0.00365531      11.4417 
     0.0036554      12.5714 
    0.00365549      13.8088 
    0.00365558      15.1625 
    0.00365567      16.6415 
    0.00365576       18.255 
    0.00365585      20.0125 
    0.00365594      21.9238 
    0.00365603      23.9982 
    0.00365612      26.2461 
    0.00365621      28.6765 
     0.0036563      31.2993 
    0.00365639      34.1234 
    0.00365649      37.1577 
    0.00365658      40.4098 
    0.00365667      43.8873 
    0.00365676      47.5957 
    0.00365685      51.4261 
    0.00365696      56.8862 
    0.00365708      62.7546 
    0.00365717      67.4239 
    0.00365728      73.5066 
    0.00365743      82.4637 
    0.00365758      92.0359 
    0.00365772      101.932 
    0.00365792      115.679 
    0.00365818      135.281 
    0.00365868      173.142 
    0.00365888      188.125 
    0.00365909      201.991 
     0.0036593        214.3 
    0.00365943      221.438 
    0.00365958      228.015 
    0.00365974      233.668 
    0.00365987      237.088 
    0.00366003      239.953 
    0.00366013      240.892 
    0.00366022      241.139 
    0.00366039       240.23 
    0.00366053      237.994 
    0.00366068      234.471 
    0.00366082      229.741 
    0.00366097      223.905 
    0.00366116      214.606 
    0.00366138      202.226 
     0.0036616       188.46 
    0.00366195      165.387 
    0.00366236      137.412 
    0.00366257      124.054 
    0.00366276      112.247 
    0.00366293      102.741 
    0.00366309      93.8609 
    0.00366326      85.6426 
    0.00366342      78.0992 
    0.00366353      73.4445 
    0.00366367      67.9095 
     0.0036638      63.2565 
    0.00366393      58.9795 
    0.00366406      55.0591 
    0.00366419      51.4761 
    0.00366432      48.2084 
    0.00366445      45.2338 
    0.00366458      42.5297 
    0.00366471      40.0744 
    0.00366484      37.8461 
    0.00366497      35.8246 
     0.0036651      33.9895 
    0.00366523      32.3235 
    0.00366531      31.2981 
    0.00366549      29.4311 
    0.00366566      27.7812 
    0.00366583       26.318 
      0.003666      25.0157 
    0.00366618      23.8516 
    0.00366635      22.8065 
    0.00366656      21.6862 
    0.00366676      20.6901 
    0.00366697      19.7985 
    0.00366718      18.9959 
    0.00366749      17.9307 
     0.0036678      17.0025 
      0.003668       16.447 
    0.00366832      15.6833 
    0.00366863       15.003 
    0.00366895      14.3928 
    0.00366942      13.5865 
    0.00366989      12.8875 
    0.00367037      12.2755 
    0.00367093      11.6343 
    0.00367155       11.033 
    0.00367216      10.5106 
    0.00367278      10.0525 
    0.00367339      9.64769 
    0.00367423      9.16438 
    0.00367509      8.73764 
    0.00367596      8.36718 
    0.00367682      8.04267 
    0.00367794      7.67658 
    0.00367898      7.38414 
    0.00368001      7.12715 
    0.00368139      6.82928 
    0.00368277      6.57285 
     0.0036845      6.29853 
    0.00368622      6.06491 
    0.00368794      5.86354 
    0.00369053       5.6086 
    0.00369312      5.39718 
    0.00369571      5.21893 
    0.00369804      5.08082 
    0.00370097      4.93041 
    0.00370537      4.74271 
    0.00370985      4.58639 
    0.00371451      4.45158 
    0.00372072      4.30367 
    0.00372702      4.18074 
    0.00373621      4.03551 
    0.00374489      3.92475 
    0.00375694      3.79885 
    0.00377195      3.67303 
    0.00379124      3.54247 
    0.00381054      3.43378 
    0.00384055      3.29019 
    0.00388343      3.11307 
    0.00402062      2.59475 
    0.00407207      2.38673 
    0.00411495       2.1994 
    0.00414925      2.03724 
    0.00418355      1.86188 
    0.00420927       1.7202 
      0.004235      1.56852 
    0.00426072      1.40567 
    0.00427788      1.29032 
    0.00429931      1.13789 
    0.00431646      1.00924 
    0.00433361      0.87457 
    0.00435291     0.716423 
    0.00437274     0.548195 
    0.00439525     0.355443 
    0.00440409     0.281732 
    0.00441052     0.229941 
    0.00441534     0.192535 
    0.00441936     0.162632 
    0.00442258      0.13975 
    0.00442526     0.121493 
    0.00442794     0.104076 
    0.00442995    0.0916211 
    0.00443196    0.0797534 
    0.00443356    0.0707293 
    0.00443504    0.0628506 
    0.00443638    0.0560346 
    0.00443772     0.049569 
    0.00443872    0.0449622 
    0.00443973    0.0405737 
    0.00444082    0.0360771 
    0.00444169    0.0326821 
    0.00444256    0.0294745 
    0.00444341     0.026518 
    0.00444422     0.023913 
    0.00444482    0.0220762 
    0.00444542    0.0203428 
    0.00444603    0.0187157 
     0.0044466    0.0172589 
    0.00444713    0.0160186 
    0.00444766    0.0148662 
    0.00444819    0.0138037 
    0.00444871    0.0128331 
    0.00444924    0.0119567 
    0.00444969    0.0112819 
    0.00445015    0.0106793 
     0.0044506    0.0101502 
    0.00445105   0.00969624 
    0.00445139    0.0094059 
    0.00445173   0.00915933 
    0.00445207   0.00895716 
    0.00445241    0.0088001 
    0.00445275   0.00868884 
    0.00445316   0.00861611 
    0.00445339    0.0086062 
    0.00445371   0.00862953 
    0.00445409   0.00871251 
    0.00445447   0.00885652 
    0.00445484   0.00906262 
    0.00445522   0.00933184 
    0.00445547    0.0095469 
    0.00445585    0.0099237 
    0.00445623    0.0103665 
     0.0044566    0.0108763 
    0.00445698    0.0114544 
    0.00445736    0.0121018 
    0.00445773    0.0128197 
    0.00445811    0.0136093 
    0.00445849    0.0144719 
    0.00445894    0.0156051 
    0.00445939    0.0168474 
    0.00445984     0.018201 
    0.00446029    0.0196683 
    0.00446075    0.0212516 
     0.0044612    0.0229533 
    0.00446165     0.024776 
     0.0044621     0.026722 
    0.00446256    0.0287942 
    0.00446316    0.0317579 
    0.00446366    0.0344071 
    0.00446419    0.0373691 
    0.00446472    0.0405202 
    0.00446524    0.0438652 
    0.00446595    0.0486349 
    0.00446655    0.0530003 
    0.00446719    0.0579323 
    0.00446782    0.0631809 
    0.00446846    0.0687556 
     0.0044691     0.074666 
    0.00446976    0.0811421 
    0.00447046    0.0884665 
    0.00447117    0.0962397 
    0.00447187     0.104477 
    0.00447281      0.11621 
    0.00447356     0.126237 
     0.0044744     0.138225 
    0.00447525     0.150995 
    0.00447609     0.164578 
    0.00447694     0.179008 
    0.00447778     0.194321 
    0.00447872      0.21255 
    0.00447967     0.231985 
    0.00448061     0.252682 
    0.00448156     0.274702 
     0.0044825      0.29811 
    0.00448346     0.323337 
    0.00448443     0.350328 
    0.00448539     0.378994 
    0.00448635     0.409419 
    0.00448764     0.452879 
    0.00448871     0.491771 
    0.00448984      0.53539 
    0.00449096     0.582031 
    0.00449209     0.631883 
    0.00449321     0.685145 
    0.00449434     0.742035 
    0.00449547     0.802782 
    0.00449659     0.867637 
    0.00449772     0.936866 
    0.00449884      1.01076 
    0.00449997      1.08962 
    0.00450125      1.18627 
    0.00450254       1.2904 
    0.00450383      1.40259 
    0.00450511      1.52349 
     0.0045064      1.65383 
    0.00450769      1.79436 
    0.00450897      1.94596 
    0.00451026      2.10955 
    0.00451154      2.28618 
    0.00451283      2.47699 
    0.00451412      2.68325 
     0.0045154      2.90636 
    0.00451669      3.14787 
    0.00451798      3.40951 
    0.00451926      3.69321 
    0.00452055      4.00111 
    0.00452183      4.33562 
    0.00452312      4.69942 
    0.00452441      5.09553 
    0.00452569      5.52737 
    0.00452698      5.99877 
    0.00452829       6.5253 
    0.00452962      7.10905 
    0.00453094       7.7511 
    0.00453227      8.45868 
     0.0045336      9.23991 
    0.00453487      10.0637 
    0.00453601      10.8841 
    0.00453716      11.7823 
    0.00453831      12.7672 
    0.00453946      13.8494 
    0.00454061      15.0413 
    0.00454171      16.2898 
     0.0045428      17.6646 
    0.00454389      19.1812 
    0.00454499       20.858 
    0.00454608      22.7163 
    0.00454713       24.696 
    0.00454816      26.8451 
    0.00454885      28.4068 
    0.00454953      30.0826 
    0.00455022       31.883 
     0.0045509      33.8195 
    0.00455159       35.905 
    0.00455223      38.0083 
    0.00455313      41.2196 
    0.00455403      44.7796 
    0.00455463      47.3697 
    0.00455523      50.1516 
    0.00455583      53.1429 
    0.00455643      56.3632 
    0.00455725      61.1388 
    0.00455802      66.1442 
    0.00455879      71.6778 
    0.00455956      77.8074 
    0.00456034      84.6093 
    0.00456109      91.9501 
    0.00456179      99.6112 
     0.0045625      108.079 
    0.00456321       117.45 
    0.00456392      127.832 
    0.00456462      139.343 
    0.00456527      150.894 
    0.00456591      163.581 
    0.00456655      177.506 
     0.0045672      192.769 
    0.00456784      209.463 
    0.00456852      228.933 
    0.00456923      250.873 
    0.00456994       274.71 
    0.00457065      300.369 
    0.00457135      327.663 
    0.00457257      377.174 
     0.0045738       428.56 
    0.00457478      467.446 
    0.00457552      493.485 
    0.00457607      510.072 
    0.00457666      525.141 
    0.00457725      536.559 
    0.00457784      543.941 
    0.00457833      546.816 
    0.00457851      547.152 
    0.00457904      545.754 
    0.00457958      541.001 
    0.00458011      533.103 
    0.00458064      522.363 
    0.00458134      504.267 
    0.00458205      482.761 
    0.00458311      446.313 
    0.00458546      361.104 
    0.00458649      326.098 
    0.00458726      301.678 
    0.00458803      279.013 
    0.00458889       255.94 
    0.00458949      241.088 
    0.00459009      227.263 
    0.00459069      214.416 
    0.00459129       202.49 
    0.00459189      191.427 
    0.00459249      181.166 
    0.00459309      171.648 
    0.00459378      161.608 
    0.00459446      152.385 
    0.00459515      143.904 
    0.00459584      136.097 
    0.00459652      128.901 
    0.00459721       122.26 
    0.00459824      113.226 
    0.00459901      107.103 
    0.00459987      100.877 
    0.00460072      95.1961 
    0.00460158      89.9997 
    0.00460244       85.236 
     0.0046033      80.8595 
    0.00460415      76.8303 
    0.00460544      71.3615 
    0.00460676      66.3791 
    0.00460808      61.9376 
    0.00460939      57.9618 
    0.00461071      54.3894 
    0.00461203      51.1679 
    0.00461321       48.547 
    0.00461469      45.5607 
    0.00461617      42.8663 
    0.00461765      40.4272 
    0.00461913      38.2134 
    0.00462061      36.1983 
    0.00462209      34.3587 
    0.00462357      32.6733 
    0.00462516       31.005 
    0.00462688      29.3679 
    0.00462859      27.8728 
    0.00463031      26.5036 
    0.00463202      25.2459 
     0.0046346       23.542 
    0.00463717      22.0267 
    0.00463974      20.6717 
    0.00464231       19.454 
    0.00464489      18.3544 
    0.00464746      17.3571 
    0.00465003      16.4488 
    0.00465346      15.3574 
    0.00465689      14.3829 
    0.00466032      13.5077 
    0.00466375      12.7174 
    0.00466734        11.97 
    0.00467109      11.2619 
    0.00467484      10.6165 
     0.0046786      10.0265 
     0.0046824      9.47795 
    0.00468626      8.96633 
    0.00469012      8.49395 
    0.00469591      7.84823 
    0.00470194       7.2435 
    0.00470797      6.69644 
    0.00471198      6.35901 
    0.00471862      5.84305 
    0.00472525      5.37015 
    0.00473222      4.91245 
     0.0047392       4.4868 
    0.00474704      4.04149 
    0.00475489      3.62519 
    0.00476253      3.24387 
    0.00477016      2.88211 
     0.0047778      2.53749 
    0.00478543      2.20786 
    0.00479273      1.90586 
    0.00480003      1.61608 
    0.00480656      1.36729 
    0.00481216      1.16271 
    0.00481632      1.01586 
    0.00482039     0.877513 
    0.00482446      0.74499 
    0.00482786     0.639501 
    0.00483091     0.548885 
    0.00483346     0.476787 
    0.00483566     0.417096 
    0.00483778     0.362486 
    0.00483948     0.320908 
    0.00484105     0.284226 
    0.00484253     0.251199 
    0.00484402     0.219899 
    0.00484521     0.196182 
    0.00484627     0.176064 
    0.00484729      0.15774 
     0.0048483      0.14043 
    0.00484907      0.12814 
       0.00485     0.113957 
    0.00485085     0.101893 
    0.00485149    0.0933822 
    0.00485212    0.0853471 
    0.00485276    0.0778022 
    0.00485331    0.0716715 
    0.00485382    0.0663581 
    0.00485433    0.0613852 
    0.00485484    0.0567609 
    0.00485535    0.0524941 
    0.00485588    0.0484387 
    0.00485626    0.0457702 
    0.00485664    0.0433166 
    0.00485702    0.0410816 
     0.0048574    0.0390693 
    0.00485779    0.0372838 
    0.00485817    0.0357291 
    0.00485855    0.0344096 
    0.00485895    0.0332766 
    0.00485927    0.0325741 
    0.00485959    0.0320438 
    0.00485991    0.0316884 
    0.00486028    0.0314983 
    0.00486038     0.031489 
    0.00486075    0.0316162 
    0.00486107    0.0319255 
    0.00486139    0.0324228 
    0.00486171    0.0331111 
    0.00486203    0.0339932 
    0.00486235    0.0350724 
    0.00486266    0.0363516 
    0.00486298    0.0378341 
     0.0048633    0.0395232 
    0.00486362     0.041422 
    0.00486398    0.0438318 
    0.00486428    0.0460255 
    0.00486457     0.048411 
    0.00486502    0.0523551 
    0.00486546    0.0567474 
    0.00486591    0.0615976 
    0.00486635    0.0669164 
     0.0048668    0.0727143 
    0.00486724    0.0790025 
    0.00486769    0.0857919 
    0.00486814    0.0930943 
    0.00486858     0.100921 
    0.00486903     0.109286 
    0.00486947       0.1182 
    0.00486992     0.127677 
    0.00487051     0.141211 
    0.00487096     0.152053 
    0.00487153     0.166889 
     0.0048721      0.18276 
    0.00487267     0.199697 
    0.00487325     0.217731 
    0.00487382     0.236896 
    0.00487444     0.258778 
    0.00487507     0.282876 
    0.00487571     0.308509 
    0.00487634     0.335732 
    0.00487698     0.364602 
    0.00487762     0.395175 
    0.00487847     0.438696 
    0.00487931     0.485503 
    0.00488016     0.535752 
    0.00488105     0.592401 
    0.00488182     0.644275 
    0.00488258     0.699356 
    0.00488334     0.757781 
    0.00488411       0.8197 
    0.00488487     0.885266 
    0.00488576     0.966592 
    0.00488665      1.05338 
    0.00488754      1.14592 
    0.00488843      1.24451 
    0.00488933      1.34949 
    0.00489022      1.46121 
    0.00489111      1.58002 
      0.004892      1.70633 
    0.00489289      1.84055 
    0.00489408      2.03259 
    0.00489505      2.20226 
    0.00489607      2.39156 
    0.00489709      2.59417 
    0.00489811      2.81097 
    0.00489913      3.04291 
    0.00490018      3.30066 
    0.00490131      3.59782 
    0.00490245      3.91816 
    0.00490358       4.2635 
    0.00490471      4.63588 
    0.00490584      5.03749 
    0.00490695      5.46062 
    0.00490806      5.91628 
    0.00490917      6.40706 
    0.00491027      6.93588 
    0.00491138      7.50611 
    0.00491255      8.15596 
    0.00491374       8.8795 
    0.00491494      9.66616 
    0.00491614      10.5218 
    0.00491733      11.4531 
    0.00491854      12.4754 
    0.00491976      13.6074 
    0.00492098      14.8458 
     0.0049222       16.202 
    0.00492342      17.6891 
    0.00492465      19.3217 
    0.00492587      21.1165 
    0.00492709      23.0923 
    0.00492831      25.2707 
    0.00492913      26.8474 
    0.00492994       28.533 
    0.00493075      30.3361 
    0.00493184      32.9394 
    0.00493286      35.6071 
    0.00493388      38.5184 
    0.00493489      41.7004 
    0.00493591      45.1839 
    0.00493693      49.0035 
    0.00493795      53.1968 
    0.00493897      57.8058 
    0.00493999      62.8776 
      0.004941      68.4658 
    0.00494202      74.6301 
    0.00494294      80.7262 
    0.00494385      87.3977 
    0.00494477      94.7044 
    0.00494569      102.712 
     0.0049466      111.491 
    0.00494752      121.118 
    0.00494844      131.675 
    0.00494935      143.246 
    0.00495027      155.921 
    0.00495119      169.786 
    0.00495214       185.51 
    0.00495315      203.972 
    0.00495417      224.179 
    0.00495519      246.163 
    0.00495621      269.891 
    0.00495723       295.24 
    0.00495865      332.986 
     0.0049615      411.757 
    0.00496293      448.985 
    0.00496397      473.439 
    0.00496476      489.496 
    0.00496554      503.151 
    0.00496632      514.066 
    0.00496711      521.987 
    0.00496787      526.658 
    0.00496863      528.318 
    0.00496938      527.062 
    0.00497012      523.077 
    0.00497087      516.568 
    0.00497162      507.795 
    0.00497274      491.069 
    0.00497386      471.052 
    0.00497555      436.854 
    0.00497888      366.614 
     0.0049803      338.125 
    0.00498173      311.516 
    0.00498315      287.035 
    0.00498458      264.736 
      0.004986      244.557 
    0.00498743      226.368 
    0.00498886      210.005 
    0.00498981      200.026 
    0.00499103      188.193 
    0.00499225      177.384 
    0.00499347      167.502 
    0.00499469      158.456 
    0.00499591      150.163 
    0.00499714      142.549 
    0.00499836      135.547 
    0.00499958      129.097 
    0.00500094      122.511 
     0.0050023      116.475 
    0.00500365      110.931 
    0.00500569      103.427 
    0.00500773      96.7695 
    0.00500976      90.8367 
    0.00501183      85.4435 
    0.00501392      80.5678 
    0.00501601      76.1803 
    0.00501809      72.2173 
    0.00502018      68.6263 
    0.00502247      65.0664 
    0.00502515      61.3131 
    0.00502784      57.9502 
    0.00503052      54.9298 
    0.00503321      52.2076 
    0.00503589      49.7446 
    0.00503876      47.3685 
    0.00504162      45.2103 
    0.00504544      42.6268 
    0.00504926      40.3337 
    0.00505286       38.395 
    0.00505626      36.7438 
    0.00506135      34.5359 
    0.00506644      32.6002 
    0.00507153      30.8911 
    0.00507662      29.3724 
    0.00508171       28.015 
     0.0050851      27.1878 
    0.00509189      25.6938 
    0.00509868      24.3821 
    0.00510546       23.222 
    0.00511225        22.19 
    0.00511904      21.2679 
    0.00512651      20.3554 
    0.00513397      19.5379 
    0.00514492      18.4832 
     0.0051562      17.5416 
    0.00516766       16.709 
    0.00517911       15.978 
    0.00519311      15.1986 
    0.00520796      14.4813 
    0.00522323      13.8392 
     0.0052385      13.2766 
    0.00525886      12.6264 
    0.00527923       12.068 
    0.00529959      11.5829 
    0.00531995      11.1577 
     0.0053471      10.6654 
    0.00537425      10.2416 
     0.0054014      9.87271 
    0.00542855      9.54848 
    0.00546927      9.12908 
       0.00551       8.7731 
    0.00555072      8.46662 
    0.00560502      8.11789 
    0.00565933       7.8234 
     0.0057272      7.50961 
    0.00580865      7.19669 
     0.0058901      6.93433 
    0.00598512      6.67573 
     0.0061073      6.39699 
    0.00624305      6.13856 
    0.00640595      5.87753 
    0.00657891      5.63842 
    0.00684105      5.32289 
    0.00747888       4.6201 
     0.0077052      4.34159 
     0.0078698       4.1089 
    0.00799325      3.90807 
    0.00809612      3.71619 
    0.00818871      3.51739 
    0.00826073      3.34068 
    0.00832245      3.16926 
    0.00838417      2.97489 
    0.00843561      2.79092 
    0.00847676      2.62665 
    0.00850763      2.49212 
    0.00853849      2.34545 
    0.00856935      2.18551 
    0.00860021      2.01052 
    0.00862079      1.88451 
    0.00864136      1.75031 
    0.00866194       1.6073 
    0.00868251       1.4549 
    0.00869859      1.32908 
    0.00871595      1.18631 
    0.00873331      1.03653 
    0.00875041     0.882647 
    0.00876983     0.701829 
    0.00879876     0.428205 
    0.00880802     0.342816 
    0.00881522     0.278629 
    0.00882037     0.234495 
    0.00882487     0.197359 
    0.00882872     0.166913 
    0.00883168     0.144611 
    0.00883425     0.126036 
    0.00883683     0.108307 
    0.00883888    0.0947888 
    0.00884081    0.0826997 
    0.00884235     0.073469 
     0.0088439    0.0646598 
    0.00884531    0.0569773 
     0.0088466     0.050336 
    0.00884788    0.0440366 
    0.00884891    0.0392543 
    0.00884994    0.0347104 
    0.00885091    0.0306756 
    0.00885187    0.0268674 
    0.00885274    0.0236406 
    0.00885354     0.020828 
    0.00885419    0.0187027 
    0.00885483    0.0166912 
    0.00885547    0.0147961 
    0.00885599    0.0133659 
     0.0088565    0.0120134 
    0.00885689     0.011051 
    0.00885727    0.0101339 
    0.00885766   0.00926266 
    0.00885814   0.00823918 
    0.00885843   0.00766061 
    0.00885875   0.00704934 
    0.00885907   0.00647179 
    0.00885939   0.00592832 
    0.00885971   0.00541936 
       0.00886   0.00499113 
    0.00886029    0.0045915 
    0.00886058   0.00422075 
    0.00886087   0.00387923 
    0.00886113   0.00360041 
    0.00886139   0.00334515 
    0.00886164   0.00311367 
    0.00886184   0.00295579 
    0.00886203   0.00281151 
    0.00886222   0.00268092 
    0.00886242   0.00256413 
    0.00886261   0.00246123 
     0.0088628   0.00237232 
      0.008863   0.00229609 
     0.0088632   0.00223246 
    0.00886341   0.00218498 
    0.00886361   0.00215377 
    0.00886382   0.00213895 
    0.00886389   0.00213767 
    0.00886409    0.0021449 
     0.0088643   0.00216881 
     0.0088645   0.00220954 
    0.00886471   0.00226721 
    0.00886491   0.00234194 
    0.00886512   0.00243387 
    0.00886531   0.00253623 
     0.0088655   0.00265404 
    0.00886569   0.00278743 
    0.00886589    0.0029365 
    0.00886608   0.00310137 
    0.00886626   0.00326647 
    0.00886648   0.00349607 
    0.00886671   0.00374765 
    0.00886693   0.00402139 
    0.00886719   0.00436162 
    0.00886733   0.00456592 
    0.00886762    0.0050027 
    0.00886791   0.00547739 
     0.0088682   0.00599038 
    0.00886852   0.00660583 
    0.00886885   0.00726965 
    0.00886917   0.00798245 
    0.00886949   0.00874477 
    0.00886987   0.00972586 
    0.00887026    0.0107802 
    0.00887065    0.0119089 
    0.00887103    0.0131129 
    0.00887148    0.0146144 
    0.00887193    0.0162216 
    0.00887238    0.0179366 
    0.00887283    0.0197609 
    0.00887335    0.0219822 
    0.00887386    0.0243515 
    0.00887437    0.0268718 
    0.00887489    0.0295458 
    0.00887553    0.0331093 
    0.00887617    0.0369237 
    0.00887682    0.0409952 
    0.00887746      0.04533 
    0.00887804     0.049462 
    0.00887881    0.0553196 
    0.00887958    0.0615861 
    0.00888035    0.0682739 
    0.00888122     0.076317 
    0.00888212    0.0852582 
    0.00888302    0.0948316 
    0.00888392     0.105059 
    0.00888492     0.117173 
    0.00888595      0.13058 
    0.00888698     0.144939 
    0.00888801     0.160286 
     0.0088889     0.174558 
    0.00888987     0.190754 
    0.00889083     0.207923 
     0.0088918     0.226102 
    0.00889276     0.245329 
    0.00889379     0.267039 
    0.00889495     0.293008 
    0.00889611     0.320685 
    0.00889726     0.350151 
    0.00889842     0.381488 
    0.00889958     0.414786 
    0.00890074     0.450137 
    0.00890189     0.487639 
    0.00890305     0.527394 
    0.00890459     0.584095 
    0.00890575     0.629539 
     0.0089071     0.685901 
    0.00890845     0.746058 
     0.0089098     0.810233 
    0.00891115      0.87866 
     0.0089125     0.951593 
    0.00891401      1.03888 
     0.0089156      1.13771 
     0.0089172      1.24409 
    0.00891879      1.35857 
    0.00892038      1.48172 
    0.00892193      1.61087 
    0.00892341      1.74241 
    0.00892488      1.88314 
    0.00892636      2.03371 
    0.00892783      2.19482 
    0.00892931      2.36723 
    0.00893099      2.57806 
    0.00893267      2.80577 
    0.00893434       3.0517 
    0.00893602      3.31739 
     0.0089377      3.60462 
    0.00893947      3.93288 
    0.00894128      4.29942 
    0.00894309        4.699 
    0.00894491       5.1347 
    0.00894672      5.61009 
    0.00894855      6.13317 
     0.0089504      6.71385 
    0.00895225      7.35055 
     0.0089541      8.04943 
    0.00895595      8.81745 
    0.00895781      9.66244 
    0.00895935      10.4318 
    0.00896089      11.2666 
    0.00896244      12.1733 
    0.00896398      13.1589 
    0.00896552      14.2313 
    0.00896706      15.3991 
    0.00896861      16.6721 
    0.00897015       18.062 
    0.00897169       19.582 
    0.00897324      21.2468 
    0.00897478      23.0723 
    0.00897632      25.0761 
    0.00897787      27.2783 
    0.00897941      29.7015 
    0.00898095      32.3715 
     0.0089825       35.317 
    0.00898388      38.2304 
    0.00898527      41.4195 
    0.00898666      44.9136 
    0.00898805      48.7447 
    0.00898944      52.9482 
    0.00899083      57.5628 
    0.00899222        62.63 
    0.00899361      68.1947 
    0.00899499      74.3044 
    0.00899638      81.0082 
    0.00899772      88.0719 
    0.00899896        95.16 
    0.00900019      102.826 
    0.00900142      111.099 
    0.00900266      120.001 
    0.00900389      129.543 
    0.00900551      143.031 
    0.00900713      157.551 
    0.00900875      172.974 
      0.009012      205.564 
    0.00901486       234.28 
     0.0090166       250.41 
    0.00901777      260.123 
    0.00901893      268.737 
    0.00902009      276.045 
    0.00902125      281.876 
    0.00902255      286.463 
    0.00902361      288.683 
    0.00902468      289.472 
    0.00902595      288.579 
    0.00902722      285.797 
    0.00902849      281.304 
    0.00902977      275.327 
    0.00903147      265.493 
     0.0090337      250.248 
    0.00904042      199.903 
    0.00904265      184.083 
    0.00904484      169.713 
      0.009047      156.678 
    0.00904916      144.815 
    0.00905132      134.082 
    0.00905348      124.403 
    0.00905492      118.492 
    0.00905677      111.478 
    0.00905862      105.069 
    0.00906048      99.2088 
    0.00906233      93.8458 
    0.00906418      88.9313 
    0.00906603      84.4215 
    0.00906788      80.2766 
    0.00906973       76.461 
    0.00907179      72.5686 
    0.00907385       69.004 
    0.00907591      65.7325 
    0.00907899      61.3096 
    0.00908208      57.3908 
    0.00908517      53.9028 
    0.00908825      50.7851 
    0.00909134      47.9866 
    0.00909442      45.4649 
    0.00909751      43.1842 
     0.0091006      41.1146 
    0.00910382      39.1525 
    0.00910731      37.2267 
    0.00911196      34.9319 
    0.00911662      32.9023 
    0.00912127      31.1021 
    0.00912629      29.3795 
     0.0091313        27.85 
    0.00913632      26.4786 
    0.00914134       25.245 
    0.00914648       24.104 
    0.00915162      23.0718 
    0.00915934      21.6973 
    0.00916705      20.4974 
    0.00917477       19.442 
    0.00918249      18.5072 
     0.0091902      17.6742 
    0.00919792      16.9275 
     0.0092082      16.0449 
    0.00921849      15.2703 
    0.00922878      14.5853 
    0.00923907      13.9752 
    0.00925012      13.3918 
    0.00926196      12.8325 
    0.00927867      12.1416 
    0.00929526      11.5487 
    0.00931262      11.0069 
    0.00932998      10.5305 
    0.00934863      10.0773 
    0.00937178      9.58232 
    0.00939235      9.19174 
    0.00942321      8.67213 
    0.00945408       8.2097 
     0.0095158      7.37168 
    0.00955695      6.80324 
    0.00957753      6.48471 
    0.00959255      6.22253 
    0.00960675      5.93806 
    0.00961685      5.70414 
    0.00962694      5.43266 
    0.00963343      5.23165 
    0.00963992      5.00311 
    0.00964599      4.75709 
    0.00965124      4.51301 
    0.00965474      4.33019 
    0.00965824      4.12779 
    0.00966213      3.87521 
    0.00966472      3.68789 
    0.00966732      3.48288 
    0.00966975      3.27233 
    0.00967202       3.0576 
    0.00967429      2.82304 
    0.00967599      2.63266 
    0.00967769      2.42875 
    0.00967959      2.18451 
     0.0096811      1.97561 
    0.00968262      1.75465 
    0.00968418      1.51668 
    0.00968583       1.2515 
    0.00968825     0.859673 
    0.00968903      0.73758 
    0.00968957     0.655693 
    0.00969009     0.581812 
     0.0096905     0.526587 
    0.00969082     0.488029 
    0.00969107     0.458136 
    0.00969133     0.430609 
    0.00969159     0.405793 
    0.00969179     0.389198 
    0.00969194     0.377305 
    0.00969213     0.365135 
    0.00969231     0.354972 
    0.00969249     0.347015 
    0.00969264     0.342114 
    0.00969277     0.339498 
     0.0096929     0.338315 
    0.00969297     0.338292 
     0.0096931     0.339449 
    0.00969325     0.343088 
    0.00969341     0.349378 
    0.00969356     0.358104 
    0.00969369     0.368562 
    0.00969383     0.381583 
    0.00969397     0.397358 
     0.0096941     0.416095 
    0.00969424     0.438018 
    0.00969436     0.459532 
    0.00969447     0.483728 
    0.00969459     0.510786 
    0.00969469     0.535658 
     0.0096948      0.56846 
    0.00969493     0.606811 
    0.00969506     0.651606 
    0.00969516     0.690934 
    0.00969528     0.739133 
    0.00969539       0.7918 
    0.00969551     0.849231 
    0.00969563     0.911755 
    0.00969574     0.979707 
    0.00969586      1.05348 
    0.00969598      1.13345 
     0.0096961      1.22381 
    0.00969623      1.33008 
    0.00969636      1.44605 
     0.0096965      1.58226 
    0.00969665      1.73693 
    0.00969679      1.90676 
    0.00969691      2.05021 
    0.00969702      2.20429 
    0.00969713      2.36971 
    0.00969725      2.54722 
    0.00969737      2.74553 
    0.00969748      2.95872 
     0.0096976      3.18781 
    0.00969772      3.43383 
    0.00969786      3.75245 
      0.009698      4.09907 
    0.00969814      4.47591 
    0.00969828      4.88527 
    0.00969843      5.34246 
    0.00969858      5.83947 
    0.00969872      6.37936 
    0.00969887      6.96527 
    0.00969899      7.50675 
    0.00969912      8.08666 
    0.00969924      8.70735 
    0.00969936      9.37112 
    0.00969949      10.0805 
    0.00969961      10.8379 
    0.00969974      11.6459 
    0.00969986       12.507 
    0.00970003      13.7426 
    0.00970019      15.0836 
    0.00970036      16.5367 
    0.00970053      18.1079 
    0.00970069      19.8036 
    0.00970086      21.6295 
    0.00970105      23.8468 
    0.00970123      26.2438 
    0.00970142      28.8273 
    0.00970161      31.6027 
    0.00970177      34.2349 
    0.00970194      37.0245 
     0.0097021      39.9728 
    0.00970235      44.6924 
     0.0097026      49.7633 
    0.00970285      55.1732 
     0.0097031      60.9017 
    0.00970343      68.9845 
    0.00970385      79.6697 
    0.00970493      108.662 
     0.0097053      118.324 
    0.00970567      127.351 
    0.00970597       133.87 
    0.00970626      139.696 
     0.0097066      145.399 
    0.00970689      149.268 
    0.00970718      152.271 
    0.00970748       154.28 
    0.00970777      155.245 
    0.00970791      155.349 
     0.0097082      154.816 
    0.00970849      153.331 
    0.00970883      150.548 
    0.00970916      146.722 
    0.00970949      141.997 
    0.00970982      136.534 
     0.0097102      129.712 
    0.00971076      118.641 
    0.00971173      98.8925 
    0.00971215      90.9076 
    0.00971256      83.4015 
    0.00971298      76.4659 
    0.00971329      71.6684 
     0.0097136      67.2262 
    0.00971391      63.1361 
    0.00971422       59.388 
    0.00971453       55.966 
    0.00971478      53.4187 
    0.00971508      50.6618 
    0.00971538      48.1482 
    0.00971568      45.8574 
    0.00971597      43.7696 
    0.00971627      41.8656 
    0.00971671      39.3152 
    0.00971701      37.7946 
    0.00971747      35.6825 
    0.00971793      33.8269 
    0.00971839      32.1875 
    0.00971885      30.7306 
    0.00971931      29.4286 
    0.00971977      28.2587 
    0.00972047      26.7114 
    0.00972121       25.264 
    0.00972199      23.9647 
    0.00972277      22.8338 
    0.00972355      21.8406 
    0.00972433      20.9615 
    0.00972536      19.9354 
     0.0097264      19.0458 
    0.00972744      18.2673 
    0.00972848      17.5804 
    0.00972991      16.7545 
    0.00973128      16.0725 
    0.00973265      15.4763 
    0.00973448      14.7889 
    0.00973631      14.2002 
    0.00973858      13.5776 
    0.00974085      13.0491 
    0.00974312      12.5947 
    0.00974539      12.1997 
    0.00974798      11.8068 
    0.00975187      11.3097 
    0.00975576      10.8975 
    0.00975965      10.5498 
    0.00976354      10.2522 
    0.00976938      9.87704 
    0.00977599      9.52952 
      0.009783      9.22721 
       0.00979      8.97472 
    0.00979934      8.69503 
    0.00980867      8.46342 
    0.00982268      8.17982 
    0.00983772      7.93446 
     0.0098481      7.79101 
    0.00986885      7.54905 
     0.0098896      7.35021 
     0.0099145      7.15038 
    0.00995335      6.89502 
    0.00999867      6.65278 
     0.0100541       6.4075 
     0.0101316      6.12077 
     0.0102312      5.80595 
     0.0104528      5.18712 
     0.0105746      4.83564 
     0.0106632      4.54909 
     0.0107296      4.30382 
      0.010785      4.06853 
     0.0108293      3.85209 
     0.0108625      3.66783 
     0.0108957       3.4593 
     0.0109179      3.30355 
       0.01094      3.13161 
     0.0109622      2.94018 
     0.0109788      2.78135 
     0.0109954      2.60726 
      0.011012       2.4155 
     0.0110231      2.27647 
     0.0110342      2.12742 
     0.0110453      1.96734 
      0.011056      1.80088 
     0.0110664      1.62808 
     0.0110766       1.4457 
     0.0110842      1.30296 
     0.0110918      1.15362 
        0.0111     0.984264 
     0.0111094     0.783316 
     0.0111244     0.456427 
     0.0111289     0.362735 
     0.0111316     0.306059 
     0.0111341      0.25681 
     0.0111362     0.217409 
     0.0111379     0.185979 
     0.0111394     0.160737 
     0.0111408     0.137818 
     0.0111419     0.120367 
     0.0111429     0.105301 
     0.0111438     0.092933 
     0.0111446    0.0811858 
     0.0111453    0.0722671 
      0.011146    0.0633892 
     0.0111466    0.0569785 
     0.0111472    0.0508885 
     0.0111477    0.0451354 
     0.0111482    0.0400585 
     0.0111486    0.0362294 
     0.0111491    0.0326132 
     0.0111494    0.0300462 
     0.0111498    0.0268194 
     0.0111501    0.0247981 
     0.0111503    0.0228829 
     0.0111506    0.0211856 
     0.0111508     0.019689 
     0.0111511     0.018279 
     0.0111513    0.0169573 
     0.0111516    0.0154733 
     0.0111519    0.0142763 
     0.0111521    0.0131877 
     0.0111524     0.012208 
     0.0111526    0.0116175 
     0.0111527    0.0110776 
      0.011153    0.0104975 
     0.0111531    0.0100513 
     0.0111533    0.0096638 
     0.0111535   0.00937838 
     0.0111536   0.00913727 
     0.0111538   0.00893583 
      0.011154   0.00877518 
     0.0111541    0.0086682 
     0.0111543   0.00862021 
     0.0111544   0.00861027 
     0.0111545   0.00863421 
     0.0111547   0.00870628 
     0.0111549   0.00886461 
      0.011155   0.00905234 
     0.0111552   0.00926429 
     0.0111553   0.00951836 
     0.0111555   0.00984485 
     0.0111556    0.0102227 
     0.0111558    0.0106529 
     0.0111559    0.0111359 
     0.0111561    0.0116728 
     0.0111563    0.0123328 
     0.0111565    0.0130992 
     0.0111566    0.0139408 
     0.0111569    0.0151374 
     0.0111571     0.016463 
     0.0111573    0.0179778 
     0.0111575    0.0191486 
     0.0111578    0.0210453 
      0.011158    0.0224048 
     0.0111582    0.0241399 
     0.0111584    0.0259879 
     0.0111586    0.0279518 
     0.0111588    0.0300323 
     0.0111591    0.0329942 
     0.0111593    0.0361722 
     0.0111596    0.0395728 
     0.0111599     0.043199 
     0.0111602    0.0470591 
     0.0111604    0.0511551 
     0.0111607    0.0554945 
     0.0111611    0.0615672 
     0.0111613    0.0661732 
     0.0111617    0.0726721 
      0.011162    0.0795911 
     0.0111624    0.0869391 
     0.0111628    0.0963465 
     0.0111632     0.106412 
     0.0111636     0.117162 
      0.011164     0.128615 
     0.0111645     0.142907 
      0.011165     0.158231 
     0.0111655     0.174633 
      0.011166     0.192153 
     0.0111665     0.213613 
     0.0111671     0.236664 
     0.0111676     0.261387 
     0.0111682     0.287854 
     0.0111687     0.312296 
     0.0111693     0.347117 
       0.01117     0.384631 
     0.0111706     0.424984 
     0.0111711        0.462 
     0.0111717     0.503895 
     0.0111723      0.54853 
     0.0111729     0.596075 
     0.0111735     0.646651 
     0.0111741      0.70282 
     0.0111747      0.76776 
     0.0111754     0.837272 
     0.0111761     0.911614 
     0.0111767     0.991096 
     0.0111774      1.07601 
     0.0111781      1.17044 
     0.0111788      1.27152 
     0.0111794      1.37971 
     0.0111801      1.49545 
     0.0111808      1.61929 
     0.0111815      1.76006 
     0.0111823      1.91572 
      0.011183      2.08318 
     0.0111838      2.26339 
     0.0111845      2.45725 
     0.0111853      2.66589 
      0.011186      2.89041 
     0.0111868      3.13212 
     0.0111875      3.39234 
     0.0111883      3.67261 
      0.011189      3.97449 
     0.0111898      4.29995 
     0.0111905      4.65079 
     0.0111913      5.02925 
      0.011192      5.43763 
     0.0111928      5.87863 
     0.0111935      6.35505 
     0.0111942      6.87012 
      0.011195      7.42719 
     0.0111957      8.03035 
     0.0111965      8.68362 
     0.0111972      9.39189 
      0.011198      10.1603 
     0.0111987      10.9949 
     0.0111995      11.9017 
     0.0112002      12.8882 
      0.011201       13.962 
     0.0112017      15.1326 
     0.0112025      16.4092 
     0.0112032      17.8031 
      0.011204      19.3262 
     0.0112047      20.9926 
     0.0112055       22.817 
     0.0112062      24.8166 
      0.011207      27.0093 
     0.0112077      29.4167 
     0.0112085      32.0604 
     0.0112092      34.8535 
     0.0112098      37.6678 
     0.0112105      40.7303 
     0.0112112       44.062 
     0.0112118      47.6864 
     0.0112125      51.6263 
     0.0112132      55.9085 
     0.0112138      60.5551 
     0.0112145      65.5907 
     0.0112152      71.0366 
     0.0112158       76.913 
     0.0112165      83.2337 
     0.0112171       90.008 
     0.0112178      97.2337 
     0.0112187      107.555 
     0.0112196      118.599 
     0.0112206      132.502 
     0.0112233      168.851 
     0.0112243       182.75 
     0.0112251      192.382 
     0.0112259      201.041 
     0.0112267      208.483 
     0.0112275      214.493 
      0.011228      217.622 
     0.0112288      220.876 
     0.0112296      222.467 
       0.01123      222.629 
     0.0112307      221.823 
     0.0112314      219.826 
     0.0112321      216.739 
     0.0112327      212.686 
     0.0112337      206.021 
     0.0112346      198.236 
     0.0112359      185.197 
     0.0112392      152.845 
     0.0112403      141.916 
     0.0112415      131.687 
     0.0112427      122.235 
     0.0112439      112.799 
     0.0112448      106.787 
     0.0112457      101.205 
     0.0112466      96.0327 
     0.0112479      88.9799 
     0.0112493      82.6956 
     0.0112502      78.8889 
     0.0112513      74.5166 
     0.0112524      70.5331 
     0.0112535      66.8973 
     0.0112546      63.5732 
     0.0112557      60.5275 
     0.0112573      56.4195 
      0.011259      52.7904 
     0.0112607       49.569 
     0.0112623      46.6977 
      0.011264      44.1271 
     0.0112657      41.8165 
     0.0112673      39.7315 
     0.0112694      37.3992 
     0.0112717      35.1336 
      0.011274       33.133 
     0.0112762      31.3549 
     0.0112785      29.7658 
     0.0112812      28.0959 
     0.0112836      26.7981 
     0.0112859      25.6267 
     0.0112895      24.0688 
      0.011293      22.7104 
     0.0112965      21.5177 
     0.0113003      20.4052 
     0.0113044        19.32 
     0.0113086      18.3667 
     0.0113127      17.5233 
     0.0113155      17.0133 
      0.011321      16.0997 
     0.0113266      15.3054 
     0.0113321      14.6089 
     0.0113376      13.9933 
     0.0113432      13.4456 
     0.0113511      12.7633 
      0.011359      12.1719 
     0.0113667      11.6622 
     0.0113743       11.224 
     0.0113844      10.7122 
     0.0113948      10.2563 
     0.0114052      9.85791 
     0.0114163      9.48396 
     0.0114274      9.15293 
      0.011444       8.7211 
     0.0114606       8.3504 
     0.0114717      8.13026 
     0.0114938      7.74102 
     0.0115159      7.40529 
     0.0115381      7.10864 
     0.0115713      6.71763 
     0.0116045      6.37132 
     0.0116599      5.85081 
     0.0117485      5.05107 
     0.0117818       4.7293 
      0.011815      4.37794 
     0.0118371       4.1202 
     0.0118593      3.83659 
     0.0118759      3.60278 
     0.0118925      3.34683 
     0.0119036      3.16172 
     0.0119146      2.96331 
     0.0119257      2.74993 
     0.0119368      2.51986 
     0.0119457      2.32186 
     0.0119546      2.11081 
     0.0119635      1.88601 
     0.0119724      1.64699 
     0.0119798      1.43703 
     0.0119862      1.24771 
     0.0119951     0.978203 
      0.011997     0.922635 
     0.0119985     0.887005 
     0.0119995     0.867603 
         0.012     0.859408 
         0.012      13.3209 
     0.0121693      13.2574 
      0.012341       13.193 
     0.0125151      13.1277 
     0.0126917      13.0614 
     0.0128707      12.9943 
         0.013      12.9458 
     0.0131834      12.8842 
     0.0133694      12.8218 
      0.013558      12.7585 
     0.0137493      12.6943 
     0.0139433      12.6292 
         0.014      12.6102 
     0.0141975      12.5504 
     0.0143978      12.4898 
     0.0146009      12.4283 
     0.0148069      12.3659 
         0.015      12.3074 
     0.0152116      12.2492 
     0.0154262      12.1902 
     0.0156439      12.1303 
     0.0158646      12.0696 
         0.016      12.0324 
     0.0162257      11.9756 
     0.0164546       11.918 
     0.0166868      11.8596 
     0.0169222      11.8004 
         0.017      11.7809 
     0.0172398      11.7254 
     0.0174831      11.6692 
     0.0177297      11.6121 
     0.0179799      11.5543 
         0.018      11.5496 
     0.0182539      11.4954 
     0.0185115      11.4404 
     0.0187726      11.3846 
         0.019       11.336 
     0.0192681      11.2829 
     0.0195399       11.229 
     0.0198156      11.1743 
          0.02      11.1378 
     0.0202822      11.0874 
     0.0205683      11.0362 
     0.0208585      10.9844 
     0.0211528      10.9318 
       0.02125      10.9144 
     0.0215498      10.8652 
     0.0218538      10.8152 
     0.0221621      10.7645 
     0.0224748      10.7131 
        0.0225       10.709 
     0.0228174      10.6608 
     0.0231393      10.6119 
     0.0234658      10.5623 
       0.02375      10.5191 
     0.0240851      10.4719 
     0.0244249       10.424 
     0.0247695      10.3754 
         0.025      10.3429 
     0.0253527      10.2965 
     0.0257104      10.2495 
     0.0260731      10.2019 
       0.02625      10.1786 
     0.0266203      10.1331 
     0.0269959      10.0869 
     0.0273768      10.0401 
        0.0275       10.025 
      0.027888      9.98158 
     0.0282814      9.93756 
     0.0286804      9.89291 
     0.0290851      9.84764 
     0.0294954      9.80172 
     0.0299115      9.75516 
          0.03      9.74526 
     0.0304232      9.70403 
     0.0308525      9.66223 
     0.0312877      9.61983 
     0.0317292      9.57684 
     0.0321768      9.53324 
        0.0325      9.50176 
     0.0329585      9.46165 
     0.0334235      9.42098 
      0.033895      9.37973 
     0.0343732      9.33791 
     0.0348582      9.29549 
         0.035      9.28308 
     0.0354938      9.24398 
     0.0359945      9.20433 
     0.0365024      9.16411 
     0.0370173      9.12333 
        0.0375      9.08511 
     0.0380291      9.04692 
     0.0385656      9.00818 
     0.0391097      8.96891 
     0.0396614      8.92907 
          0.04      8.90463 
     0.0405643      8.86794 
     0.0411366      8.83074 
      0.041717      8.79301 
     0.0423055      8.75475 
        0.0425      8.74211 
     0.0430996      8.70617 
     0.0437077      8.66973 
     0.0443243      8.63277 
     0.0449496      8.59529 
         0.045      8.59227 
     0.0456349      8.55826 
     0.0462787      8.52376 
     0.0469316      8.48878 
     0.0475937       8.4533 
     0.0482652      8.41733 
     0.0489461      8.38084 
     0.0496367      8.34384 
          0.05      8.32438 
     0.0507054      8.29195 
     0.0514208      8.25907 
     0.0521462      8.22573 
     0.0528819      8.19191 
      0.053628      8.15762 
     0.0543846      8.12284 
         0.055      8.09456 
     0.0557759      8.06307 
     0.0565628      8.03114 
     0.0573608      7.99875 
     0.0581701      7.96592 
     0.0589908      7.93261 
      0.059823      7.89884 
          0.06      7.89166 
     0.0608465       7.8616 
     0.0617049      7.83111 
     0.0625755       7.8002 
     0.0634583      7.76885 
     0.0643536      7.73706 
         0.065       7.7141 
      0.065917      7.68478 
      0.066847      7.65504 
     0.0677901      7.62488 
     0.0687465       7.5943 
     0.0697164      7.56328 
          0.07      7.55422 
     0.0709876       7.5268 
     0.0719891        7.499 
     0.0730047       7.4708 
     0.0740347      7.44221 
     0.0750792      7.41322 
     0.0761384      7.38381 
     0.0772126      7.35399 
     0.0783019      7.32375 
     0.0794066      7.29309 
          0.08      7.27661 
     0.0811287      7.25079 
     0.0822732       7.2246 
      0.083434      7.19803 
     0.0846111       7.1711 
     0.0858048      7.14378 
     0.0870153      7.11608 
      0.088243      7.08799 
     0.0894879       7.0595 
          0.09      7.04778 
     0.0912697       7.0228 
     0.0925574      6.99746 
     0.0938632      6.97177 
     0.0951874      6.94571 
     0.0965304      6.91929 
     0.0978922      6.89249 
     0.0992733      6.86532 
           0.1      6.85102 
      0.101411      6.82786 
      0.102842      6.80436 
      0.104292      6.78054 
      0.105764      6.75638 
      0.107256      6.73188 
      0.108769      6.70703 
      0.110304      6.68183 
       0.11186      6.65628 
        0.1125      6.64577 
      0.114087      6.62336 
      0.115697      6.60064 
      0.117329       6.5776 
      0.118984      6.55423 
      0.120663      6.53054 
      0.122365      6.50651 
      0.124092      6.48214 
         0.125      6.46932 
      0.126764      6.44761 
      0.128552      6.42561 
      0.130366      6.40329 
      0.132205      6.38065 
       0.13407       6.3577 
      0.135961      6.33442 
        0.1375      6.31549 
       0.13944      6.29444 
      0.141407      6.27311 
      0.143402      6.25147 
      0.145425      6.22952 
      0.147477      6.20727 
      0.149558       6.1847 
          0.15       6.1799 
      0.152116      6.16015 
      0.154262      6.14012 
      0.156439      6.11981 
      0.158646      6.09922 
      0.160884      6.07833 
        0.1625      6.06325 
      0.164793      6.04404 
      0.167118      6.02457 
      0.169475      6.00482 
      0.171866      5.98479 
      0.174291      5.96448 
         0.175      5.95854 
      0.177469      5.93986 
      0.179973      5.92092 
      0.182512      5.90172 
      0.185087      5.88224 
        0.1875      5.86399 
      0.190145      5.84583 
      0.192828      5.82742 
      0.195548      5.80875 
      0.198307      5.78982 
           0.2       5.7782 
      0.202822       5.7611 
      0.205683      5.74376 
      0.208585      5.72618 
      0.211528      5.70835 
        0.2125      5.70246 
      0.215498       5.6858 
      0.218538      5.66891 
      0.221621      5.65178 
      0.224748      5.63441 
         0.225      5.63301 
      0.228174      5.61742 
      0.231393      5.60161 
      0.234658      5.58558 
      0.237969      5.56932 
      0.241326      5.55283 
      0.244731      5.53611 
      0.248183      5.51916 
          0.25      5.51023 
      0.253527      5.49545 
      0.257104      5.48046 
      0.260731      5.46526 
       0.26441      5.44985 
       0.26814      5.43422 
      0.271923      5.41836 
         0.275      5.40547 
       0.27888      5.39151 
      0.282814      5.37736 
      0.286804        5.363 
      0.290851      5.34844 
      0.294954      5.33368 
      0.299115      5.31871 
           0.3      5.31553 
      0.304232      5.30271 
      0.308525      5.28971 
      0.312877      5.27653 
      0.317291      5.26316 
      0.321768       5.2496 
         0.325      5.23981 
      0.329585      5.22769 
      0.334235      5.21541 
       0.33895      5.20294 
      0.343732      5.19031 
      0.348582      5.17749 
          0.35      5.17374 
      0.354938      5.16233 
      0.359945      5.15075 
      0.365024      5.13902 
      0.370173      5.12711 
         0.375      5.11596 
      0.380291      5.10525 
      0.385656      5.09439 
      0.391097      5.08338 
      0.396614      5.07222 
           0.4      5.06536 
      0.405643      5.05546 
      0.411366      5.04542 
       0.41717      5.03524 
      0.423055      5.02491 
         0.425       5.0215 
      0.430996       5.0122 
      0.437077      5.00277 
      0.443243       4.9932 
      0.449496       4.9835 
          0.45      4.98272 
      0.456349        4.974 
      0.462787      4.96517 
      0.469316       4.9562 
         0.475       4.9484 
      0.481701      4.94027 
      0.488497      4.93202 
      0.495389      4.92365 
           0.5      4.91805 
      0.507054       4.9105 
      0.514208      4.90285 
      0.521462      4.89508 
         0.525       4.8913 
      0.532407      4.88422 
      0.539918      4.87705 
      0.547535      4.86978 
          0.55      4.86742 
       0.55776      4.86081 
      0.565629      4.85409 
      0.573609      4.84729 
         0.575       4.8461 
      0.583112      4.83992 
      0.591339      4.83365 
      0.599682      4.82729 
           0.6      4.82705 
      0.608465       4.8213 
      0.617049      4.81548 
      0.625274       4.8099 
      0.634095      4.80436 
      0.637911      4.80196 
      0.701096       4.7677 
      0.701096      4.75567 
      0.701096      4.75304 
           0.8      4.35681 
      0.845696      4.24617 
           0.9      3.87392 
             1       3.5205 
           1.2      3.02666 
           1.4      2.69116 
       1.48453      2.62872 
           1.6      2.38671 
       1.75254      2.24172 
           1.8       2.1829 
             2      2.04431 
       2.05746      2.04186 
       2.09386      2.02857 
           2.2      1.92491 
           2.4      1.85503 
       2.43599      1.87103 
       2.51607      1.86366 
       2.54013      1.85941 
       2.55007      1.85274 
           2.6      1.79332 
       2.60807      1.79531 
       2.61973      1.79508 
           2.8      1.73974 
       2.91593      1.75629 
       2.98123      1.74323 
             3       1.7277 
       3.07817      1.75173 
       3.13759      1.74732 
           3.2      1.72405 
       3.27875      1.76446 
       3.37163      1.79175 
           3.5      1.75377 
       3.77867      1.80422 
       4.23055      1.89927 
             5      2.06717 
             6      2.22392 
             7      2.30224 
             8      2.31339 
       9.06349      2.26639 
            10      2.19638 
       10.1411       2.1828 
       10.2842      2.16903 
       10.4292      2.15506 
       10.5764       2.1409 
       10.7256      2.12653 
       10.8769      2.11197 
            11      2.10012 
       11.1552      2.08318 
       11.3126      2.06601 
       11.4722      2.04859 
        11.634      2.03093 
       11.7982      2.01302 
       11.9646      1.99485 
            12      1.99099 
       12.1693      1.97158 
        12.341       1.9519 
       12.5151      1.93194 
       12.6917       1.9117 
       12.8707      1.89117 
            13      1.87635 
       13.1834      1.85418 
       13.3694      1.83169 
        13.558      1.80889 
       13.7493      1.78576 
       13.9433      1.76231 
            14      1.75545 
       14.1975      1.73317 
       14.3978      1.71058 
       14.6009      1.68766 
       14.8069      1.66443 
       15.0158      1.64086 
       15.2277      1.61697 
       15.4425      1.59273 
       15.6604      1.56816 
       15.8813      1.54324 
            16      1.52985 
       16.2257      1.50671 
       16.4546      1.48324 
       16.6868      1.45944 
       16.9222       1.4353 
            17      1.42733 
       17.2398      1.40604 
       17.4831      1.38444 
       17.7297      1.36255 
       17.9799      1.34034 
            18      1.33855 
       18.2539      1.31901 
       18.5115      1.29919 
       18.7726       1.2791 
            19       1.2616 
       19.2681      1.24632 
       19.5399      1.23083 
       19.8156      1.21512 
            20      1.20461 
//
#-------------------------------------------------------------------------------
