#DataThief /Users/villaa/./Misc/Hang_S4_U.png Friday 9-Jun-2023 3:58:24 PM
0.0671, 5.8602e-12
0.0746, 5.8602e-12
0.082, 5.8602e-12
0.0746, 5.8065e-12
0.0746, 5.7527e-12
0.0746, 5.6989e-12
0.0746, 5.6452e-12
0.0671, 5.6452e-12
0.0671, 5.6989e-12
0.0671, 5.7527e-12
0.0671, 5.8065e-12
0.0671, 5.8602e-12
0.0746, 5.914e-12
0.0746, 5.9677e-12
0.0746, 6.0215e-12
0.082, 6.0753e-12
0.0746, 6.129e-12
0.0746, 6.1828e-12
0.0746, 6.2366e-12
0.0746, 6.2903e-12
0.0746, 6.3441e-12
0.0746, 6.3978e-12
0.0746, 6.4516e-12
0.082, 6.5054e-12
0.082, 6.5591e-12
0.0895, 6.6129e-12
0.0895, 6.6667e-12
0.0895, 6.7204e-12
0.0895, 6.7742e-12
0.0895, 6.828e-12
0.0895, 6.8817e-12
0.0895, 6.9355e-12
0.0895, 6.9892e-12
0.0895, 7.043e-12
0.0895, 7.0968e-12
0.0969, 7.0968e-12
0.1044, 7.1505e-12
0.1044, 7.2043e-12
0.1044, 7.2581e-12
0.1044, 7.3118e-12
0.1118, 7.3656e-12
0.1118, 7.4194e-12
0.1193, 7.4194e-12
0.1193, 7.4731e-12
0.1267, 7.5269e-12
0.1267, 7.5806e-12
0.1267, 7.6344e-12
0.1267, 7.6882e-12
0.1267, 7.7419e-12
0.1342, 7.7957e-12
0.1417, 7.8495e-12
0.1417, 7.9032e-12
0.1417, 7.957e-12
0.1417, 8.0108e-12
0.1417, 8.0645e-12
0.1417, 8.1183e-12
0.1417, 8.172e-12
0.1417, 8.2258e-12
0.1417, 8.2796e-12
0.1491, 8.3333e-12
0.1491, 8.3871e-12
0.1566, 8.3871e-12
0.1566, 8.4409e-12
0.164, 8.4946e-12
0.164, 8.5484e-12
0.164, 8.6022e-12
0.164, 8.6559e-12
0.164, 8.7097e-12
0.164, 8.7634e-12
0.164, 8.8172e-12
0.1715, 8.8172e-12
0.1789, 8.871e-12
0.1789, 8.9247e-12
0.1789, 8.9785e-12
0.1789, 9.0323e-12
0.1789, 9.086e-12
0.1789, 9.1398e-12
0.1789, 9.1935e-12
0.1789, 9.2473e-12
0.1789, 9.3011e-12
0.1789, 9.3548e-12
0.1864, 9.4086e-12
0.1864, 9.4624e-12
0.1938, 9.4624e-12
0.1938, 9.5161e-12
0.2013, 9.5699e-12
0.2013, 9.6237e-12
0.2013, 9.6774e-12
0.2013, 9.7312e-12
0.2088, 9.7312e-12
0.2162, 9.7849e-12
0.2162, 9.8387e-12
0.2162, 9.8925e-12
0.2162, 9.9462e-12
0.2162, 1.0e-11
0.2162, 1.0054e-11
0.2162, 1.0108e-11
0.2162, 1.0161e-11
0.2237, 1.0215e-11
0.2311, 1.0269e-11
0.2386, 1.0323e-11
0.2386, 1.0376e-11
0.2386, 1.043e-11
0.246, 1.043e-11
0.2535, 1.0484e-11
0.2535, 1.0538e-11
0.2535, 1.0591e-11
0.2535, 1.0645e-11
0.2535, 1.0699e-11
0.2535, 1.0753e-11
0.2535, 1.0806e-11
0.261, 1.086e-11
0.261, 1.0914e-11
0.2684, 1.0914e-11
0.2684, 1.0968e-11
0.2759, 1.1022e-11
0.2759, 1.1075e-11
0.2759, 1.1129e-11
0.2833, 1.1129e-11
0.2908, 1.1183e-11
0.2908, 1.1237e-11
0.2908, 1.129e-11
0.2908, 1.1344e-11
0.2982, 1.1398e-11
0.2982, 1.1452e-11
0.3057, 1.1452e-11
0.3057, 1.1505e-11
0.3131, 1.1559e-11
0.3131, 1.1613e-11
0.3206, 1.1667e-11
0.3281, 1.172e-11
0.3281, 1.1774e-11
0.3355, 1.1828e-11
0.343, 1.1882e-11
0.3504, 1.1935e-11
0.3504, 1.1989e-11
0.3504, 1.2043e-11
0.3578, 1.2043e-11
0.3653, 1.2097e-11
0.3653, 1.2151e-11
0.3728, 1.2204e-11
0.3801, 1.2258e-11
0.3877, 1.2312e-11
0.3952, 1.2312e-11
0.4026, 1.2366e-11
0.4026, 1.2419e-11
0.4101, 1.2473e-11
0.4175, 1.2527e-11
0.425, 1.2581e-11
0.4324, 1.2634e-11
0.4399, 1.2688e-11
0.4399, 1.2742e-11
0.4399, 1.2796e-11
0.4399, 1.2849e-11
0.4473, 1.2849e-11
0.4548, 1.2903e-11
0.4548, 1.2957e-11
0.4623, 1.2957e-11
0.4697, 1.3011e-11
0.4772, 1.3011e-11
0.4772, 1.3065e-11
0.4846, 1.3065e-11
0.4921, 1.3065e-11
0.4995, 1.3065e-11
0.507, 1.3065e-11
0.507, 1.3118e-11
0.5144, 1.3172e-11
0.5219, 1.3172e-11
0.5219, 1.3226e-11
0.5293, 1.328e-11
0.5368, 1.328e-11
0.5443, 1.3333e-11
0.5443, 1.3387e-11
0.5516, 1.3441e-11
0.5592, 1.3441e-11
0.5666, 1.3441e-11
0.5741, 1.3441e-11
0.5815, 1.3495e-11
0.589, 1.3548e-11
0.5965, 1.3602e-11
0.6038, 1.3602e-11
0.6114, 1.3602e-11
0.6188, 1.3602e-11
0.6263, 1.3602e-11
0.6337, 1.3602e-11
0.6412, 1.3602e-11
0.6486, 1.3602e-11
0.6561, 1.3602e-11
0.6561, 1.3656e-11
0.6636, 1.371e-11
0.671, 1.371e-11
0.6785, 1.371e-11
0.6859, 1.371e-11
0.6934, 1.371e-11
0.7008, 1.371e-11
0.7083, 1.371e-11
0.7158, 1.371e-11
0.7231, 1.371e-11
0.7307, 1.371e-11
0.7381, 1.371e-11
0.7456, 1.371e-11
0.753, 1.371e-11
0.7605, 1.371e-11
0.7679, 1.371e-11
0.7753, 1.371e-11
0.7829, 1.371e-11
0.7903, 1.371e-11
0.7978, 1.371e-11
0.8052, 1.371e-11
0.8127, 1.371e-11
0.8201, 1.371e-11
0.8276, 1.371e-11
0.835, 1.371e-11
0.8425, 1.371e-11
0.85, 1.371e-11
0.8574, 1.371e-11
0.8649, 1.3656e-11
0.8723, 1.3656e-11
0.8723, 1.3602e-11
0.8798, 1.3602e-11
0.8872, 1.3602e-11
0.8947, 1.3602e-11
0.9021, 1.3602e-11
0.9096, 1.3602e-11
0.9171, 1.3602e-11
0.9245, 1.3602e-11
0.932, 1.3602e-11
0.9394, 1.3602e-11
0.9468, 1.3602e-11
0.9543, 1.3602e-11
0.9543, 1.3548e-11
0.9618, 1.3495e-11
0.9691, 1.3495e-11
0.9767, 1.3495e-11
0.9842, 1.3495e-11
0.9916, 1.3441e-11
0.999, 1.3387e-11
1.0065, 1.3333e-11
1.014, 1.3333e-11
1.0214, 1.3333e-11
1.0289, 1.3333e-11
1.0289, 1.328e-11
1.0363, 1.3226e-11
1.0438, 1.3226e-11
1.0513, 1.3226e-11
1.0587, 1.3226e-11
1.0662, 1.3172e-11
1.0735, 1.3118e-11
1.0811, 1.3065e-11
1.0885, 1.3065e-11
1.096, 1.3065e-11
1.1034, 1.3065e-11
1.1034, 1.3011e-11
1.1109, 1.2957e-11
1.1184, 1.2957e-11
1.1258, 1.2957e-11
1.1333, 1.2957e-11
1.1407, 1.2903e-11
1.1482, 1.2849e-11
1.1556, 1.2796e-11
1.1631, 1.2796e-11
1.1705, 1.2796e-11
1.178, 1.2742e-11
1.1855, 1.2688e-11
1.1929, 1.2688e-11
1.2004, 1.2688e-11
1.2078, 1.2688e-11
1.2153, 1.2634e-11
1.2227, 1.2581e-11
1.2302, 1.2527e-11
1.2377, 1.2527e-11
1.2451, 1.2527e-11
1.2526, 1.2473e-11
1.26, 1.2419e-11
1.2675, 1.2419e-11
1.2675, 1.2366e-11
1.2749, 1.2312e-11
1.2824, 1.2312e-11
1.2824, 1.2258e-11
1.2898, 1.2204e-11
1.2973, 1.2151e-11
1.3048, 1.2151e-11
1.3122, 1.2151e-11
1.3197, 1.2151e-11
1.3271, 1.2097e-11
1.3346, 1.2043e-11
1.342, 1.1989e-11
1.3495, 1.1935e-11
1.3569, 1.1882e-11
1.3644, 1.1882e-11
1.3719, 1.1882e-11
1.3793, 1.1882e-11
1.3793, 1.1828e-11
1.3868, 1.1774e-11
1.3942, 1.1774e-11
1.4017, 1.172e-11
1.4017, 1.1667e-11
1.4091, 1.1667e-11
1.4091, 1.1613e-11
1.4166, 1.1613e-11
1.424, 1.1613e-11
1.4315, 1.1613e-11
1.4315, 1.1559e-11
1.439, 1.1505e-11
1.4464, 1.1505e-11
1.4539, 1.1452e-11
1.4613, 1.1398e-11
1.4687, 1.1344e-11
1.4762, 1.1344e-11
1.4837, 1.1344e-11
1.491, 1.1344e-11
1.491, 1.129e-11
1.4986, 1.1237e-11
1.5061, 1.1237e-11
1.5135, 1.1183e-11
1.5135, 1.1129e-11
1.521, 1.1129e-11
1.521, 1.1075e-11
1.5284, 1.1075e-11
1.5359, 1.1022e-11
1.5433, 1.0968e-11
1.5508, 1.0914e-11
1.5582, 1.0914e-11
1.5657, 1.0914e-11
1.5732, 1.086e-11
1.5806, 1.0806e-11
1.5806, 1.0753e-11
1.588, 1.0699e-11
1.5955, 1.0699e-11
1.603, 1.0645e-11
1.6104, 1.0591e-11
1.6179, 1.0538e-11
1.6179, 1.0484e-11
1.6253, 1.043e-11
1.6328, 1.0376e-11
1.6402, 1.0376e-11
1.6402, 1.0323e-11
1.6477, 1.0323e-11
1.6552, 1.0269e-11
1.6625, 1.0269e-11
1.6701, 1.0269e-11
1.6775, 1.0269e-11
1.685, 1.0269e-11
1.6925, 1.0269e-11
1.6925, 1.0215e-11
1.6999, 1.0161e-11
1.7074, 1.0161e-11
1.7147, 1.0108e-11
1.7147, 1.0054e-11
1.7223, 1.0054e-11
1.7223, 1.0e-11
1.7297, 1.0e-11
1.7297, 9.9462e-12
1.7372, 9.8925e-12
1.7446, 9.8925e-12
1.7446, 9.8387e-12
1.7521, 9.7849e-12
1.7596, 9.7312e-12
1.767, 9.7312e-12
1.7745, 9.7312e-12
1.7819, 9.7312e-12
1.7894, 9.7312e-12
1.7894, 9.6774e-12
1.7968, 9.6237e-12
1.8043, 9.5699e-12
1.8117, 9.5161e-12
1.8192, 9.4624e-12
1.8267, 9.4624e-12
1.8267, 9.4086e-12
1.834, 9.3548e-12
1.8416, 9.3011e-12
1.849, 9.2473e-12
1.8565, 9.1935e-12
1.8639, 9.1935e-12
1.8714, 9.1398e-12
1.8788, 9.086e-12
1.8862, 9.0323e-12
1.8938, 9.0323e-12
1.9012, 9.0323e-12
1.9087, 8.9785e-12
1.9161, 8.9247e-12
1.9236, 8.9247e-12
1.931, 8.9247e-12
1.9385, 8.9247e-12
1.9385, 8.871e-12
1.9459, 8.8172e-12
1.9534, 8.8172e-12
1.9534, 8.7634e-12
1.9609, 8.7097e-12
1.9683, 8.7097e-12
1.9683, 8.6559e-12
1.9758, 8.6022e-12
1.9832, 8.5484e-12
1.9907, 8.5484e-12
1.9907, 8.4946e-12
1.9981, 8.4946e-12
2.0056, 8.4946e-12
2.013, 8.4409e-12
2.0205, 8.3871e-12
2.028, 8.3871e-12
2.028, 8.3333e-12
2.0354, 8.2796e-12
2.0429, 8.2258e-12
2.0503, 8.2258e-12
2.0503, 8.172e-12
2.0578, 8.172e-12
2.0652, 8.1183e-12
2.0727, 8.1183e-12
2.0801, 8.0645e-12
2.0876, 8.0645e-12
2.0876, 8.0108e-12
2.0951, 8.0108e-12
2.1025, 8.0108e-12
2.1025, 7.957e-12
2.11, 7.9032e-12
2.1174, 7.8495e-12
2.1249, 7.7957e-12
2.1323, 7.7419e-12
2.1398, 7.7419e-12
2.1473, 7.6882e-12
2.1547, 7.6882e-12
2.1622, 7.6882e-12
2.1696, 7.6344e-12
2.1771, 7.5806e-12
2.1844, 7.5806e-12
2.192, 7.5269e-12
2.1994, 7.5269e-12
2.1994, 7.4731e-12
2.2069, 7.4731e-12
2.2144, 7.4731e-12
2.2218, 7.4194e-12
2.2293, 7.3656e-12
2.2367, 7.3118e-12
2.2442, 7.3118e-12
2.2516, 7.3118e-12
2.2516, 7.2581e-12
2.2591, 7.2043e-12
2.2665, 7.2043e-12
2.274, 7.1505e-12
2.2814, 7.0968e-12
2.2889, 7.043e-12
2.2889, 6.9892e-12
2.2964, 6.9355e-12
2.3038, 6.9355e-12
2.3113, 6.9355e-12
2.3187, 6.9355e-12
2.3262, 6.9355e-12
2.3262, 6.8817e-12
2.3336, 6.828e-12
2.3411, 6.828e-12
2.3486, 6.7742e-12
2.3486, 6.7204e-12
2.3559, 6.7204e-12
2.3559, 6.6667e-12
2.3635, 6.6667e-12
2.3709, 6.6667e-12
2.3784, 6.6667e-12
2.3784, 6.6129e-12
2.3858, 6.5591e-12
2.3933, 6.5591e-12
2.4007, 6.5054e-12
2.4007, 6.4516e-12
2.4082, 6.3978e-12
2.4157, 6.3978e-12
2.4231, 6.3978e-12
2.4306, 6.3978e-12
2.438, 6.3978e-12
2.4455, 6.3978e-12
2.4529, 6.3978e-12
2.4529, 6.3441e-12
2.4604, 6.2903e-12
2.4678, 6.2903e-12
2.4753, 6.2366e-12
2.4753, 6.1828e-12
2.4828, 6.129e-12
2.4902, 6.129e-12
2.4977, 6.129e-12
2.5051, 6.129e-12
2.5126, 6.129e-12
2.5126, 6.0753e-12
2.52, 6.0215e-12
2.5274, 6.0215e-12
2.5349, 5.9677e-12
2.5349, 5.914e-12
2.5424, 5.914e-12
2.5424, 5.8602e-12
2.5499, 5.8602e-12
2.5573, 5.8602e-12
2.5648, 5.8602e-12
2.5648, 5.8065e-12
2.5722, 5.7527e-12
2.5796, 5.7527e-12
2.5871, 5.6989e-12
2.5871, 5.6452e-12
2.5946, 5.5914e-12
2.6021, 5.5914e-12
2.6095, 5.5914e-12
2.617, 5.5914e-12
2.6244, 5.5914e-12
2.6244, 5.5376e-12
2.6319, 5.4839e-12
2.6393, 5.4839e-12
2.6468, 5.4301e-12
2.6468, 5.3763e-12
2.6542, 5.3763e-12
2.6542, 5.3226e-12
2.6617, 5.3226e-12
2.6692, 5.3226e-12
2.6766, 5.3226e-12
2.6841, 5.2688e-12
2.6915, 5.2151e-12
2.6989, 5.1613e-12
2.7064, 5.1613e-12
2.7139, 5.1613e-12
2.7213, 5.1613e-12
2.7288, 5.1613e-12
2.7363, 5.1613e-12
2.7363, 5.1075e-12
2.7437, 5.0538e-12
2.7511, 5.0538e-12
2.7586, 5.0538e-12
2.7661, 5.0538e-12
2.7734, 5.0e-12
2.781, 4.9462e-12
2.7884, 4.9462e-12
2.7959, 4.8925e-12
2.7959, 4.8387e-12
2.8034, 4.8387e-12
2.8034, 4.7849e-12
2.8108, 4.7849e-12
2.8183, 4.7849e-12
2.8256, 4.7849e-12
2.8332, 4.7312e-12
2.8406, 4.6774e-12
2.8481, 4.6237e-12
2.8555, 4.6237e-12
2.863, 4.6237e-12
2.8705, 4.5699e-12
2.8779, 4.5161e-12
2.8854, 4.5161e-12
2.8928, 4.5161e-12
2.9003, 4.5161e-12
2.9077, 4.4624e-12
2.9152, 4.4086e-12
2.9226, 4.3548e-12
2.9301, 4.3548e-12
2.9376, 4.3548e-12
2.9449, 4.3011e-12
2.9525, 4.2473e-12
2.9599, 4.2473e-12
2.9674, 4.2473e-12
2.9748, 4.2473e-12
2.9823, 4.2473e-12
2.9897, 4.2473e-12
2.9971, 4.1935e-12
3.0047, 4.1398e-12
3.0121, 4.086e-12
3.0196, 4.086e-12
3.027, 4.086e-12
3.0345, 4.086e-12
3.0345, 4.0323e-12
3.0419, 3.9785e-12
3.0493, 3.9785e-12
3.0568, 3.9785e-12
3.0643, 3.9785e-12
3.0718, 3.9247e-12
3.0792, 3.871e-12
3.0867, 3.8172e-12
3.0941, 3.8172e-12
3.1016, 3.8172e-12
3.109, 3.8172e-12
3.109, 3.7634e-12
3.1165, 3.7097e-12
3.124, 3.7097e-12
3.1314, 3.7097e-12
3.1389, 3.7097e-12
3.1463, 3.6559e-12
3.1538, 3.6022e-12
3.1612, 3.5484e-12
3.1687, 3.5484e-12
3.1761, 3.5484e-12
3.1836, 3.5484e-12
3.1911, 3.4946e-12
3.1985, 3.4409e-12
3.206, 3.4409e-12
3.2134, 3.4409e-12
3.2209, 3.4409e-12
3.2283, 3.4409e-12
3.2358, 3.4409e-12
3.2432, 3.4409e-12
3.2507, 3.4409e-12
3.2582, 3.3871e-12
3.2656, 3.3333e-12
3.2731, 3.2796e-12
3.2805, 3.2796e-12
3.288, 3.2796e-12
3.2953, 3.2796e-12
3.3029, 3.2258e-12
3.3103, 3.172e-12
3.3178, 3.172e-12
3.3253, 3.172e-12
3.3327, 3.172e-12
3.3402, 3.172e-12
3.3476, 3.172e-12
3.3551, 3.1183e-12
3.3625, 3.0645e-12
3.37, 3.0108e-12
3.3774, 3.0108e-12
3.3849, 3.0108e-12
3.3924, 2.957e-12
3.3998, 2.9032e-12
3.4073, 2.9032e-12
3.4147, 2.9032e-12
3.4222, 2.9032e-12
3.4296, 2.9032e-12
3.4371, 2.9032e-12
3.4445, 2.8495e-12
3.452, 2.7957e-12
3.4595, 2.7419e-12
3.4668, 2.7419e-12
3.4744, 2.7419e-12
3.4818, 2.7419e-12
3.4893, 2.7419e-12
3.4967, 2.7419e-12
3.5042, 2.7419e-12
3.5116, 2.7419e-12
3.5191, 2.6882e-12
3.5266, 2.6882e-12
3.5266, 2.6344e-12
3.534, 2.6344e-12
3.5415, 2.6344e-12
3.5489, 2.6344e-12
3.5564, 2.6344e-12
3.5638, 2.6344e-12
3.5713, 2.6344e-12
3.5788, 2.5806e-12
3.5862, 2.5269e-12
3.5937, 2.4731e-12
3.6011, 2.4731e-12
3.6086, 2.4731e-12
3.616, 2.4731e-12
3.6235, 2.4731e-12
3.6309, 2.4194e-12
3.6383, 2.4194e-12
3.6383, 2.3656e-12
3.6459, 2.3656e-12
3.6533, 2.3656e-12
3.6608, 2.3656e-12
3.6682, 2.3656e-12
3.6757, 2.3656e-12
3.6831, 2.3656e-12
3.6905, 2.3118e-12
3.698, 2.2581e-12
3.7055, 2.2043e-12
3.713, 2.2043e-12
3.7204, 2.2043e-12
3.7279, 2.2043e-12
3.7353, 2.2043e-12
3.7428, 2.2043e-12
3.7502, 2.2043e-12
3.7577, 2.2043e-12
3.7651, 2.1505e-12
3.7726, 2.1505e-12
3.7726, 2.0968e-12
3.7801, 2.0968e-12
3.7875, 2.0968e-12
3.795, 2.0968e-12
3.8024, 2.0968e-12
3.8098, 2.0968e-12
3.8173, 2.0968e-12
3.8248, 2.0968e-12
3.8322, 2.0968e-12
3.8397, 2.043e-12
3.8472, 1.9892e-12
3.8546, 1.9355e-12
3.862, 1.9355e-12
3.8695, 1.9355e-12
3.877, 1.9355e-12
3.8843, 1.9355e-12
3.8919, 1.8817e-12
3.8993, 1.8817e-12
3.8993, 1.828e-12
3.9068, 1.828e-12
3.9143, 1.828e-12
3.9217, 1.828e-12
3.9292, 1.828e-12
3.9365, 1.828e-12
3.9441, 1.828e-12
3.9515, 1.828e-12
3.959, 1.828e-12
3.9664, 1.7742e-12
3.9739, 1.7204e-12
3.9814, 1.6667e-12
3.9888, 1.6667e-12
3.9963, 1.6667e-12
4.0037, 1.6667e-12
4.0112, 1.6667e-12
4.0186, 1.6667e-12
4.0261, 1.6667e-12
4.0336, 1.6667e-12
4.041, 1.6667e-12
4.0485, 1.6667e-12
4.0559, 1.6667e-12
4.0634, 1.6667e-12
4.0708, 1.6667e-12
4.0783, 1.6129e-12
4.0857, 1.6129e-12
4.0857, 1.5591e-12
4.0932, 1.5591e-12
4.1007, 1.5591e-12
4.1081, 1.5591e-12
4.1156, 1.5591e-12
4.123, 1.5591e-12
4.1305, 1.5591e-12
4.1379, 1.5591e-12
4.1454, 1.5591e-12
4.1528, 1.5054e-12
4.1602, 1.4516e-12
4.1678, 1.3978e-12
4.1752, 1.3978e-12
4.1827, 1.3978e-12
4.1901, 1.3978e-12
4.1976, 1.3978e-12
4.205, 1.3978e-12
4.2125, 1.3978e-12
4.2199, 1.3978e-12
4.2274, 1.3978e-12
4.2349, 1.3978e-12
4.2423, 1.3978e-12
4.2498, 1.3441e-12
4.2572, 1.2903e-12
4.2647, 1.2903e-12
4.2721, 1.2903e-12
4.2796, 1.2903e-12
4.287, 1.2903e-12
4.2945, 1.2903e-12
4.302, 1.2903e-12
4.3094, 1.2903e-12
4.3169, 1.2903e-12
4.3243, 1.2903e-12
4.3317, 1.2903e-12
4.3392, 1.2903e-12
4.3467, 1.2903e-12
4.3541, 1.2366e-12
4.3616, 1.1828e-12
4.3691, 1.129e-12
4.3765, 1.129e-12
4.384, 1.129e-12
4.3914, 1.129e-12
4.3989, 1.129e-12
4.4062, 1.129e-12
4.4138, 1.129e-12
4.4212, 1.129e-12
4.4287, 1.129e-12
4.4362, 1.129e-12
4.4436, 1.129e-12
4.4511, 1.129e-12
4.4585, 1.129e-12
4.466, 1.0753e-12
4.4734, 1.0753e-12
4.4734, 1.0215e-12
4.4809, 1.0215e-12
4.4884, 1.0215e-12
4.4958, 1.0215e-12
4.5032, 1.0215e-12
4.5107, 1.0215e-12
4.5182, 1.0215e-12
4.5255, 1.0215e-12
4.5331, 1.0215e-12
4.5405, 1.0215e-12
4.548, 1.0215e-12
4.5554, 1.0215e-12
4.5629, 1.0215e-12
4.5704, 1.0215e-12
4.5777, 1.0215e-12
4.5853, 1.0215e-12
4.5927, 1.0215e-12
4.6002, 1.0215e-12
4.6076, 1.0215e-12
4.6151, 9.6774e-13
4.6226, 9.1398e-13
4.63, 8.6022e-13
4.6375, 8.6022e-13
4.6449, 8.6022e-13
4.6524, 8.6022e-13
4.6598, 8.6022e-13
4.6673, 8.6022e-13
4.6747, 8.6022e-13
4.6822, 8.6022e-13
4.6897, 8.6022e-13
4.6971, 8.6022e-13
4.7046, 8.6022e-13
4.712, 8.6022e-13
4.7195, 8.6022e-13
4.7269, 8.6022e-13
4.7344, 8.6022e-13
4.7418, 8.6022e-13
4.7492, 8.0645e-13
4.7568, 8.0645e-13
4.7568, 7.5269e-13
4.7642, 7.5269e-13
4.7717, 7.5269e-13
4.7791, 7.5269e-13
4.7866, 7.5269e-13
4.794, 7.5269e-13
4.8014, 7.5269e-13
4.8089, 7.5269e-13
4.8164, 7.5269e-13
4.8239, 7.5269e-13
4.8313, 7.5269e-13
4.8388, 7.5269e-13
4.8462, 7.5269e-13
4.8537, 7.5269e-13
4.8611, 7.5269e-13
4.8686, 7.5269e-13
4.876, 7.5269e-13
4.8835, 7.5269e-13
4.891, 7.5269e-13
4.8984, 7.5269e-13
4.9059, 7.5269e-13
4.9133, 6.9892e-13
4.9207, 6.4516e-13
4.9282, 5.914e-13
4.9357, 5.914e-13
4.9432, 5.914e-13
4.9506, 5.914e-13
4.9581, 5.914e-13
4.9655, 5.914e-13
4.9729, 5.914e-13
4.9804, 5.914e-13
4.9879, 5.914e-13
4.9952, 5.914e-13
5.0028, 5.914e-13
5.0103, 5.914e-13
5.0177, 5.914e-13
5.0252, 5.914e-13
5.0326, 5.914e-13
5.0401, 5.914e-13
5.0475, 5.914e-13
5.055, 5.914e-13
5.0624, 5.914e-13
5.0699, 5.914e-13
5.0774, 5.914e-13
5.0848, 5.914e-13
5.0923, 5.914e-13
5.0997, 5.914e-13
5.1072, 5.914e-13
5.1146, 5.914e-13
5.1221, 5.3763e-13
5.1295, 4.8387e-13
5.137, 4.8387e-13
5.1445, 4.8387e-13
5.1519, 4.8387e-13
5.1594, 4.8387e-13
5.1668, 4.8387e-13
5.1743, 4.8387e-13
5.1817, 4.8387e-13
5.1892, 4.8387e-13
5.1966, 4.8387e-13
5.2041, 4.8387e-13
5.2116, 4.8387e-13
5.219, 4.8387e-13
5.2265, 4.8387e-13
5.2339, 4.8387e-13
5.2414, 4.8387e-13
5.2488, 4.8387e-13
5.2563, 4.8387e-13
5.2637, 4.8387e-13
5.2711, 4.8387e-13
5.2787, 4.8387e-13
5.2861, 4.8387e-13
5.2936, 4.8387e-13
5.301, 4.8387e-13
5.3085, 4.8387e-13
5.3159, 4.8387e-13
5.3234, 4.8387e-13
5.3308, 4.8387e-13
5.3383, 4.8387e-13
5.3458, 4.8387e-13
5.3532, 4.8387e-13
5.3607, 4.3011e-13
5.3681, 3.7634e-13
5.3756, 3.2258e-13
5.383, 3.2258e-13
5.3905, 3.2258e-13
5.3979, 3.2258e-13
5.4054, 3.2258e-13
5.4129, 3.2258e-13
5.4203, 3.2258e-13
5.4278, 3.2258e-13
5.4352, 3.2258e-13
5.4426, 3.2258e-13
5.4501, 3.2258e-13
5.4576, 3.2258e-13
5.4651, 3.2258e-13
5.4725, 3.2258e-13
5.48, 3.2258e-13
5.4874, 3.2258e-13
5.4949, 3.2258e-13
5.5023, 3.2258e-13
5.5098, 3.2258e-13
5.5171, 3.2258e-13
5.5247, 3.2258e-13
5.5322, 3.2258e-13
5.5396, 3.2258e-13
5.5471, 3.2258e-13
5.5545, 3.2258e-13
5.562, 3.2258e-13
5.5694, 3.2258e-13
5.5769, 3.2258e-13
5.5843, 3.2258e-13
5.5918, 3.2258e-13
5.5993, 3.2258e-13
5.6067, 3.2258e-13
