0.02	5.505e-19
0.04	9.997e-19
0.06	1.285e-18
0.08	1.51e-18
0.1	1.699e-18
0.12	1.863e-18
0.14	2.009e-18
0.16	2.139e-18
0.18	2.257e-18
0.2	2.364e-18
0.22	2.462e-18
0.24	2.552e-18
0.26	2.635e-18
0.28	2.711e-18
0.3	2.781e-18
0.32	2.845e-18
0.34	2.905e-18
0.36	2.959e-18
0.38	3.009e-18
0.4	3.055e-18
0.42	3.097e-18
0.44	3.136e-18
0.46	3.171e-18
0.48	3.202e-18
0.5	3.231e-18
0.52	3.256e-18
0.54	3.279e-18
0.56	3.299e-18
0.58	3.316e-18
0.6	3.331e-18
0.62	3.344e-18
0.64	3.354e-18
0.66	3.363e-18
0.68	3.369e-18
0.7	3.373e-18
0.72	3.376e-18
0.74	3.377e-18
0.76	3.376e-18
0.78	3.373e-18
0.8	3.369e-18
0.82	3.364e-18
0.84	3.357e-18
0.86	3.349e-18
0.88	3.339e-18
0.9	3.329e-18
0.92	3.317e-18
0.94	3.304e-18
0.96	3.29e-18
0.98	3.275e-18
1	3.259e-18
1.02	3.242e-18
1.04	3.225e-18
1.06	3.206e-18
1.08	3.187e-18
1.1	3.167e-18
1.12	3.146e-18
1.14	3.125e-18
1.16	3.103e-18
1.18	3.081e-18
1.2	3.058e-18
1.22	3.034e-18
1.24	3.01e-18
1.26	2.986e-18
1.28	2.961e-18
1.3	2.935e-18
1.32	2.91e-18
1.34	2.884e-18
1.36	2.858e-18
1.38	2.831e-18
1.4	2.804e-18
1.42	2.777e-18
1.44	2.75e-18
1.46	2.722e-18
1.48	2.695e-18
1.5	2.667e-18
1.52	2.639e-18
1.54	2.611e-18
1.56	2.583e-18
1.58	2.555e-18
1.6	2.526e-18
1.62	2.498e-18
1.64	2.47e-18
1.66	2.441e-18
1.68	2.413e-18
1.7	2.385e-18
1.72	2.356e-18
1.74	2.328e-18
1.76	2.3e-18
1.78	2.272e-18
1.8	2.244e-18
1.82	2.216e-18
1.84	2.188e-18
1.86	2.16e-18
1.88	2.132e-18
1.9	2.105e-18
1.92	2.077e-18
1.94	2.05e-18
1.96	2.023e-18
1.98	1.996e-18
2	1.969e-18
2.02	1.942e-18
2.04	1.916e-18
2.06	1.889e-18
2.08	1.863e-18
2.1	1.837e-18
2.12	1.811e-18
2.14	1.786e-18
2.16	1.76e-18
2.18	1.735e-18
2.2	1.71e-18
2.22	1.685e-18
2.24	1.661e-18
2.26	1.636e-18
2.28	1.612e-18
2.3	1.588e-18
2.32	1.565e-18
2.34	1.541e-18
2.36	1.518e-18
2.38	1.495e-18
2.4	1.472e-18
2.42	1.45e-18
2.44	1.428e-18
2.46	1.406e-18
2.48	1.384e-18
2.5	1.362e-18
2.52	1.341e-18
2.54	1.32e-18
2.56	1.299e-18
2.58	1.278e-18
2.6	1.258e-18
2.62	1.238e-18
2.64	1.218e-18
2.66	1.198e-18
2.68	1.179e-18
2.7	1.16e-18
2.72	1.141e-18
2.74	1.122e-18
2.76	1.104e-18
2.78	1.085e-18
2.8	1.067e-18
2.82	1.05e-18
2.84	1.032e-18
2.86	1.015e-18
2.88	9.978e-19
2.9	9.81e-19
2.92	9.644e-19
2.94	9.481e-19
2.96	9.319e-19
2.98	9.16e-19
3	9.003e-19
3.02	8.848e-19
3.04	8.695e-19
3.06	8.545e-19
3.08	8.397e-19
3.1	8.251e-19
3.12	8.107e-19
3.14	7.965e-19
3.16	7.825e-19
3.18	7.687e-19
3.2	7.552e-19
3.22	7.418e-19
3.24	7.286e-19
3.26	7.156e-19
3.28	7.029e-19
3.3	6.903e-19
3.32	6.779e-19
3.34	6.657e-19
3.36	6.537e-19
3.38	6.419e-19
3.4	6.303e-19
3.42	6.188e-19
3.44	6.075e-19
3.46	5.965e-19
3.48	5.855e-19
3.5	5.748e-19
3.52	5.642e-19
3.54	5.538e-19
3.56	5.436e-19
3.58	5.335e-19
3.6	5.236e-19
3.62	5.139e-19
3.64	5.043e-19
3.66	4.949e-19
3.68	4.856e-19
3.7	4.765e-19
3.72	4.676e-19
3.74	4.588e-19
3.76	4.501e-19
3.78	4.416e-19
3.8	4.332e-19
3.82	4.25e-19
3.84	4.169e-19
3.86	4.09e-19
3.88	4.012e-19
3.9	3.935e-19
3.92	3.859e-19
3.94	3.785e-19
3.96	3.713e-19
3.98	3.641e-19
4	3.571e-19
4.02	3.502e-19
4.04	3.434e-19
4.06	3.367e-19
4.08	3.301e-19
4.1	3.237e-19
4.12	3.174e-19
4.14	3.112e-19
4.16	3.051e-19
4.18	2.991e-19
4.2	2.933e-19
4.22	2.875e-19
4.24	2.818e-19
4.26	2.762e-19
4.28	2.708e-19
4.3	2.654e-19
4.32	2.601e-19
4.34	2.55e-19
4.36	2.499e-19
4.38	2.449e-19
4.4	2.4e-19
4.42	2.352e-19
4.44	2.305e-19
4.46	2.259e-19
4.48	2.214e-19
4.5	2.169e-19
4.52	2.126e-19
4.54	2.083e-19
4.56	2.041e-19
4.58	1.999e-19
4.6	1.959e-19
4.62	1.919e-19
4.64	1.88e-19
4.66	1.842e-19
4.68	1.804e-19
4.7	1.767e-19
4.72	1.731e-19
4.74	1.696e-19
4.76	1.661e-19
4.78	1.627e-19
4.8	1.594e-19
4.82	1.561e-19
4.84	1.529e-19
4.86	1.497e-19
4.88	1.467e-19
4.9	1.436e-19
4.92	1.406e-19
4.94	1.377e-19
4.96	1.349e-19
4.98	1.321e-19
5	1.293e-19
5.02	1.266e-19
5.04	1.24e-19
5.06	1.214e-19
5.08	1.189e-19
5.1	1.164e-19
5.12	1.14e-19
5.14	1.116e-19
5.16	1.092e-19
5.18	1.069e-19
5.2	1.047e-19
5.22	1.025e-19
5.24	1.003e-19
5.26	9.821e-20
5.28	9.614e-20
5.3	9.41e-20
5.32	9.21e-20
5.34	9.014e-20
5.36	8.824e-20
5.38	8.636e-20
5.4	8.453e-20
5.42	8.274e-20
5.44	8.097e-20
5.46	7.924e-20
5.48	7.755e-20
5.5	7.589e-20
5.52	7.427e-20
5.54	7.268e-20
5.56	7.112e-20
5.58	6.959e-20
5.6	6.811e-20
5.62	6.663e-20
5.64	6.521e-20
5.66	6.38e-20
5.68	6.243e-20
5.7	6.108e-20
5.72	5.976e-20
5.74	5.847e-20
5.76	5.72e-20
5.78	5.596e-20
5.8	5.476e-20
5.82	5.356e-20
5.84	5.239e-20
5.86	5.126e-20
5.88	5.013e-20
5.9	4.905e-20
5.92	4.799e-20
5.94	4.693e-20
5.96	4.592e-20
5.98	4.49e-20
6	4.393e-20
6.02	4.296e-20
6.04	4.202e-20
6.06	4.11e-20
6.08	4.02e-20
6.1	3.932e-20
6.12	3.844e-20
6.14	3.761e-20
6.16	3.677e-20
6.18	3.596e-20
6.2	3.518e-20
6.22	3.439e-20
6.24	3.364e-20
6.26	3.288e-20
6.28	3.217e-20
6.3	3.145e-20
6.32	3.075e-20
6.34	3.008e-20
6.36	2.94e-20
6.38	2.876e-20
6.4	2.81e-20
6.42	2.749e-20
6.44	2.687e-20
6.46	2.628e-20
6.48	2.569e-20
6.5	2.511e-20
6.52	2.456e-20
6.54	2.4e-20
6.56	2.347e-20
6.58	2.294e-20
6.6	2.243e-20
6.62	2.192e-20
6.64	2.144e-20
6.66	2.096e-20
6.68	2.048e-20
6.7	2.002e-20
6.72	1.957e-20
6.74	1.914e-20
6.76	1.869e-20
6.78	1.828e-20
6.8	1.787e-20
6.82	1.746e-20
6.84	1.707e-20
6.86	1.668e-20
6.88	1.63e-20
6.9	1.593e-20
6.92	1.558e-20
6.94	1.522e-20
6.96	1.487e-20
6.98	1.454e-20
7	1.421e-20
7.02	1.388e-20
7.04	1.358e-20
7.06	1.325e-20
7.08	1.296e-20
7.1	1.266e-20
7.12	1.237e-20
7.14	1.209e-20
7.16	1.182e-20
7.18	1.154e-20
7.2	1.129e-20
7.22	1.102e-20
7.24	1.077e-20
7.26	1.052e-20
7.28	1.029e-20
7.3	1.004e-20
7.32	9.816e-21
7.34	9.595e-21
7.36	9.377e-21
7.38	9.15e-21
7.4	8.951e-21
7.42	8.73e-21
7.44	8.537e-21
7.46	8.346e-21
7.48	8.146e-21
7.5	7.961e-21
7.52	7.779e-21
7.54	7.599e-21
7.56	7.422e-21
7.58	7.248e-21
7.6	7.087e-21
7.62	6.918e-21
7.64	6.751e-21
7.66	6.598e-21
7.68	6.447e-21
7.7	6.299e-21
7.72	6.153e-21
7.74	6.009e-21
7.76	5.879e-21
7.78	5.728e-21
7.8	5.602e-21
7.82	5.466e-21
7.84	5.344e-21
7.86	5.213e-21
7.88	5.094e-21
7.9	4.978e-21
7.92	4.864e-21
7.94	4.751e-21
7.96	4.628e-21
7.98	4.53e-21
8	4.423e-21
8.02	4.317e-21
8.04	4.224e-21
8.06	4.11e-21
8.08	4.031e-21
8.1	3.92e-21
8.12	3.844e-21
8.14	3.736e-21
8.16	3.663e-21
8.18	3.569e-21
8.2	3.488e-21
8.22	3.408e-21
8.24	3.317e-21
8.26	3.252e-21
8.28	3.175e-21
8.3	3.089e-21
8.32	3.026e-21
8.34	2.954e-21
8.36	2.882e-21
8.38	2.811e-21
8.4	2.742e-21
8.42	2.685e-21
8.44	2.617e-21
8.46	2.563e-21
8.48	2.497e-21
8.5	2.433e-21
8.52	2.381e-21
8.54	2.318e-21
8.56	2.268e-21
8.58	2.219e-21
8.6	2.159e-21
8.62	2.111e-21
8.64	2.064e-21
8.66	2.007e-21
8.68	1.962e-21
8.7	1.917e-21
8.72	1.874e-21
8.74	1.819e-21
8.76	1.788e-21
8.78	1.735e-21
8.8	1.706e-21
8.82	1.654e-21
8.84	1.615e-21
8.86	1.588e-21
8.88	1.538e-21
8.9	1.5e-21
8.92	1.475e-21
8.94	1.427e-21
8.96	1.402e-21
8.98	1.367e-21
9	1.332e-21
9.02	1.31e-21
9.04	1.264e-21
9.06	1.243e-21
9.08	1.21e-21
9.1	1.178e-21
9.12	1.158e-21
9.14	1.127e-21
9.16	1.096e-21
9.18	1.065e-21
9.2	1.047e-21
9.22	1.017e-21
9.24	9.999e-22
9.26	9.712e-22
9.28	9.546e-22
9.3	9.266e-22
9.32	8.991e-22
9.34	8.836e-22
9.36	8.567e-22
9.38	8.419e-22
9.4	8.158e-22
9.42	8.017e-22
9.44	7.762e-22
9.46	7.627e-22
9.48	7.496e-22
9.5	7.251e-22
9.52	7.008e-22
9.54	6.886e-22
9.56	6.766e-22
9.58	6.532e-22
9.6	6.419e-22
9.62	6.307e-22
9.64	6.081e-22
9.66	5.975e-22
9.68	5.755e-22
9.7	5.769e-22
9.72	5.438e-22
9.74	5.457e-22
9.76	5.247e-22
9.78	5.154e-22
9.8	5.065e-22
9.82	4.859e-22
9.84	4.774e-22
9.86	4.573e-22
9.88	4.608e-22
9.9	4.412e-22
9.92	4.333e-22
9.94	4.258e-22
9.96	4.066e-22
9.98	3.994e-22
10	3.923e-22
10.02	3.854e-22
10.04	3.669e-22
10.06	3.72e-22
10.08	3.539e-22
10.1	3.477e-22
10.12	3.298e-22
10.14	3.355e-22
10.16	3.18e-22
10.18	3.123e-22
10.2	3.067e-22
10.22	3.013e-22
10.24	2.843e-22
10.26	2.908e-22
10.28	2.74e-22
10.3	2.691e-22
10.32	2.643e-22
10.34	2.596e-22
10.36	2.433e-22
10.38	2.505e-22
10.4	2.344e-22
10.42	2.302e-22
10.44	2.26e-22
10.46	2.219e-22
10.48	2.179e-22
10.5	2.14e-22
10.52	1.986e-22
10.54	2.066e-22
10.56	1.913e-22
10.58	1.878e-22
10.6	1.96e-22
10.62	1.81e-22
10.64	1.777e-22
10.66	1.629e-22
10.68	1.714e-22
10.7	1.683e-22
10.72	1.537e-22
10.74	1.625e-22
10.76	1.48e-22
10.78	1.452e-22
10.8	1.425e-22
10.82	1.515e-22
10.84	1.373e-22
10.86	1.232e-22
10.88	1.324e-22
10.9	1.3e-22
10.92	1.277e-22
10.94	1.137e-22
10.96	1.232e-22
10.98	1.21e-22
11	1.072e-22
11.02	1.052e-22
11.04	1.148e-22
11.06	1.012e-22
11.08	9.929e-23
11.1	9.743e-23
11.12	9.561e-23
11.14	9.382e-23
11.16	9.21e-23
11.18	9.04e-23
11.2	8.874e-23
11.22	8.713e-23
11.24	8.556e-23
11.26	8.403e-23
11.28	7.088e-23
11.3	8.107e-23
11.32	7.965e-23
11.34	6.661e-23
11.36	7.689e-23
11.38	6.393e-23
11.4	7.428e-23
11.42	6.137e-23
11.44	6.015e-23
11.46	7.059e-23
11.48	5.778e-23
11.5	5.663e-23
11.52	6.717e-23
11.54	5.443e-23
11.56	5.338e-23
11.58	5.234e-23
11.6	5.134e-23
11.62	5.035e-23
11.64	4.939e-23
11.66	4.846e-23
11.68	4.754e-23
11.7	4.665e-23
11.72	4.578e-23
11.74	4.493e-23
11.76	4.411e-23
11.78	4.33e-23
11.8	4.251e-23
11.82	4.174e-23
11.84	4.1e-23
11.86	2.862e-23
11.88	3.955e-23
11.9	3.886e-23
11.92	3.818e-23
11.94	2.587e-23
11.96	3.688e-23
11.98	3.625e-23
12	2.398e-23
12.02	3.504e-23
12.04	3.445e-23
12.06	2.224e-23
12.08	3.333e-23
12.1	3.279e-23
12.12	2.061e-23
12.14	3.174e-23
12.16	1.959e-23
12.18	3.075e-23
12.2	1.863e-23
12.22	2.981e-23
12.24	1.77e-23
12.26	2.891e-23
12.28	1.683e-23
12.3	2.806e-23
12.32	1.6e-23
12.34	1.56e-23
12.36	2.685e-23
12.38	1.483e-23
12.4	2.61e-23
12.42	1.409e-23
12.44	1.374e-23
12.46	2.504e-23
12.48	1.306e-23
12.5	1.273e-23
12.52	2.406e-23
12.54	1.21e-23
12.56	1.179e-23
12.58	2.314e-23
12.6	1.121e-23
12.62	1.093e-23
12.64	2.23e-23
12.66	1.038e-23
12.68	1.012e-23
12.7	9.865e-24
12.72	2.127e-23
12.74	9.375e-24
12.76	9.14e-24
12.78	8.908e-24
12.8	2.033e-23
12.82	8.465e-24
12.84	8.251e-24
12.86	8.043e-24
12.88	7.84e-24
12.9	1.929e-23
12.92	7.45e-24
12.94	7.261e-24
12.96	7.077e-24
12.98	6.899e-24
13	1.837e-23
13.02	6.555e-24
13.04	6.388e-24
13.06	6.227e-24
13.08	6.069e-24
13.1	5.916e-24
13.12	5.766e-24
13.14	1.727e-23
13.16	5.477e-24
13.18	5.339e-24
13.2	5.203e-24
13.22	5.071e-24
13.24	4.943e-24
13.26	4.818e-24
13.28	1.634e-23
13.3	4.576e-24
13.32	4.46e-24
13.34	4.347e-24
13.36	4.236e-24
13.38	4.129e-24
13.4	4.024e-24
13.42	3.922e-24
13.44	3.822e-24
13.46	1.537e-23
13.48	3.63e-24
13.5	3.538e-24
13.52	3.448e-24
13.54	3.36e-24
13.56	3.275e-24
13.58	3.191e-24
13.6	3.11e-24
13.62	3.03e-24
13.64	2.953e-24
13.66	2.878e-24
13.68	2.805e-24
13.7	2.733e-24
13.72	1.431e-23
13.74	2.595e-24
13.76	2.529e-24
13.78	2.465e-24
13.8	2.402e-24
13.82	2.34e-24
13.84	2.281e-24
13.86	2.222e-24
13.88	2.166e-24
13.9	2.11e-24
13.92	2.056e-24
13.94	2.004e-24
13.96	1.953e-24
13.98	1.903e-24
14	1.854e-24
14.02	1.807e-24
14.04	1.76e-24
14.06	1.715e-24
14.08	1.671e-24
14.1	1.328e-23
14.12	1.587e-24
14.14	1.546e-24
14.16	1.506e-24
14.18	1.468e-24
14.2	1.43e-24
14.22	1.394e-24
14.24	1.358e-24
14.26	1.323e-24
14.28	1.289e-24
14.3	1.256e-24
14.32	1.224e-24
14.34	1.192e-24
14.36	1.162e-24
14.38	1.132e-24
14.4	1.103e-24
14.42	1.074e-24
14.44	1.047e-24
14.46	1.02e-24
14.48	9.935e-25
14.5	9.68e-25
14.52	9.431e-25
14.54	9.188e-25
14.56	8.951e-25
14.58	8.721e-25
14.6	8.496e-25
14.62	8.278e-25
14.64	8.064e-25
14.66	7.857e-25
14.68	7.654e-25
14.7	7.457e-25
14.72	7.264e-25
14.74	7.078e-25
14.76	6.894e-25
14.78	6.716e-25
14.8	6.544e-25
14.82	6.374e-25
14.84	6.21e-25
14.86	6.049e-25
14.88	5.893e-25
14.9	1.222e-23
14.92	5.593e-25
14.94	5.448e-25
14.96	5.308e-25
14.98	5.17e-25
15	5.037e-25
