0.02	2.336e-14
0.04	4.252e-14
0.06	5.492e-14
0.08	6.481e-14
0.1	7.282e-14
0.12	7.981e-14
0.14	8.607e-14
0.16	9.181e-14
0.18	9.71e-14
0.2	1.02e-13
0.22	1.066e-13
0.24	1.109e-13
0.26	1.149e-13
0.28	1.183e-13
0.3	1.212e-13
0.32	1.239e-13
0.34	1.263e-13
0.36	1.285e-13
0.38	1.306e-13
0.4	1.326e-13
0.42	1.343e-13
0.44	1.357e-13
0.46	1.37e-13
0.48	1.381e-13
0.5	1.393e-13
0.52	1.405e-13
0.54	1.415e-13
0.56	1.422e-13
0.58	1.428e-13
0.6	1.433e-13
0.62	1.438e-13
0.64	1.443e-13
0.66	1.448e-13
0.68	1.452e-13
0.7	1.455e-13
0.72	1.458e-13
0.74	1.46e-13
0.76	1.461e-13
0.78	1.462e-13
0.8	1.463e-13
0.82	1.463e-13
0.84	1.462e-13
0.86	1.461e-13
0.88	1.459e-13
0.9	1.457e-13
0.92	1.455e-13
0.94	1.452e-13
0.96	1.448e-13
0.98	1.444e-13
1	1.439e-13
1.02	1.434e-13
1.04	1.429e-13
1.06	1.423e-13
1.08	1.415e-13
1.1	1.403e-13
1.12	1.39e-13
1.14	1.376e-13
1.16	1.361e-13
1.18	1.346e-13
1.2	1.332e-13
1.22	1.32e-13
1.24	1.307e-13
1.26	1.294e-13
1.28	1.28e-13
1.3	1.267e-13
1.32	1.254e-13
1.34	1.24e-13
1.36	1.227e-13
1.38	1.214e-13
1.4	1.2e-13
1.42	1.186e-13
1.44	1.173e-13
1.46	1.159e-13
1.48	1.145e-13
1.5	1.131e-13
1.52	1.118e-13
1.54	1.104e-13
1.56	1.09e-13
1.58	1.076e-13
1.6	1.062e-13
1.62	1.048e-13
1.64	1.033e-13
1.66	1.019e-13
1.68	1.006e-13
1.7	9.929e-14
1.72	9.796e-14
1.74	9.662e-14
1.76	9.527e-14
1.78	9.39e-14
1.8	9.253e-14
1.82	9.114e-14
1.84	8.976e-14
1.86	8.836e-14
1.88	8.696e-14
1.9	8.554e-14
1.92	8.419e-14
1.94	8.294e-14
1.96	8.169e-14
1.98	8.044e-14
2	7.92e-14
2.02	7.797e-14
2.04	7.674e-14
2.06	7.553e-14
2.08	7.433e-14
2.1	7.313e-14
2.12	7.193e-14
2.14	7.074e-14
2.16	6.955e-14
2.18	6.837e-14
2.2	6.72e-14
2.22	6.603e-14
2.24	6.486e-14
2.26	6.371e-14
2.28	6.257e-14
2.3	6.143e-14
2.32	6.03e-14
2.34	5.917e-14
2.36	5.806e-14
2.38	5.694e-14
2.4	5.584e-14
2.42	5.474e-14
2.44	5.365e-14
2.46	5.257e-14
2.48	5.152e-14
2.5	5.046e-14
2.52	4.941e-14
2.54	4.836e-14
2.56	4.733e-14
2.58	4.632e-14
2.6	4.535e-14
2.62	4.442e-14
2.64	4.345e-14
2.66	4.25e-14
2.68	4.156e-14
2.7	4.063e-14
2.72	3.971e-14
2.74	3.881e-14
2.76	3.792e-14
2.78	3.704e-14
2.8	3.619e-14
2.82	3.536e-14
2.84	3.455e-14
2.86	3.393e-14
2.88	3.358e-14
2.9	3.327e-14
2.92	3.303e-14
2.94	3.291e-14
2.96	3.298e-14
2.98	3.329e-14
3	3.378e-14
3.02	3.425e-14
3.04	3.472e-14
3.06	3.552e-14
3.08	3.665e-14
3.1	3.786e-14
3.12	3.904e-14
3.14	4.019e-14
3.16	4.128e-14
3.18	4.207e-14
3.2	4.246e-14
3.22	4.262e-14
3.24	4.275e-14
3.26	4.328e-14
3.28	4.361e-14
3.3	4.421e-14
3.32	4.455e-14
3.34	4.496e-14
3.36	4.562e-14
3.38	4.644e-14
3.4	4.653e-14
3.42	4.653e-14
3.44	4.654e-14
3.46	4.663e-14
3.48	4.691e-14
3.5	4.745e-14
3.52	4.8e-14
3.54	4.844e-14
3.56	4.886e-14
3.58	4.953e-14
3.6	5.056e-14
3.62	5.202e-14
3.64	5.38e-14
3.66	5.529e-14
3.68	5.656e-14
3.7	5.768e-14
3.72	5.791e-14
3.74	5.785e-14
3.76	5.77e-14
3.78	5.749e-14
3.8	5.731e-14
3.82	5.71e-14
3.84	5.711e-14
3.86	5.734e-14
3.88	5.738e-14
3.9	5.727e-14
3.92	5.704e-14
3.94	5.677e-14
3.96	5.649e-14
3.98	5.621e-14
4	5.593e-14
4.02	5.564e-14
4.04	5.539e-14
4.06	5.514e-14
4.08	5.486e-14
4.1	5.458e-14
4.12	5.43e-14
4.14	5.401e-14
4.16	5.374e-14
4.18	5.363e-14
4.2	5.407e-14
4.22	5.42e-14
4.24	5.384e-14
4.26	5.336e-14
4.28	5.283e-14
4.3	5.265e-14
4.32	5.247e-14
4.34	5.212e-14
4.36	5.182e-14
4.38	5.149e-14
4.4	5.1e-14
4.42	5.032e-14
4.44	4.952e-14
4.46	4.87e-14
4.48	4.8e-14
4.5	4.765e-14
4.52	4.762e-14
4.54	4.743e-14
4.56	4.721e-14
4.58	4.708e-14
4.6	4.704e-14
4.62	4.714e-14
4.64	4.737e-14
4.66	4.762e-14
4.68	4.785e-14
4.7	4.82e-14
4.72	4.839e-14
4.74	4.86e-14
4.76	4.869e-14
4.78	4.846e-14
4.8	4.831e-14
4.82	4.835e-14
4.84	4.816e-14
4.86	4.774e-14
4.88	4.774e-14
4.9	4.779e-14
4.92	4.761e-14
4.94	4.734e-14
4.96	4.713e-14
4.98	4.66e-14
5	4.64e-14
5.02	4.646e-14
5.04	4.653e-14
5.06	4.648e-14
5.08	4.64e-14
5.1	4.631e-14
5.12	4.621e-14
5.14	4.607e-14
5.16	4.588e-14
5.18	4.561e-14
5.2	4.525e-14
5.22	4.483e-14
5.24	4.445e-14
5.26	4.411e-14
5.28	4.379e-14
5.3	4.347e-14
5.32	4.313e-14
5.34	4.273e-14
5.36	4.225e-14
5.38	4.167e-14
5.4	4.099e-14
5.42	4.017e-14
5.44	3.92e-14
5.46	3.813e-14
5.48	3.717e-14
5.5	3.634e-14
5.52	3.564e-14
5.54	3.486e-14
5.56	3.405e-14
5.58	3.359e-14
5.6	3.343e-14
5.62	3.336e-14
5.64	3.336e-14
5.66	3.338e-14
5.68	3.342e-14
5.7	3.348e-14
5.72	3.355e-14
5.74	3.362e-14
5.76	3.364e-14
5.78	3.37e-14
5.8	3.375e-14
5.82	3.367e-14
5.84	3.344e-14
5.86	3.326e-14
5.88	3.314e-14
5.9	3.307e-14
5.92	3.306e-14
5.94	3.305e-14
5.96	3.299e-14
5.98	3.295e-14
6	3.291e-14
6.02	3.288e-14
6.04	3.284e-14
6.06	3.281e-14
6.08	3.278e-14
6.1	3.275e-14
6.12	3.271e-14
6.14	3.267e-14
6.16	3.263e-14
6.18	3.256e-14
6.2	3.249e-14
6.22	3.243e-14
6.24	3.237e-14
6.26	3.231e-14
6.28	3.225e-14
6.3	3.22e-14
6.32	3.214e-14
6.34	3.207e-14
6.36	3.201e-14
6.38	3.193e-14
6.4	3.184e-14
6.42	3.17e-14
6.44	3.138e-14
6.46	3.084e-14
6.48	3.022e-14
6.5	2.993e-14
6.52	2.978e-14
6.54	2.966e-14
6.56	2.956e-14
6.58	2.947e-14
6.6	2.937e-14
6.62	2.923e-14
6.64	2.887e-14
6.66	2.843e-14
6.68	2.82e-14
6.7	2.8e-14
6.72	2.78e-14
6.74	2.759e-14
6.76	2.736e-14
6.78	2.713e-14
6.8	2.691e-14
6.82	2.671e-14
6.84	2.655e-14
6.86	2.64e-14
6.88	2.625e-14
6.9	2.611e-14
6.92	2.596e-14
6.94	2.579e-14
6.96	2.558e-14
6.98	2.527e-14
7	2.483e-14
7.02	2.426e-14
7.04	2.365e-14
7.06	2.318e-14
7.08	2.274e-14
7.1	2.23e-14
7.12	2.182e-14
7.14	2.131e-14
7.16	2.079e-14
7.18	2.026e-14
7.2	1.973e-14
7.22	1.918e-14
7.24	1.865e-14
7.26	1.815e-14
7.28	1.768e-14
7.3	1.724e-14
7.32	1.686e-14
7.34	1.639e-14
7.36	1.595e-14
7.38	1.562e-14
7.4	1.529e-14
7.42	1.494e-14
7.44	1.458e-14
7.46	1.423e-14
7.48	1.39e-14
7.5	1.364e-14
7.52	1.339e-14
7.54	1.314e-14
7.56	1.289e-14
7.58	1.264e-14
7.6	1.239e-14
7.62	1.214e-14
7.64	1.19e-14
7.66	1.165e-14
7.68	1.14e-14
7.7	1.116e-14
7.72	1.092e-14
7.74	1.068e-14
7.76	1.044e-14
7.78	1.021e-14
7.8	9.973e-15
7.82	9.739e-15
7.84	9.506e-15
7.86	9.275e-15
7.88	9.045e-15
7.9	8.816e-15
7.92	8.59e-15
7.94	8.364e-15
7.96	8.158e-15
7.98	8.025e-15
8	7.902e-15
8.02	7.78e-15
8.04	7.659e-15
8.06	7.54e-15
8.08	7.422e-15
8.1	7.305e-15
8.12	7.188e-15
8.14	7.072e-15
8.16	6.955e-15
8.18	6.84e-15
8.2	6.724e-15
8.22	6.611e-15
8.24	6.497e-15
8.26	6.386e-15
8.28	6.275e-15
8.3	6.166e-15
8.32	6.057e-15
8.34	5.95e-15
8.36	5.844e-15
8.38	5.739e-15
8.4	5.635e-15
8.42	5.532e-15
8.44	5.427e-15
8.46	5.321e-15
8.48	5.211e-15
8.5	5.098e-15
8.52	4.984e-15
8.54	4.867e-15
8.56	4.75e-15
8.58	4.631e-15
8.6	4.51e-15
8.62	4.387e-15
8.64	4.265e-15
8.66	4.144e-15
8.68	4.025e-15
8.7	3.906e-15
8.72	3.79e-15
8.74	3.677e-15
8.76	3.566e-15
8.78	3.456e-15
8.8	3.348e-15
8.82	3.241e-15
8.84	3.135e-15
8.86	3.03e-15
8.88	2.928e-15
8.9	2.826e-15
8.92	2.725e-15
8.94	2.624e-15
8.96	2.525e-15
8.98	2.426e-15
9	2.329e-15
9.02	2.231e-15
9.04	2.135e-15
9.06	2.04e-15
9.08	1.944e-15
9.1	1.851e-15
9.12	1.757e-15
9.14	1.665e-15
9.16	1.573e-15
9.18	1.483e-15
9.2	1.393e-15
9.22	1.304e-15
9.24	1.215e-15
9.26	1.13e-15
9.28	1.047e-15
9.3	9.643e-16
9.32	8.846e-16
9.34	8.072e-16
9.36	7.312e-16
9.38	6.557e-16
9.4	5.807e-16
9.42	5.059e-16
9.44	4.324e-16
9.46	3.594e-16
9.48	2.863e-16
9.5	2.141e-16
9.52	1.428e-16
9.54	8.948e-17
9.56	8.294e-17
9.58	7.888e-17
9.6	7.522e-17
9.62	7.124e-17
9.64	6.73e-17
9.66	6.375e-17
9.68	5.99e-17
9.7	5.607e-17
9.72	5.264e-17
9.74	4.889e-17
9.76	4.518e-17
9.78	4.185e-17
9.8	3.822e-17
9.82	3.496e-17
9.84	3.14e-17
9.86	2.929e-17
9.88	2.846e-17
9.9	2.766e-17
9.92	2.721e-17
9.94	2.677e-17
9.96	2.6e-17
9.98	2.558e-17
10	2.482e-17
