Bulk Shotcrete problem: N. Abgrall et al., Nucl. Instr. and Meth. A 828 (2016) (doi:10.1016/j.nima.2016.04.070)
1 2 1
11 0
 1   4.00e-4 
 6   3.33e-5 
 8   3.00e-2 
 11  9.78e-4 
 12  4.86e-4 
 13  2.24e-3 
 14  9.93e-3 
 19  4.50e-4 
 20  2.38e-3 
 25  6.73e-5 
 26  4.54e-4 
100 10.0 0.0
7
 832120  5.201803E+00
 842120  2.728439E-10
 842160  2.073918E-04
 862200  7.942659E-02
 882240  4.469156E+02
 902280  8.610849E+04
 902320  6.346190E+14
23 4000
 80170  1.07e-5 
 80180  5.47e-5 
 110230 9.78e-4 
 120240 3.88e-4 
 120250 4.72e-5 
 120260 5.00e-5 
 130270 2.24e-3 
 140280 9.19e-3 
 140290 4.51e-4 
 140300 2.88e-4 
 190390 4.21e-4
 190400 5.15e-8
 190410 2.89e-5
 200420 1.47e-5
 200430 3.00e-6
 200440 4.52e-5
 200460 8.30e-8
 200480 3.72e-6
 250550 6.73e-5
 260540 2.75e-5 
 260560 4.16e-4
 260570 9.44e-6
 260580 1.23e-6 
