SOURCES 4A Calculation
<<<<<<<<<<<>>>>>>>>>>>



                       Absolute Neutron Source Spectra
                       ~~~~~~~~~~~~~~~~~~~~~~~~~~~~~~~

Title: Saple 1 - A1Bel3 Source ( Stewart , 1953)                                    

 Neutron Multigroup Structure (MeV)
 1.200E+01 1.175E+01 1.150E+01 1.125E+01 1.100E+01 1.075E+01 1.050E+01 1.025E+01
 1.000E+01 9.750E+00 9.500E+00 9.250E+00 9.000E+00 8.750E+00 8.500E+00 8.250E+00
 8.000E+00 7.750E+00 7.500E+00 7.250E+00 7.000E+00 6.750E+00 6.500E+00 6.250E+00
 6.000E+00 5.750E+00 5.500E+00 5.250E+00 5.000E+00 4.750E+00 4.500E+00 4.250E+00
 4.000E+00 3.750E+00 3.500E+00 3.250E+00 3.000E+00 2.750E+00 2.500E+00 2.250E+00
 2.000E+00 1.750E+00 1.500E+00 1.250E+00 1.000E+00 7.500E-01 5.000E-01 2.500E-01
 0.000E+00

--------------------------------------------------------------------------------


 (a,n) neutrons/sec-cc from  1.31440E+04 at/cc pu237  alphas on be  9  in target
 0.000E+00 0.000E+00 0.000E+00 1.620E-16 1.419E-15 5.134E-15 9.549E-15 1.463E-14
 2.187E-14 3.090E-14 3.862E-14 4.323E-14 4.547E-14 4.821E-14 5.220E-14 5.846E-14
 6.526E-14 7.010E-14 7.208E-14 7.234E-14 7.234E-14 6.828E-14 5.964E-14 5.756E-14
 7.704E-14 9.035E-14 1.015E-13 1.228E-13 1.423E-13 1.507E-13 1.575E-13 1.639E-13
 1.721E-13 1.823E-13 1.896E-13 1.794E-13 1.381E-13 9.376E-14 7.746E-14 6.962E-14
 5.757E-14 4.238E-14 6.094E-14 8.543E-14 1.083E-13 1.116E-13 9.562E-14 5.803E-14
                                   Total (all groups):  3.636E-12 neutrons/sec-cm**3   .
                               Average Neutron Energy:  4.416E+00 MeV.


 (a,n) neutrons/sec-cc from  7.08000E-17 at/cc pu238  alphas on be  9  in target
 0.000E+00 0.000E+00 0.000E+00 7.923E-36 4.849E-34 1.383E-33 2.409E-33 3.589E-33
 5.271E-33 7.370E-33 9.164E-33 1.024E-32 1.076E-32 1.139E-32 1.232E-32 1.377E-32
 1.535E-32 1.648E-32 1.694E-32 1.700E-32 1.701E-32 1.588E-32 1.375E-32 1.494E-32
 1.947E-32 2.256E-32 2.515E-32 3.011E-32 3.462E-32 3.658E-32 3.817E-32 3.964E-32
 4.155E-32 4.393E-32 4.573E-32 4.199E-32 3.202E-32 2.209E-32 1.838E-32 1.656E-32
 1.376E-32 1.023E-32 1.418E-32 2.239E-32 2.760E-32 2.812E-32 2.440E-32 1.438E-32
                                   Total (all groups):  8.791E-31 neutrons/sec-cm**3   .
                               Average Neutron Energy:  4.391E+00 MeV.


 (a,n) neutrons/sec-cc from  5.82000E+21 at/cc pu239  alphas on be  9  in target
 0.000E+00 0.000E+00 0.000E+00 0.000E+00 0.000E+00 1.022E+02 4.063E+02 7.594E+02
 1.263E+03 1.890E+03 2.427E+03 2.748E+03 2.904E+03 3.094E+03 3.371E+03 3.807E+03
 4.279E+03 4.616E+03 4.754E+03 4.772E+03 4.777E+03 4.680E+03 3.918E+03 2.606E+03
 3.291E+03 4.217E+03 4.992E+03 6.475E+03 7.825E+03 8.411E+03 8.888E+03 9.327E+03
 9.897E+03 1.061E+04 1.115E+04 1.178E+04 9.577E+03 6.326E+03 4.908E+03 4.356E+03
 3.518E+03 2.460E+03 3.389E+03 3.862E+03 4.689E+03 5.263E+03 4.149E+03 3.017E+03
                                   Total (all groups):  2.095E+05 neutrons/sec-cm**3   .
                               Average Neutron Energy:  4.527E+00 MeV.


 (a,n) neutrons/sec-cc from  3.74000E+20 at/cc pu240  alphas on be  9  in target
 0.000E+00 0.000E+00 0.000E+00 0.000E+00 0.000E+00 2.607E+01 9.817E+01 1.817E+02
 3.007E+02 4.492E+02 5.762E+02 6.520E+02 6.889E+02 7.340E+02 7.995E+02 9.025E+02
 1.014E+03 1.094E+03 1.127E+03 1.131E+03 1.132E+03 1.108E+03 9.268E+02 6.201E+02
 7.940E+02 1.013E+03 1.196E+03 1.547E+03 1.866E+03 2.005E+03 2.118E+03 2.222E+03
 2.357E+03 2.525E+03 2.652E+03 2.795E+03 2.265E+03 1.496E+03 1.164E+03 1.034E+03
 8.357E+02 5.855E+02 8.052E+02 9.186E+02 1.127E+03 1.260E+03 9.965E+02 7.234E+02
                                   Total (all groups):  4.986E+04 neutrons/sec-cm**3   .
                               Average Neutron Energy:  4.524E+00 MeV.


 (a,n) neutrons/sec-cc from  1.69000E-19 at/cc pu241  alphas on be  9  in target
 0.000E+00 0.000E+00 0.000E+00 0.000E+00 0.000E+00 7.861E-43 1.485E-40 5.576E-40
 1.145E-39 1.878E-39 2.504E-39 2.878E-39 3.060E-39 3.282E-39 3.605E-39 4.113E-39
 4.664E-39 5.056E-39 5.217E-39 5.238E-39 5.243E-39 5.236E-39 4.570E-39 2.985E-39
 2.212E-39 2.658E-39 3.564E-39 5.294E-39 6.870E-39 7.553E-39 8.110E-39 8.622E-39
 9.289E-39 1.012E-38 1.075E-38 1.195E-38 1.117E-38 7.382E-39 5.525E-39 4.492E-39
 3.506E-39 2.272E-39 3.356E-39 3.904E-39 3.954E-39 4.244E-39 3.048E-39 2.174E-39
                                   Total (all groups):  2.034E-37 neutrons/sec-cm**3   .
                               Average Neutron Energy:  4.600E+00 MeV.


 (a,n) neutrons/sec-cc from  1.22000E+18 at/cc pu242  alphas on be  9  in target
 0.000E+00 0.000E+00 0.000E+00 0.000E+00 0.000E+00 0.000E+00 1.668E-03 6.380E-03
 1.314E-02 2.157E-02 2.878E-02 3.309E-02 3.518E-02 3.774E-02 4.146E-02 4.731E-02
 5.366E-02 5.818E-02 6.003E-02 6.027E-02 6.033E-02 6.026E-02 5.262E-02 3.438E-02
 2.534E-02 3.035E-02 4.077E-02 6.068E-02 7.881E-02 8.669E-02 9.309E-02 9.899E-02
 1.066E-01 1.162E-01 1.234E-01 1.373E-01 1.286E-01 8.496E-02 6.358E-02 5.163E-02
 4.029E-02 2.608E-02 3.856E-02 4.486E-02 4.539E-02 4.865E-02 3.491E-02 2.488E-02
                                   Total (all groups):  2.337E+00 neutrons/sec-cm**3   .
                               Average Neutron Energy:  4.600E+00 MeV.



 Total (alpha,n) neutron spectrum this target
 0.000E+00 0.000E+00 0.000E+00 1.620E-16 1.419E-15 1.283E+02 5.044E+02 9.411E+02
 1.563E+03 2.340E+03 3.004E+03 3.400E+03 3.593E+03 3.829E+03 4.171E+03 4.709E+03
 5.294E+03 5.710E+03 5.880E+03 5.902E+03 5.909E+03 5.788E+03 4.845E+03 3.226E+03
 4.085E+03 5.229E+03 6.189E+03 8.022E+03 9.692E+03 1.042E+04 1.101E+04 1.155E+04
 1.225E+04 1.313E+04 1.380E+04 1.457E+04 1.184E+04 7.822E+03 6.072E+03 5.390E+03
 4.354E+03 3.046E+03 4.195E+03 4.781E+03 5.816E+03 6.523E+03 5.145E+03 3.740E+03
                                   Total (all groups):  2.594E+05 neutrons/sec-cm**3   .
                               Average Neutron Energy:  4.526E+00 MeV.
 

--------------------------------------------------------------------------------
 

--------------------------------------------------------------------------------



 Grand total (alpha,n) neutron spectrum, all targets, all sources
 0.000E+00 0.000E+00 0.000E+00 1.620E-16 1.419E-15 1.283E+02 5.044E+02 9.411E+02
 1.563E+03 2.340E+03 3.004E+03 3.400E+03 3.593E+03 3.829E+03 4.171E+03 4.709E+03
 5.294E+03 5.710E+03 5.880E+03 5.902E+03 5.909E+03 5.788E+03 4.845E+03 3.226E+03
 4.085E+03 5.229E+03 6.189E+03 8.022E+03 9.692E+03 1.042E+04 1.101E+04 1.155E+04
 1.225E+04 1.313E+04 1.380E+04 1.457E+04 1.184E+04 7.822E+03 6.072E+03 5.390E+03
 4.354E+03 3.046E+03 4.195E+03 4.781E+03 5.816E+03 6.523E+03 5.145E+03 3.740E+03
                                   Total (all groups):  2.594E+05 neutrons/sec-cm**3   .
                               Average Neutron Energy:  4.526E+00 MeV.
 

--------------------------------------------------------------------------------

--------------------------------------------------------------------------------
 


 S.F. neutrons/cc from  1.31440E+04 at/cc pu237 
 2.078E-21 2.526E-21 3.070E-21 3.729E-21 4.523E-21 5.484E-21 6.642E-21 8.039E-21
 9.721E-21 1.174E-20 1.417E-20 1.709E-20 2.059E-20 2.477E-20 2.977E-20 3.574E-20
 4.285E-20 5.131E-20 6.136E-20 7.328E-20 8.737E-20 1.040E-19 1.236E-19 1.467E-19
 1.737E-19 2.052E-19 2.420E-19 2.847E-19 3.342E-19 3.912E-19 4.565E-19 5.312E-19
 6.159E-19 7.115E-19 8.184E-19 9.370E-19 1.067E-18 1.208E-18 1.358E-18 1.514E-18
 1.672E-18 1.823E-18 1.958E-18 2.060E-18 2.103E-18 2.047E-18 1.810E-18 1.118E-18
                                   Total (all groups):  2.633E-17 neutrons/sec-cm**3   .
                               Average Neutron Energy:  2.185E+00 MeV.


 S.F. neutrons/cc from  7.08000E-17 at/cc pu238 
 2.492E-39 3.108E-39 3.869E-39 4.817E-39 5.987E-39 7.440E-39 9.236E-39 1.145E-38
 1.419E-38 1.756E-38 2.170E-38 2.680E-38 3.305E-38 4.072E-38 5.010E-38 6.155E-38
 7.553E-38 9.254E-38 1.132E-37 1.383E-37 1.686E-37 2.053E-37 2.494E-37 3.024E-37
 3.659E-37 4.417E-37 5.320E-37 6.391E-37 7.656E-37 9.145E-37 1.089E-36 1.292E-36
 1.527E-36 1.797E-36 2.105E-36 2.453E-36 2.841E-36 3.270E-36 3.734E-36 4.225E-36
 4.731E-36 5.227E-36 5.680E-36 6.037E-36 6.217E-36 6.089E-36 5.407E-36 3.344E-36
                                   Total (all groups):  7.238E-35 neutrons/sec-cm**3   .
                               Average Neutron Energy:  2.021E+00 MeV.


 S.F. neutrons/cc from  5.82000E+21 at/cc pu239 
 2.339E-06 2.889E-06 3.566E-06 4.398E-06 5.420E-06 6.674E-06 8.209E-06 1.009E-05
 1.239E-05 1.520E-05 1.862E-05 2.280E-05 2.788E-05 3.405E-05 4.154E-05 5.061E-05
 6.158E-05 7.482E-05 9.079E-05 1.100E-04 1.330E-04 1.606E-04 1.936E-04 2.329E-04
 2.797E-04 3.350E-04 4.005E-04 4.775E-04 5.679E-04 6.734E-04 7.961E-04 9.380E-04
 1.101E-03 1.287E-03 1.499E-03 1.736E-03 1.999E-03 2.287E-03 2.598E-03 2.926E-03
 3.260E-03 3.588E-03 3.884E-03 4.116E-03 4.229E-03 4.136E-03 3.672E-03 2.273E-03
                                   Total (all groups):  5.038E-02 neutrons/sec-cm**3   .
                               Average Neutron Energy:  2.073E+00 MeV.


 S.F. neutrons/cc from  3.74000E+20 at/cc pu240 
 3.142E-03 3.981E-03 5.026E-03 6.355E-03 8.019E-03 1.011E-02 1.274E-02 1.604E-02
 2.016E-02 2.531E-02 3.175E-02 3.979E-02 4.978E-02 6.222E-02 7.765E-02 9.678E-02
 1.204E-01 1.497E-01 1.857E-01 2.300E-01 2.843E-01 3.509E-01 4.321E-01 5.310E-01
 6.512E-01 7.966E-01 9.720E-01 1.183E+00 1.435E+00 1.736E+00 2.092E+00 2.512E+00
 3.005E+00 3.578E+00 4.239E+00 4.995E+00 5.850E+00 6.802E+00 7.845E+00 8.963E+00
 1.013E+01 1.128E+01 1.235E+01 1.322E+01 1.369E+01 1.347E+01 1.199E+01 7.422E+00
                                   Total (all groups):  1.530E+02 neutrons/sec-cm**3   .
                               Average Neutron Energy:  1.933E+00 MeV.


 S.F. neutrons/cc from  1.69000E-19 at/cc pu241 
 0.000E+00 0.000E+00 0.000E+00 0.000E+00 0.000E+00 0.000E+00 0.000E+00 0.000E+00
 0.000E+00 1.401E-45 1.401E-45 1.401E-45 1.401E-45 1.401E-45 2.803E-45 2.803E-45
 2.803E-45 4.204E-45 5.605E-45 5.605E-45 7.006E-45 8.408E-45 1.121E-44 1.401E-44
 1.682E-44 1.962E-44 2.382E-44 2.803E-44 3.503E-44 4.064E-44 4.905E-44 5.885E-44
 6.866E-44 8.128E-44 9.529E-44 1.121E-43 1.303E-43 1.499E-43 1.724E-43 1.948E-43
 2.186E-43 2.424E-43 2.634E-43 2.803E-43 2.901E-43 2.845E-43 2.536E-43 1.569E-43
                                   Total (all groups):  3.338E-42 neutrons/sec-cm**3   .
                               Average Neutron Energy:  2.000E+00 MeV.


 S.F. neutrons/cc from  1.22000E+18 at/cc pu242 
 2.131E-05 2.680E-05 3.368E-05 4.225E-05 5.299E-05 6.640E-05 8.314E-05 1.039E-04
 1.299E-04 1.621E-04 2.020E-04 2.516E-04 3.129E-04 3.886E-04 4.821E-04 5.973E-04
 7.389E-04 9.128E-04 1.126E-03 1.386E-03 1.704E-03 2.091E-03 2.561E-03 3.130E-03
 3.818E-03 4.645E-03 5.638E-03 6.826E-03 8.240E-03 9.917E-03 1.190E-02 1.422E-02
 1.693E-02 2.007E-02 2.368E-02 2.778E-02 3.241E-02 3.755E-02 4.316E-02 4.916E-02
 5.539E-02 6.156E-02 6.728E-02 7.189E-02 7.440E-02 7.320E-02 6.525E-02 4.047E-02
                                   Total (all groups):  8.420E-01 neutrons/sec-cm**3   .
                               Average Neutron Energy:  1.961E+00 MeV.

--------------------------------------------------------------------------------



 Total S.F. neutron spectrum
 3.165E-03 4.010E-03 5.064E-03 6.402E-03 8.077E-03 1.019E-02 1.283E-02 1.615E-02
 2.030E-02 2.549E-02 3.197E-02 4.006E-02 5.012E-02 6.264E-02 7.817E-02 9.743E-02
 1.212E-01 1.507E-01 1.869E-01 2.315E-01 2.862E-01 3.531E-01 4.349E-01 5.344E-01
 6.553E-01 8.015E-01 9.780E-01 1.190E+00 1.444E+00 1.746E+00 2.105E+00 2.528E+00
 3.023E+00 3.599E+00 4.264E+00 5.025E+00 5.884E+00 6.842E+00 7.891E+00 9.015E+00
 1.018E+01 1.135E+01 1.242E+01 1.329E+01 1.377E+01 1.354E+01 1.206E+01 7.465E+00
                                   Total (all groups):  1.538E+02 neutrons/sec-cm**3   .
                               Average Neutron Energy:  1.933E+00 MeV.
 

--------------------------------------------------------------------------------
 
 

--------------------------------------------------------------------------------




 Total Neutron Spectrum
 3.165E-03 4.010E-03 5.064E-03 6.402E-03 8.077E-03 1.283E+02 5.044E+02 9.411E+02
 1.563E+03 2.340E+03 3.004E+03 3.400E+03 3.593E+03 3.829E+03 4.171E+03 4.709E+03
 5.294E+03 5.710E+03 5.881E+03 5.903E+03 5.909E+03 5.789E+03 4.845E+03 3.226E+03
 4.086E+03 5.230E+03 6.190E+03 8.023E+03 9.693E+03 1.042E+04 1.101E+04 1.155E+04
 1.226E+04 1.314E+04 1.380E+04 1.458E+04 1.185E+04 7.829E+03 6.080E+03 5.399E+03
 4.364E+03 3.057E+03 4.207E+03 4.794E+03 5.830E+03 6.536E+03 5.157E+03 3.748E+03
                                   Total (all groups):  2.596E+05 neutrons/sec-cm**3   .
                               Average Neutron Energy:  4.524E+00 MeV.
