Bulk Shotcrete problem: N. Abgrall et al., Nucl. Instr. and Meth. A 828 (2016) (doi:10.1016/j.nima.2016.04.070)
1 2 1
11 0
 1   0.008369383
 6   0.000702273
 8   0.632664473
 11  0.020638254
 12  0.010237913
 13  0.04720579
 14  0.209482183
 19  0.009492483
 20  0.0501958
 25  0.001420213
 26  0.009591234
100 10.0 0.0
12
 832110 3.669634E+00 
 842110 1.472252E-02
 842150 5.077598E-05
 852150 2.859006E-06
 852190 1.326988E-04
 862190 1.133389E-01
 872230 5.213182E-01
 882230 2.820656E+04
 892270 1.964856E+07
 902270 4.568540E+04
 912310 2.951855E+10
 922350 6.346190E+14
24 4000
 60130  3.29e-7 
 80170  1.07e-5 
 80180  5.47e-5 
 110230 9.78e-4 
 120240 3.88e-4 
 120250 4.72e-5 
 120260 5.00e-5 
 130270 2.24e-3 
 140280 9.19e-3 
 140290 4.51e-4 
 140300 2.88e-4 
 190390 4.21e-4
 190400 5.15e-8
 190410 2.89e-5
 200420 1.47e-5
 200430 3.00e-6
 200440 4.52e-5
 200460 8.30e-8
 200480 3.72e-6
 250550 6.73e-5
 260540 2.75e-5 
 260560 4.16e-4
 260570 9.44e-6
 260580 1.23e-6 
