Bulk Shotcrete problem
1 2 1
11 0
 1   0.008369383
 6   0.000702273
 8   0.632664473
 11  0.020638254
 12  0.010237913
 13  0.04720579
 14  0.209482183
 19  0.009492483
 20  0.0501958
 25  0.001420213
 26  0.009591234
100 10.0 0.0
7
 832120  5.201803E+00
 842120  2.728439E-10
 842160  2.073918E-04
 862200  7.942659E-02
 882240  4.469156E+02
 902280  8.610849E+04
 902320  6.346190E+14
24 4000
 60130  8.989e-6
 80170  2.426e-4
 80180  1.294e-3
 110230 2.064e-2
 120240 8.084e-3
 120250 1.025e-3
 120260 1.129e-3
 130270 4.721e-2
 140280 1.933e-1
 140290 9.787e-3
 140300 6.438e-3
 190390 8.853e-3
 190400 1.111e-6
 190410 6.389e-4
 200420 3.248e-4
 200430 6.776e-5
 200440 1.047e-3
 200460 2.008e-6
 200480 9.387e-5
 250550 1.420e-3
 260540 5.606e-4
 260560 8.800e-3
 260570 2.032e-4
 260580 2.705e-5
